x;y;u
-1;-1;2.02788e-33
-1;-0.99;2.05633e-33
-1;-0.98;2.06854e-33
-1;-0.97;2.09942e-33
-1;-0.96;2.11053e-33
-1;-0.95;2.13773e-33
-1;-0.94;2.15952e-33
-1;-0.93;2.17944e-33
-1;-0.92;6.11224e-20
-1;-0.91;2.22688e-33
-1;-0.9;2.27631e-33
-1;-0.89;2.27631e-33
-1;-0.88;2.31281e-33
-1;-0.87;2.33749e-33
-1;-0.86;2.36437e-33
-1;-0.85;2.3945e-33
-1;-0.84;2.4163e-33
-1;-0.83;2.452e-33
-1;-0.82;2.51609e-33
-1;-0.81;2.51077e-33
-1;-0.8;2.53251e-33
-1;-0.79;2.57319e-33
-1;-0.78;2.64763e-33
-1;-0.77;2.71013e-33
-1;-0.76;2.71013e-33
-1;-0.75;2.70168e-33
-1;-0.74;2.72919e-33
-1;-0.73;2.78469e-33
-1;-0.72;2.80394e-33
-1;-0.71;2.84475e-33
-1;-0.7;2.87425e-33
-1;-0.69;2.91781e-33
-1;-0.68;2.95262e-33
-1;-0.67;3.14003e-33
-1;-0.66;3.14003e-33
-1;-0.65;3.06795e-33
-1;-0.64;3.11943e-33
-1;-0.63;3.15531e-33
-1;-0.62;3.2023e-33
-1;-0.61;3.35802e-33
-1;-0.6;3.27593e-33
-1;-0.59;3.44207e-33
-1;-0.58;3.51516e-33
-1;-0.57;3.51516e-33
-1;-0.56;3.46828e-33
-1;-0.55;3.6714e-33
-1;-0.54;3.6714e-33
-1;-0.53;3.60158e-33
-1;-0.52;3.66156e-33
-1;-0.51;3.70648e-33
-1;-0.5;3.90713e-33
-1;-0.49;3.90713e-33
-1;-0.48;3.85377e-33
-1;-0.47;3.90713e-33
-1;-0.46;3.96755e-33
-1;-0.45;4.14782e-33
-1;-0.44;4.14782e-33
-1;-0.43;4.1227e-33
-1;-0.42;4.17823e-33
-1;-0.41;4.30113e-33
-1;-0.4;4.39173e-33
-1;-0.39;4.33754e-33
-1;-0.38;4.39718e-33
-1;-0.37;4.45214e-33
-1;-0.36;4.53287e-33
-1;-0.35;4.59015e-33
-1;-0.34;4.59015e-33
-1;-0.33;4.67886e-33
-1;-0.32;4.70936e-33
-1;-0.31;4.77062e-33
-1;-0.3;4.83366e-33
-1;-0.29;4.87483e-33
-1;-0.28;4.92295e-33
-1;-0.27;4.95903e-33
-1;-0.26;5.03078e-33
-1;-0.25;5.06054e-33
-1;-0.24;5.10809e-33
-1;-0.23;5.16361e-33
-1;-0.22;5.21907e-33
-1;-0.21;5.26106e-33
-1;-0.2;5.30135e-33
-1;-0.19;5.34598e-33
-1;-0.18;5.37328e-33
-1;-0.17;5.40884e-33
-1;-0.16;5.44574e-33
-1;-0.15;5.48033e-33
-1;-0.14;5.51057e-33
-1;-0.13;3.07392e-19
-1;-0.12;5.58749e-33
-1;-0.11;5.60814e-33
-1;-0.1;5.62877e-33
-1;-0.09;5.64786e-33
-1;-0.08;5.6692e-33
-1;-0.07;5.68939e-33
-1;-0.06;5.70601e-33
-1;-0.05;5.71775e-33
-1;-0.04;1.58608e-19
-1;-0.03;3.17216e-19
-1;-0.02;5.7463e-33
-1;-0.01;5.75185e-33
-1;0;-8.81629e-18
-1;0.01;5.75586e-33
-1;0.02;-3.17173e-19
-1;0.03;5.74101e-33
-1;0.04;5.7362e-33
-1;0.05;5.72827e-33
-1;0.06;5.71247e-33
-1;0.07;5.69843e-33
-1;0.08;5.67514e-33
-1;0.09;5.6437e-33
-1;0.1;5.63218e-33
-1;0.11;5.6179e-33
-1;0.12;5.58805e-33
-1;0.13;5.54817e-33
-1;0.14;5.50781e-33
-1;0.15;5.49141e-33
-1;0.16;5.4538e-33
-1;0.17;5.40911e-33
-1;0.18;5.36365e-33
-1;0.19;5.32129e-33
-1;0.2;5.28985e-33
-1;0.21;5.25191e-33
-1;0.22;5.2098e-33
-1;0.23;5.16683e-33
-1;0.24;5.13113e-33
-1;0.25;5.07646e-33
-1;0.26;5.03269e-33
-1;0.27;4.95578e-33
-1;0.28;-2.70038e-19
-1;0.29;4.86473e-33
-1;0.3;4.82726e-33
-1;0.31;4.75449e-33
-1;0.32;4.70788e-33
-1;0.33;4.66066e-33
-1;0.34;4.61612e-33
-1;0.35;4.61612e-33
-1;0.36;4.49507e-33
-1;0.37;4.44062e-33
-1;0.38;4.38848e-33
-1;0.39;4.38331e-33
-1;0.4;4.28556e-33
-1;0.41;4.22609e-33
-1;0.42;4.22609e-33
-1;0.43;4.22609e-33
-1;0.44;4.14672e-33
-1;0.45;4.01647e-33
-1;0.46;3.96419e-33
-1;0.47;3.90734e-33
-1;0.48;3.85946e-33
-1;0.49;3.90734e-33
-1;0.5;3.90734e-33
-1;0.51;3.83071e-33
-1;0.52;3.75737e-33
-1;0.53;3.75737e-33
-1;0.54;3.67077e-33
-1;0.55;3.67077e-33
-1;0.56;3.46318e-33
-1;0.57;3.51918e-33
-1;0.58;3.51918e-33
-1;0.59;3.43187e-33
-1;0.6;3.43187e-33
-1;0.61;3.24243e-33
-1;0.62;3.20535e-33
-1;0.63;3.15065e-33
-1;0.64;3.11351e-33
-1;0.65;3.06517e-33
-1;0.66;3.03119e-33
-1;0.67;3.13286e-33
-1;0.68;2.95242e-33
-1;0.69;2.91996e-33
-1;0.7;2.87712e-33
-1;0.71;2.84772e-33
-1;0.72;2.80234e-33
-1;0.73;2.77391e-33
-1;0.74;2.73041e-33
-1;0.75;2.70412e-33
-1;0.76;2.66218e-33
-1;0.77;2.71305e-33
-1;0.78;2.59959e-33
-1;0.79;2.64699e-33
-1;0.8;2.53453e-33
-1;0.81;2.51205e-33
-1;0.82;2.47302e-33
-1;0.83;2.5174e-33
-1;0.84;2.41262e-33
-1;0.85;2.38802e-33
-1;0.86;2.35991e-33
-1;0.87;2.33483e-33
-1;0.88;2.3125e-33
-1;0.89;2.27949e-33
-1;0.9;2.26425e-33
-1;0.91;-6.28437e-20
-1;0.92;2.21491e-33
-1;0.93;2.18256e-33
-1;0.94;2.16355e-33
-1;0.95;2.13903e-33
-1;0.96;2.10843e-33
-1;0.97;2.09793e-33
-1;0.98;2.06876e-33
-1;0.99;2.05723e-33
-0.99;-1;1.99943e-33
-0.99;-0.99;2.02788e-33
-0.99;-0.98;2.05633e-33
-0.99;-0.97;2.06931e-33
-0.99;-0.96;2.10018e-33
-0.99;-0.95;2.11086e-33
-0.99;-0.94;2.13911e-33
-0.99;-0.93;2.15952e-33
-0.99;-0.92;2.18191e-33
-0.99;-0.91;-1.22245e-19
-0.99;-0.9;2.2302e-33
-0.99;-0.89;2.27631e-33
-0.99;-0.88;2.28061e-33
-0.99;-0.87;2.31713e-33
-0.99;-0.86;2.33749e-33
-0.99;-0.85;2.3692e-33
-0.99;-0.84;2.3945e-33
-0.99;-0.83;2.42209e-33
-0.99;-0.82;2.45302e-33
-0.99;-0.81;2.51609e-33
-0.99;-0.8;2.51609e-33
-0.99;-0.79;2.54081e-33
-0.99;-0.78;2.58142e-33
-0.99;-0.77;2.64763e-33
-0.99;-0.76;2.71013e-33
-0.99;-0.75;2.71013e-33
-0.99;-0.74;2.71013e-33
-0.99;-0.73;2.7418e-33
-0.99;-0.72;2.78469e-33
-0.99;-0.71;2.81549e-33
-0.99;-0.7;2.84779e-33
-0.99;-0.69;2.88804e-33
-0.99;-0.68;2.91974e-33
-0.99;-0.67;2.96812e-33
-0.99;-0.66;3.14003e-33
-0.99;-0.65;3.14003e-33
-0.99;-0.64;3.08631e-33
-0.99;-0.63;3.13778e-33
-0.99;-0.62;3.1729e-33
-0.99;-0.61;3.20969e-33
-0.99;-0.6;3.35802e-33
-0.99;-0.59;3.44207e-33
-0.99;-0.58;3.44207e-33
-0.99;-0.57;3.51516e-33
-0.99;-0.56;3.51516e-33
-0.99;-0.55;3.49074e-33
-0.99;-0.54;3.6714e-33
-0.99;-0.53;3.6714e-33
-0.99;-0.52;3.63005e-33
-0.99;-0.51;3.67931e-33
-0.99;-0.5;3.73263e-33
-0.99;-0.49;3.90713e-33
-0.99;-0.48;3.90713e-33
-0.99;-0.47;3.88576e-33
-0.99;-0.46;3.93911e-33
-0.99;-0.45;4.06407e-33
-0.99;-0.44;4.14782e-33
-0.99;-0.43;4.14782e-33
-0.99;-0.42;4.15124e-33
-0.99;-0.41;4.21583e-33
-0.99;-0.4;4.26451e-33
-0.99;-0.39;4.31142e-33
-0.99;-0.38;4.37862e-33
-0.99;-0.37;4.43157e-33
-0.99;-0.36;4.48112e-33
-0.99;-0.35;4.53287e-33
-0.99;-0.34;4.59015e-33
-0.99;-0.33;4.62487e-33
-0.99;-0.32;4.68819e-33
-0.99;-0.31;4.75479e-33
-0.99;-0.3;4.8061e-33
-0.99;-0.29;4.85791e-33
-0.99;-0.28;4.9125e-33
-0.99;-0.27;4.9502e-33
-0.99;-0.26;4.99948e-33
-0.99;-0.25;5.04917e-33
-0.99;-0.24;5.09453e-33
-0.99;-0.23;5.15178e-33
-0.99;-0.22;5.20663e-33
-0.99;-0.21;5.25307e-33
-0.99;-0.2;5.29208e-33
-0.99;-0.19;-7.3668e-20
-0.99;-0.18;5.36825e-33
-0.99;-0.17;5.4022e-33
-0.99;-0.16;5.44e-33
-0.99;-0.15;5.47593e-33
-0.99;-0.14;6.10904e-05
-0.99;-0.13;0.00066173
-0.99;-0.12;0.00122066
-0.99;-0.11;0.00174707
-0.99;-0.1;0.00223533
-0.99;-0.09;0.00266664
-0.99;-0.08;0.0030712
-0.99;-0.07;0.00342401
-0.99;-0.06;0.00373415
-0.99;-0.05;0.00399967
-0.99;-0.04;0.00422851
-0.99;-0.03;0.00438594
-0.99;-0.02;0.00450003
-0.99;-0.01;0.00457722
-0.99;0;0.00461934
-0.99;0.01;0.00458056
-0.99;0.02;0.00450074
-0.99;0.03;0.00437906
-0.99;0.04;0.00421515
-0.99;0.05;0.004007
-0.99;0.06;0.00373832
-0.99;0.07;0.00342888
-0.99;0.08;0.00307772
-0.99;0.09;0.00266615
-0.99;0.1;0.00223675
-0.99;0.11;0.00175067
-0.99;0.12;0.00122913
-0.99;0.13;0.000660423
-0.99;0.14;6.08208e-05
-0.99;0.15;3.78273e-20
-0.99;0.16;5.44694e-33
-0.99;0.17;5.40097e-33
-0.99;0.18;5.35585e-33
-0.99;0.19;5.3151e-33
-0.99;0.2;-1.45539e-19
-0.99;0.21;5.24275e-33
-0.99;0.22;5.20016e-33
-0.99;0.23;5.15923e-33
-0.99;0.24;5.12242e-33
-0.99;0.25;5.05974e-33
-0.99;0.26;4.99915e-33
-0.99;0.27;4.94516e-33
-0.99;0.28;-1.68774e-19
-0.99;0.29;4.84933e-33
-0.99;0.3;4.79544e-33
-0.99;0.31;4.74122e-33
-0.99;0.32;1.93797e-19
-0.99;0.33;4.64327e-33
-0.99;0.34;4.61612e-33
-0.99;0.35;4.535e-33
-0.99;0.36;4.47261e-33
-0.99;0.37;4.4211e-33
-0.99;0.38;4.38331e-33
-0.99;0.39;4.38331e-33
-0.99;0.4;4.26155e-33
-0.99;0.41;4.22609e-33
-0.99;0.42;4.22609e-33
-0.99;0.43;4.14672e-33
-0.99;0.44;4.05123e-33
-0.99;0.45;3.9883e-33
-0.99;0.46;3.93743e-33
-0.99;0.47;3.88816e-33
-0.99;0.48;3.83315e-33
-0.99;0.49;3.90734e-33
-0.99;0.5;3.83071e-33
-0.99;0.51;3.67987e-33
-0.99;0.52;3.75737e-33
-0.99;0.53;3.67077e-33
-0.99;0.54;3.67077e-33
-0.99;0.55;3.49e-33
-0.99;0.56;3.51918e-33
-0.99;0.57;3.51918e-33
-0.99;0.58;3.43187e-33
-0.99;0.59;3.43187e-33
-0.99;0.6;3.26151e-33
-0.99;0.61;3.21395e-33
-0.99;0.62;3.17112e-33
-0.99;0.63;3.13075e-33
-0.99;0.64;3.0824e-33
-0.99;0.65;3.0474e-33
-0.99;0.66;2.99952e-33
-0.99;0.67;2.96688e-33
-0.99;0.68;2.92176e-33
-0.99;0.69;2.89069e-33
-0.99;0.7;2.8511e-33
-0.99;0.71;2.81519e-33
-0.99;0.72;2.78094e-33
-0.99;0.73;2.74188e-33
-0.99;0.74;2.71305e-33
-0.99;0.75;2.67243e-33
-0.99;0.76;2.71305e-33
-0.99;0.77;2.60826e-33
-0.99;0.78;2.64699e-33
-0.99;0.79;2.54319e-33
-0.99;0.8;2.5174e-33
-0.99;0.81;2.48017e-33
-0.99;0.82;2.5174e-33
-0.99;0.83;2.41915e-33
-0.99;0.84;2.38802e-33
-0.99;0.85;2.36442e-33
-0.99;0.86;2.33483e-33
-0.99;0.87;2.31641e-33
-0.99;0.88;2.28338e-33
-0.99;0.89;2.26767e-33
-0.99;0.9;2.23196e-33
-0.99;0.91;2.21727e-33
-0.99;0.92;2.18491e-33
-0.99;0.93;2.16355e-33
-0.99;0.94;2.14059e-33
-0.99;0.95;2.10881e-33
-0.99;0.96;2.09866e-33
-0.99;0.97;2.06949e-33
-0.99;0.98;2.05723e-33
-0.99;0.99;2.02916e-33
-0.98;-1;5.38544e-20
-0.98;-0.99;1.99943e-33
-0.98;-0.98;2.02788e-33
-0.98;-0.97;2.05633e-33
-0.98;-0.96;2.07007e-33
-0.98;-0.95;2.10095e-33
-0.98;-0.94;2.11225e-33
-0.98;-0.93;2.1405e-33
-0.98;-0.92;2.15952e-33
-0.98;-0.91;2.18437e-33
-0.98;-0.9;2.21762e-33
-0.98;-0.89;2.23352e-33
-0.98;-0.88;2.27631e-33
-0.98;-0.87;2.28494e-33
-0.98;-0.86;2.32146e-33
-0.98;-0.85;2.33963e-33
-0.98;-0.84;2.37404e-33
-0.98;-0.83;2.3945e-33
-0.98;-0.82;2.42787e-33
-0.98;-0.81;2.45302e-33
-0.98;-0.8;2.51609e-33
-0.98;-0.79;2.51609e-33
-0.98;-0.78;2.54911e-33
-0.98;-0.77;2.64763e-33
-0.98;-0.76;2.64763e-33
-0.98;-0.75;2.71013e-33
-0.98;-0.74;2.71013e-33
-0.98;-0.73;2.71013e-33
-0.98;-0.72;2.7544e-33
-0.98;-0.71;2.78624e-33
-0.98;-0.7;2.82704e-33
-0.98;-0.69;2.91781e-33
-0.98;-0.68;2.90183e-33
-0.98;-0.67;2.93524e-33
-0.98;-0.66;2.98362e-33
-0.98;-0.65;3.14003e-33
-0.98;-0.64;3.14003e-33
-0.98;-0.63;3.10466e-33
-0.98;-0.62;3.14349e-33
-0.98;-0.61;3.19048e-33
-0.98;-0.6;3.35802e-33
-0.98;-0.59;3.35802e-33
-0.98;-0.58;3.44207e-33
-0.98;-0.57;3.35986e-33
-0.98;-0.56;3.51516e-33
-0.98;-0.55;3.46239e-33
-0.98;-0.54;3.51319e-33
-0.98;-0.53;3.6714e-33
-0.98;-0.52;3.59853e-33
-0.98;-0.51;3.65851e-33
-0.98;-0.5;3.70546e-33
-0.98;-0.49;3.82173e-33
-0.98;-0.48;3.90713e-33
-0.98;-0.47;3.90713e-33
-0.98;-0.46;3.91068e-33
-0.98;-0.45;3.97211e-33
-0.98;-0.44;4.06407e-33
-0.98;-0.43;4.14782e-33
-0.98;-0.42;4.14782e-33
-0.98;-0.41;4.18884e-33
-0.98;-0.4;4.24506e-33
-0.98;-0.39;4.29329e-33
-0.98;-0.38;4.3525e-33
-0.98;-0.37;4.411e-33
-0.98;-0.36;4.46548e-33
-0.98;-0.35;4.51341e-33
-0.98;-0.34;4.55708e-33
-0.98;-0.33;4.60263e-33
-0.98;-0.32;4.66963e-33
-0.98;-0.31;4.73361e-33
-0.98;-0.3;4.79059e-33
-0.98;-0.29;4.84099e-33
-0.98;-0.28;1.35361e-19
-0.98;-0.27;4.93976e-33
-0.98;-0.26;4.98494e-33
-0.98;-0.25;5.0378e-33
-0.98;-0.24;5.08328e-33
-0.98;-0.23;5.13823e-33
-0.98;-0.22;5.19419e-33
-0.98;-0.21;5.24508e-33
-0.98;-0.2;5.28306e-33
-0.98;-0.19;0.000743392
-0.98;-0.18;0.00153498
-0.98;-0.17;0.00230306
-0.98;-0.16;0.00305541
-0.98;-0.15;0.00376167
-0.98;-0.14;0.00442556
-0.98;-0.13;0.00506188
-0.98;-0.12;0.00565507
-0.98;-0.11;0.00618082
-0.98;-0.1;0.00666193
-0.98;-0.09;0.00709561
-0.98;-0.08;0.00750413
-0.98;-0.07;0.00786646
-0.98;-0.06;0.00818343
-0.98;-0.05;0.00845606
-0.98;-0.04;0.00867763
-0.98;-0.03;0.00883515
-0.98;-0.02;0.00896023
-0.98;-0.01;0.00904412
-0.98;0;0.00906984
-0.98;0.01;0.00902694
-0.98;0.02;0.00894568
-0.98;0.03;0.00882742
-0.98;0.04;0.00866633
-0.98;0.05;0.00846042
-0.98;0.06;0.00818613
-0.98;0.07;0.00787314
-0.98;0.08;0.00750398
-0.98;0.09;0.0070939
-0.98;0.1;0.00666501
-0.98;0.11;0.00619063
-0.98;0.12;0.00565171
-0.98;0.13;0.00505472
-0.98;0.14;0.00442028
-0.98;0.15;0.00377093
-0.98;0.16;0.00305914
-0.98;0.17;0.00232066
-0.98;0.18;0.00154304
-0.98;0.19;0.000734325
-0.98;0.2;5.27713e-33
-0.98;0.21;5.23359e-33
-0.98;0.22;-2.8493e-19
-0.98;0.23;5.15051e-33
-0.98;0.24;5.10988e-33
-0.98;0.25;-2.11706e-19
-0.98;0.26;-2.77487e-19
-0.98;0.27;4.9326e-33
-0.98;0.28;4.88694e-33
-0.98;0.29;4.83393e-33
-0.98;0.3;4.77754e-33
-0.98;0.31;4.72567e-33
-0.98;0.32;4.67828e-33
-0.98;0.33;4.62588e-33
-0.98;0.34;4.57021e-33
-0.98;0.35;4.51254e-33
-0.98;0.36;4.45326e-33
-0.98;0.37;4.40159e-33
-0.98;0.38;4.38331e-33
-0.98;0.39;4.29708e-33
-0.98;0.4;4.23755e-33
-0.98;0.41;4.22609e-33
-0.98;0.42;4.14672e-33
-0.98;0.43;4.14672e-33
-0.98;0.44;4.02305e-33
-0.98;0.45;3.96847e-33
-0.98;0.46;3.91068e-33
-0.98;0.47;3.86185e-33
-0.98;0.48;3.90734e-33
-0.98;0.49;3.76223e-33
-0.98;0.5;3.70999e-33
-0.98;0.51;3.75737e-33
-0.98;0.52;3.59939e-33
-0.98;0.53;3.67077e-33
-0.98;0.54;3.51682e-33
-0.98;0.55;3.51918e-33
-0.98;0.56;3.51918e-33
-0.98;0.57;3.43187e-33
-0.98;0.58;3.43187e-33
-0.98;0.59;3.2806e-33
-0.98;0.6;3.23185e-33
-0.98;0.61;3.19158e-33
-0.98;0.62;3.21395e-33
-0.98;0.63;3.09964e-33
-0.98;0.64;3.06062e-33
-0.98;0.65;3.01573e-33
-0.98;0.66;2.98133e-33
-0.98;0.67;2.93622e-33
-0.98;0.68;2.90425e-33
-0.98;0.69;2.85932e-33
-0.98;0.7;2.82803e-33
-0.98;0.71;2.78265e-33
-0.98;0.72;2.75336e-33
-0.98;0.73;2.71305e-33
-0.98;0.74;2.68267e-33
-0.98;0.75;2.71305e-33
-0.98;0.76;2.61692e-33
-0.98;0.77;2.64699e-33
-0.98;0.78;2.55185e-33
-0.98;0.79;2.5174e-33
-0.98;0.8;2.48733e-33
-0.98;0.81;2.45407e-33
-0.98;0.82;2.42568e-33
-0.98;0.83;2.38802e-33
-0.98;0.84;2.36893e-33
-0.98;0.85;2.33683e-33
-0.98;0.86;2.32032e-33
-0.98;0.87;2.28729e-33
-0.98;0.88;2.27109e-33
-0.98;0.89;1.25687e-19
-0.98;0.9;2.21899e-33
-0.98;0.91;2.18727e-33
-0.98;0.92;2.16355e-33
-0.98;0.93;2.14215e-33
-0.98;0.94;2.11036e-33
-0.98;0.95;2.09938e-33
-0.98;0.96;2.07021e-33
-0.98;0.97;2.05723e-33
-0.98;0.98;2.02916e-33
-0.98;0.99;2.0011e-33
-0.97;-1;1.9625e-33
-0.97;-0.99;-5.38544e-20
-0.97;-0.98;1.99943e-33
-0.97;-0.97;2.02788e-33
-0.97;-0.96;2.05633e-33
-0.97;-0.95;2.07084e-33
-0.97;-0.94;2.10172e-33
-0.97;-0.93;2.11363e-33
-0.97;-0.92;2.14189e-33
-0.97;-0.91;2.15952e-33
-0.97;-0.9;2.18684e-33
-0.97;-0.89;2.21762e-33
-0.97;-0.88;2.23684e-33
-0.97;-0.87;2.27631e-33
-0.97;-0.86;2.28926e-33
-0.97;-0.85;2.32578e-33
-0.97;-0.84;2.34446e-33
-0.97;-0.83;2.37887e-33
-0.97;-0.82;2.39796e-33
-0.97;-0.81;2.43366e-33
-0.97;-0.8;2.51609e-33
-0.97;-0.79;2.51609e-33
-0.97;-0.78;2.51673e-33
-0.97;-0.77;2.5574e-33
-0.97;-0.76;2.64763e-33
-0.97;-0.75;2.64763e-33
-0.97;-0.74;2.71013e-33
-0.97;-0.73;2.71013e-33
-0.97;-0.72;2.71922e-33
-0.97;-0.71;2.76701e-33
-0.97;-0.7;2.79778e-33
-0.97;-0.69;2.83859e-33
-0.97;-0.68;2.91781e-33
-0.97;-0.67;2.91562e-33
-0.97;-0.66;2.95074e-33
-0.97;-0.65;3.06312e-33
-0.97;-0.64;3.14003e-33
-0.97;-0.63;3.07154e-33
-0.97;-0.62;3.12301e-33
-0.97;-0.61;3.16107e-33
-0.97;-0.6;3.20806e-33
-0.97;-0.59;3.35802e-33
-0.97;-0.58;3.2813e-33
-0.97;-0.57;3.44207e-33
-0.97;-0.56;3.38453e-33
-0.97;-0.55;3.51516e-33
-0.97;-0.54;3.48485e-33
-0.97;-0.53;3.52759e-33
-0.97;-0.52;3.6714e-33
-0.97;-0.51;3.62699e-33
-0.97;-0.5;3.67829e-33
-0.97;-0.49;3.73161e-33
-0.97;-0.48;3.82173e-33
-0.97;-0.47;3.90713e-33
-0.97;-0.46;3.90713e-33
-0.97;-0.45;3.94367e-33
-0.97;-0.44;3.99842e-33
-0.97;-0.43;4.06407e-33
-0.97;-0.42;4.14782e-33
-0.97;-0.41;4.16185e-33
-0.97;-0.4;4.22643e-33
-0.97;-0.39;4.27385e-33
-0.97;-0.38;4.32639e-33
-0.97;-0.37;4.39173e-33
-0.97;-0.36;-2.42153e-19
-0.97;-0.35;4.49524e-33
-0.97;-0.34;4.54218e-33
-0.97;-0.33;4.58526e-33
-0.97;-0.32;4.64739e-33
-0.97;-0.31;4.71243e-33
-0.97;-0.3;4.77507e-33
-0.97;-0.29;4.82607e-33
-0.97;-0.28;-2.70723e-19
-0.97;-0.27;4.92932e-33
-0.97;-0.26;4.97039e-33
-0.97;-0.25;-2.77389e-19
-0.97;-0.24;0.000298974
-0.97;-0.23;0.00127561
-0.97;-0.22;0.00222993
-0.97;-0.21;0.00315484
-0.97;-0.2;0.00404648
-0.97;-0.19;0.00492254
-0.97;-0.18;0.00574435
-0.97;-0.17;0.00651436
-0.97;-0.16;0.0072593
-0.97;-0.15;0.00797162
-0.97;-0.14;0.00865315
-0.97;-0.13;0.00928021
-0.97;-0.12;0.00988072
-0.97;-0.11;0.0104411
-0.97;-0.1;0.010942
-0.97;-0.09;0.0113757
-0.97;-0.08;0.0117813
-0.97;-0.07;0.0121478
-0.97;-0.06;0.0124736
-0.97;-0.05;0.0127518
-0.97;-0.04;0.0129658
-0.97;-0.03;0.0131421
-0.97;-0.02;0.013263
-0.97;-0.01;0.0133395
-0.97;0;0.0133644
-0.97;0.01;0.0133299
-0.97;0.02;0.0132489
-0.97;0.03;0.0131326
-0.97;0.04;0.0129657
-0.97;0.05;0.0127533
-0.97;0.06;0.0124735
-0.97;0.07;0.0121477
-0.97;0.08;0.0117898
-0.97;0.09;0.0113904
-0.97;0.1;0.0109465
-0.97;0.11;0.0104451
-0.97;0.12;0.00988383
-0.97;0.13;0.00926719
-0.97;0.14;0.00862842
-0.97;0.15;0.00797202
-0.97;0.16;0.00726821
-0.97;0.17;0.00651003
-0.97;0.18;0.0057265
-0.97;0.19;0.00490262
-0.97;0.2;0.00404038
-0.97;0.21;0.00314726
-0.97;0.22;0.00221356
-0.97;0.23;0.00126468
-0.97;0.24;0.000300741
-0.97;0.25;5.02715e-33
-0.97;0.26;-1.38743e-19
-0.97;0.27;4.92003e-33
-0.97;0.28;4.87154e-33
-0.97;0.29;4.8185e-33
-0.97;0.3;4.75963e-33
-0.97;0.31;4.71013e-33
-0.97;0.32;4.66089e-33
-0.97;0.33;4.60933e-33
-0.97;0.34;4.54953e-33
-0.97;0.35;4.49008e-33
-0.97;0.36;4.43421e-33
-0.97;0.37;4.38331e-33
-0.97;0.38;4.3281e-33
-0.97;0.39;4.27308e-33
-0.97;0.4;4.22609e-33
-0.97;0.41;4.15938e-33
-0.97;0.42;4.14672e-33
-0.97;0.43;4.05781e-33
-0.97;0.44;3.99488e-33
-0.97;0.45;3.94172e-33
-0.97;0.46;3.89055e-33
-0.97;0.47;3.83554e-33
-0.97;0.48;3.78872e-33
-0.97;0.49;3.7401e-33
-0.97;0.5;3.6787e-33
-0.97;0.51;3.62727e-33
-0.97;0.52;3.67077e-33
-0.97;0.53;3.5311e-33
-0.97;0.54;3.51918e-33
-0.97;0.55;3.51918e-33
-0.97;0.56;3.43187e-33
-0.97;0.57;3.43187e-33
-0.97;0.58;3.35813e-33
-0.97;0.59;3.25094e-33
-0.97;0.6;3.21205e-33
-0.97;0.61;3.21395e-33
-0.97;0.62;3.11688e-33
-0.97;0.63;3.06853e-33
-0.97;0.64;3.03195e-33
-0.97;0.65;2.9885e-33
-0.97;0.66;2.95067e-33
-0.97;0.67;2.91781e-33
-0.97;0.68;2.87288e-33
-0.97;0.69;2.84087e-33
-0.97;0.7;2.79549e-33
-0.97;0.71;2.76483e-33
-0.97;0.72;2.72133e-33
-0.97;0.73;2.69291e-33
-0.97;0.74;2.65097e-33
-0.97;0.75;2.62558e-33
-0.97;0.76;2.58696e-33
-0.97;0.77;2.5605e-33
-0.97;0.78;2.51806e-33
-0.97;0.79;2.49448e-33
-0.97;0.8;2.45545e-33
-0.97;0.81;2.43221e-33
-0.97;0.82;2.39193e-33
-0.97;0.83;2.37343e-33
-0.97;0.84;2.34134e-33
-0.97;0.85;2.32423e-33
-0.97;0.86;2.2912e-33
-0.97;0.87;2.27451e-33
-0.97;0.88;2.23881e-33
-0.97;0.89;2.21899e-33
-0.97;0.9;2.18962e-33
-0.97;0.91;2.16355e-33
-0.97;0.92;2.14371e-33
-0.97;0.93;2.11192e-33
-0.97;0.94;2.10011e-33
-0.97;0.95;2.07093e-33
-0.97;0.96;2.05723e-33
-0.97;0.97;2.02916e-33
-0.97;0.98;2.0011e-33
-0.97;0.99;1.98927e-33
-0.96;-1;1.95297e-33
-0.96;-0.99;1.96184e-33
-0.96;-0.98;-1.07709e-19
-0.96;-0.97;1.99943e-33
-0.96;-0.96;2.02788e-33
-0.96;-0.95;2.05633e-33
-0.96;-0.94;2.07161e-33
-0.96;-0.93;2.10248e-33
-0.96;-0.92;2.11502e-33
-0.96;-0.91;2.14327e-33
-0.96;-0.9;2.15952e-33
-0.96;-0.89;2.1893e-33
-0.96;-0.88;2.21762e-33
-0.96;-0.87;2.24016e-33
-0.96;-0.86;2.27631e-33
-0.96;-0.85;2.29358e-33
-0.96;-0.84;2.3301e-33
-0.96;-0.83;2.3493e-33
-0.96;-0.82;2.3837e-33
-0.96;-0.81;2.40375e-33
-0.96;-0.8;2.43945e-33
-0.96;-0.79;2.51609e-33
-0.96;-0.78;2.51609e-33
-0.96;-0.77;2.52502e-33
-0.96;-0.76;2.5657e-33
-0.96;-0.75;2.64763e-33
-0.96;-0.74;2.64763e-33
-0.96;-0.73;2.71013e-33
-0.96;-0.72;2.71013e-33
-0.96;-0.71;2.73183e-33
-0.96;-0.7;2.78469e-33
-0.96;-0.69;2.80933e-33
-0.96;-0.68;2.84779e-33
-0.96;-0.67;2.91781e-33
-0.96;-0.66;2.91787e-33
-0.96;-0.65;2.96624e-33
-0.96;-0.64;3.00304e-33
-0.96;-0.63;3.14003e-33
-0.96;-0.62;3.08989e-33
-0.96;-0.61;3.14003e-33
-0.96;-0.6;3.17865e-33
-0.96;-0.59;3.21646e-33
-0.96;-0.58;3.35802e-33
-0.96;-0.57;3.30428e-33
-0.96;-0.56;3.44207e-33
-0.96;-0.55;3.4092e-33
-0.96;-0.54;3.4565e-33
-0.96;-0.53;3.5073e-33
-0.96;-0.52;3.5504e-33
-0.96;-0.51;3.59548e-33
-0.96;-0.5;3.65546e-33
-0.96;-0.49;3.70444e-33
-0.96;-0.48;3.75225e-33
-0.96;-0.47;3.82173e-33
-0.96;-0.46;3.90713e-33
-0.96;-0.45;3.91523e-33
-0.96;-0.44;3.97667e-33
-0.96;-0.43;4.02725e-33
-0.96;-0.42;4.07799e-33
-0.96;-0.41;4.14782e-33
-0.96;-0.4;4.19944e-33
-0.96;-0.39;4.2544e-33
-0.96;-0.38;4.30113e-33
-0.96;-0.37;4.36747e-33
-0.96;-0.36;4.42482e-33
-0.96;-0.35;4.47708e-33
-0.96;-0.34;4.52754e-33
-0.96;-0.33;4.57036e-33
-0.96;-0.32;4.62516e-33
-0.96;-0.31;4.69125e-33
-0.96;-0.3;4.75785e-33
-0.96;-0.29;4.81055e-33
-0.96;-0.28;4.86539e-33
-0.96;-0.27;0.00107803
-0.96;-0.26;0.00214635
-0.96;-0.25;0.00320906
-0.96;-0.24;0.00423296
-0.96;-0.23;0.0052384
-0.96;-0.22;0.00620782
-0.96;-0.21;0.00713983
-0.96;-0.2;0.00803114
-0.96;-0.19;0.00891804
-0.96;-0.18;0.00976695
-0.96;-0.17;0.0105962
-0.96;-0.16;0.0113208
-0.96;-0.15;0.0120336
-0.96;-0.14;0.012728
-0.96;-0.13;0.0133636
-0.96;-0.12;0.0139647
-0.96;-0.11;0.0145174
-0.96;-0.1;0.015025
-0.96;-0.09;0.0154907
-0.96;-0.08;0.0159121
-0.96;-0.07;0.0162819
-0.96;-0.06;0.0166066
-0.96;-0.05;0.0168756
-0.96;-0.04;0.0170907
-0.96;-0.03;0.0172722
-0.96;-0.02;0.0174078
-0.96;-0.01;0.0174695
-0.96;0;0.0175033
-0.96;0.01;0.0174788
-0.96;0.02;0.0173993
-0.96;0.03;0.0172733
-0.96;0.04;0.0170986
-0.96;0.05;0.0168825
-0.96;0.06;0.0166047
-0.96;0.07;0.0162887
-0.96;0.08;0.0159224
-0.96;0.09;0.0155006
-0.96;0.1;0.0150327
-0.96;0.11;0.0145198
-0.96;0.12;0.0139572
-0.96;0.13;0.0133509
-0.96;0.14;0.0127205
-0.96;0.15;0.0120384
-0.96;0.16;0.0113309
-0.96;0.17;0.0105904
-0.96;0.18;0.00976719
-0.96;0.19;0.00892329
-0.96;0.2;0.00805241
-0.96;0.21;0.00713886
-0.96;0.22;0.00621081
-0.96;0.23;0.00526129
-0.96;0.24;0.00424877
-0.96;0.25;0.00321019
-0.96;0.26;0.00214442
-0.96;0.27;0.00107531
-0.96;0.28;4.85614e-33
-0.96;0.29;4.80059e-33
-0.96;0.3;4.74347e-33
-0.96;0.31;-1.29198e-19
-0.96;0.32;4.6435e-33
-0.96;0.33;4.58865e-33
-0.96;0.34;4.53001e-33
-0.96;0.35;4.46761e-33
-0.96;0.36;-2.41739e-19
-0.96;0.37;4.36281e-33
-0.96;0.38;4.30675e-33
-0.96;0.39;4.24907e-33
-0.96;0.4;4.1933e-33
-0.96;0.41;4.14672e-33
-0.96;0.42;4.0861e-33
-0.96;0.43;4.02963e-33
-0.96;0.44;3.97276e-33
-0.96;0.45;3.91496e-33
-0.96;0.46;3.86424e-33
-0.96;0.47;3.81521e-33
-0.96;0.48;-5.17939e-20
-0.96;0.49;3.70882e-33
-0.96;0.5;3.65515e-33
-0.96;0.51;3.5964e-33
-0.96;0.52;3.55297e-33
-0.96;0.53;3.51918e-33
-0.96;0.54;3.51918e-33
-0.96;0.55;3.43187e-33
-0.96;0.56;3.43187e-33
-0.96;0.57;3.35813e-33
-0.96;0.58;3.27002e-33
-0.96;0.59;3.22127e-33
-0.96;0.6;3.21395e-33
-0.96;0.61;3.13286e-33
-0.96;0.62;3.08577e-33
-0.96;0.63;3.04816e-33
-0.96;0.64;3.00028e-33
-0.96;0.65;2.96513e-33
-0.96;0.66;2.92001e-33
-0.96;0.67;2.88645e-33
-0.96;0.68;2.8511e-33
-0.96;0.69;2.80834e-33
-0.96;0.7;2.77631e-33
-0.96;0.71;2.73281e-33
-0.96;0.72;2.70316e-33
-0.96;0.73;2.66122e-33
-0.96;0.74;2.63425e-33
-0.96;0.75;2.59562e-33
-0.96;0.76;2.56916e-33
-0.96;0.77;2.52672e-33
-0.96;0.78;2.50163e-33
-0.96;0.79;2.4626e-33
-0.96;0.8;2.43875e-33
-0.96;0.81;2.39846e-33
-0.96;0.82;2.37794e-33
-0.96;0.83;2.34584e-33
-0.96;0.84;2.32815e-33
-0.96;0.85;2.29511e-33
-0.96;0.86;2.27793e-33
-0.96;0.87;1.25687e-19
-0.96;0.88;2.21899e-33
-0.96;0.89;2.19197e-33
-0.96;0.9;2.16355e-33
-0.96;0.91;2.14527e-33
-0.96;0.92;2.11348e-33
-0.96;0.93;2.10083e-33
-0.96;0.94;2.07166e-33
-0.96;0.95;2.05723e-33
-0.96;0.96;2.02916e-33
-0.96;0.97;2.0011e-33
-0.96;0.98;1.98857e-33
-0.96;0.99;1.9611e-33
-0.95;-1;1.9271e-33
-0.95;-0.99;1.95266e-33
-0.95;-0.98;1.96118e-33
-0.95;-0.97;1.987e-33
-0.95;-0.96;1.99943e-33
-0.95;-0.95;2.02788e-33
-0.95;-0.94;2.05633e-33
-0.95;-0.93;2.07237e-33
-0.95;-0.92;2.10325e-33
-0.95;-0.91;2.1164e-33
-0.95;-0.9;2.14466e-33
-0.95;-0.89;2.15952e-33
-0.95;-0.88;1.22245e-19
-0.95;-0.87;2.21762e-33
-0.95;-0.86;2.24348e-33
-0.95;-0.85;2.27631e-33
-0.95;-0.84;2.29791e-33
-0.95;-0.83;2.33442e-33
-0.95;-0.82;2.35413e-33
-0.95;-0.81;2.38853e-33
-0.95;-0.8;2.40953e-33
-0.95;-0.79;2.44523e-33
-0.95;-0.78;2.51609e-33
-0.95;-0.77;2.51609e-33
-0.95;-0.76;2.53332e-33
-0.95;-0.75;2.574e-33
-0.95;-0.74;2.64763e-33
-0.95;-0.73;2.64763e-33
-0.95;-0.72;2.71013e-33
-0.95;-0.71;2.71013e-33
-0.95;-0.7;2.74444e-33
-0.95;-0.69;2.78469e-33
-0.95;-0.68;2.82088e-33
-0.95;-0.67;2.91781e-33
-0.95;-0.66;2.91781e-33
-0.95;-0.65;2.93337e-33
-0.95;-0.64;2.98175e-33
-0.95;-0.63;3.01918e-33
-0.95;-0.62;3.14003e-33
-0.95;-0.61;3.10824e-33
-0.95;-0.6;3.14924e-33
-0.95;-0.59;3.19623e-33
-0.95;-0.58;3.23409e-33
-0.95;-0.57;3.35802e-33
-0.95;-0.56;3.32726e-33
-0.95;-0.55;3.37588e-33
-0.95;-0.54;3.43387e-33
-0.95;-0.53;3.47896e-33
-0.95;-0.52;3.52345e-33
-0.95;-0.51;3.5732e-33
-0.95;-0.5;3.62394e-33
-0.95;-0.49;3.67727e-33
-0.95;-0.48;3.7306e-33
-0.95;-0.47;3.77938e-33
-0.95;-0.46;3.82978e-33
-0.95;-0.45;3.90713e-33
-0.95;-0.44;3.94823e-33
-0.95;-0.43;4.00388e-33
-0.95;-0.42;4.05608e-33
-0.95;-0.41;4.11268e-33
-0.95;-0.4;4.17245e-33
-0.95;-0.39;4.23578e-33
-0.95;-0.38;4.28318e-33
-0.95;-0.37;4.34135e-33
-0.95;-0.36;4.40424e-33
-0.95;-0.35;-1.81615e-19
-0.95;-0.34;4.50937e-33
-0.95;-0.33;4.55546e-33
-0.95;-0.32;4.60292e-33
-0.95;-0.31;0.000259666
-0.95;-0.3;0.00142713
-0.95;-0.29;0.00258716
-0.95;-0.28;0.00372401
-0.95;-0.27;0.00486227
-0.95;-0.26;0.00592578
-0.95;-0.25;0.00699155
-0.95;-0.24;0.00803397
-0.95;-0.23;0.00905105
-0.95;-0.22;0.0100543
-0.95;-0.21;0.0109809
-0.95;-0.2;0.0118813
-0.95;-0.19;0.0127772
-0.95;-0.18;0.0136278
-0.95;-0.17;0.0144527
-0.95;-0.16;0.0152292
-0.95;-0.15;0.0159523
-0.95;-0.14;0.0166395
-0.95;-0.13;0.0172958
-0.95;-0.12;0.017891
-0.95;-0.11;0.0184469
-0.95;-0.1;0.018966
-0.95;-0.09;0.0194385
-0.95;-0.08;0.019867
-0.95;-0.07;0.0202478
-0.95;-0.06;0.0205659
-0.95;-0.05;0.0208435
-0.95;-0.04;0.0210705
-0.95;-0.03;0.0212413
-0.95;-0.02;0.0213773
-0.95;-0.01;0.0214664
-0.95;0;0.0214826
-0.95;0.01;0.0214441
-0.95;0.02;0.0213675
-0.95;0.03;0.0212444
-0.95;0.04;0.0210736
-0.95;0.05;0.0208557
-0.95;0.06;0.0205835
-0.95;0.07;0.0202387
-0.95;0.08;0.0198516
-0.95;0.09;0.0194228
-0.95;0.1;0.0189532
-0.95;0.11;0.0184392
-0.95;0.12;0.0178794
-0.95;0.13;0.0172747
-0.95;0.14;0.0166323
-0.95;0.15;0.0159547
-0.95;0.16;0.015234
-0.95;0.17;0.014458
-0.95;0.18;0.013637
-0.95;0.19;0.0127855
-0.95;0.2;0.0118856
-0.95;0.21;0.0109751
-0.95;0.22;0.0100466
-0.95;0.23;0.00904761
-0.95;0.24;0.00801219
-0.95;0.25;0.00696753
-0.95;0.26;0.00590532
-0.95;0.27;0.00484843
-0.95;0.28;0.00370451
-0.95;0.29;0.00254982
-0.95;0.3;0.00140319
-0.95;0.31;0.000256222
-0.95;0.32;4.62611e-33
-0.95;0.33;4.56796e-33
-0.95;0.34;4.50754e-33
-0.95;0.35;4.44732e-33
-0.95;0.36;-1.2087e-19
-0.95;0.37;4.34074e-33
-0.95;0.38;4.2846e-33
-0.95;0.39;4.22609e-33
-0.95;0.4;4.16895e-33
-0.95;0.41;4.11622e-33
-0.95;0.42;4.06438e-33
-0.95;0.43;4.00145e-33
-0.95;0.44;-2.15515e-19
-0.95;0.45;3.89295e-33
-0.95;0.46;3.83793e-33
-0.95;0.47;-2.07176e-19
-0.95;0.48;3.73893e-33
-0.95;0.49;3.67753e-33
-0.95;0.5;3.62428e-33
-0.95;0.51;3.57484e-33
-0.95;0.52;3.52713e-33
-0.95;0.53;3.51918e-33
-0.95;0.54;3.43187e-33
-0.95;0.55;3.43187e-33
-0.95;0.56;3.35813e-33
-0.95;0.57;3.35813e-33
-0.95;0.58;3.24036e-33
-0.95;0.59;3.21395e-33
-0.95;0.6;3.21395e-33
-0.95;0.61;3.103e-33
-0.95;0.62;3.06062e-33
-0.95;0.63;3.01649e-33
-0.95;0.64;2.97958e-33
-0.95;0.65;2.93447e-33
-0.95;0.66;2.90001e-33
-0.95;0.67;2.85508e-33
-0.95;0.68;2.82118e-33
-0.95;0.69;2.78094e-33
-0.95;0.7;2.74429e-33
-0.95;0.71;2.71305e-33
-0.95;0.72;2.67146e-33
-0.95;0.73;2.64291e-33
-0.95;0.74;2.60429e-33
-0.95;0.75;2.57782e-33
-0.95;0.76;2.53538e-33
-0.95;0.77;2.50879e-33
-0.95;0.78;2.46975e-33
-0.95;0.79;2.44528e-33
-0.95;0.8;-1.35294e-19
-0.95;0.81;2.38245e-33
-0.95;0.82;2.35035e-33
-0.95;0.83;2.33206e-33
-0.95;0.84;2.29902e-33
-0.95;0.85;2.27949e-33
-0.95;0.86;2.24565e-33
-0.95;0.87;2.21899e-33
-0.95;0.88;2.19432e-33
-0.95;0.89;2.16355e-33
-0.95;0.9;2.14683e-33
-0.95;0.91;2.11504e-33
-0.95;0.92;2.10156e-33
-0.95;0.93;2.07238e-33
-0.95;0.94;2.05723e-33
-0.95;0.95;2.02916e-33
-0.95;0.96;2.0011e-33
-0.95;0.97;1.98787e-33
-0.95;0.98;1.9604e-33
-0.95;0.99;1.95134e-33
-0.94;-1;1.90636e-33
-0.94;-0.99;1.92578e-33
-0.94;-0.98;1.95134e-33
-0.94;-0.97;1.96053e-33
-0.94;-0.96;-1.07709e-19
-0.94;-0.95;1.99943e-33
-0.94;-0.94;2.02788e-33
-0.94;-0.93;2.05633e-33
-0.94;-0.92;2.07314e-33
-0.94;-0.91;2.10402e-33
-0.94;-0.9;2.11779e-33
-0.94;-0.89;2.14604e-33
-0.94;-0.88;2.16033e-33
-0.94;-0.87;2.19423e-33
-0.94;-0.86;2.21762e-33
-0.94;-0.85;2.24679e-33
-0.94;-0.84;2.27631e-33
-0.94;-0.83;2.30223e-33
-0.94;-0.82;2.33749e-33
-0.94;-0.81;2.35896e-33
-0.94;-0.8;2.39337e-33
-0.94;-0.79;2.41532e-33
-0.94;-0.78;2.45102e-33
-0.94;-0.77;2.51609e-33
-0.94;-0.76;2.51609e-33
-0.94;-0.75;2.54162e-33
-0.94;-0.74;2.58142e-33
-0.94;-0.73;2.64763e-33
-0.94;-0.72;2.64763e-33
-0.94;-0.71;2.71013e-33
-0.94;-0.7;2.71013e-33
-0.94;-0.69;2.75704e-33
-0.94;-0.68;2.79162e-33
-0.94;-0.67;2.83243e-33
-0.94;-0.66;2.91781e-33
-0.94;-0.65;2.91781e-33
-0.94;-0.64;2.94887e-33
-0.94;-0.63;2.99131e-33
-0.94;-0.62;3.03532e-33
-0.94;-0.61;3.07512e-33
-0.94;-0.6;3.12659e-33
-0.94;-0.59;3.16682e-33
-0.94;-0.58;3.20969e-33
-0.94;-0.57;3.25172e-33
-0.94;-0.56;3.294e-33
-0.94;-0.55;3.35023e-33
-0.94;-0.54;3.40055e-33
-0.94;-0.53;3.45062e-33
-0.94;-0.52;3.50141e-33
-0.94;-0.51;3.54626e-33
-0.94;-0.5;3.59242e-33
-0.94;-0.49;3.6524e-33
-0.94;-0.48;3.70343e-33
-0.94;-0.47;3.75291e-33
-0.94;-0.46;3.80651e-33
-0.94;-0.45;3.86177e-33
-0.94;-0.44;3.91979e-33
-0.94;-0.43;3.98122e-33
-0.94;-0.42;4.03271e-33
-0.94;-0.41;4.08622e-33
-0.94;-0.4;4.14738e-33
-0.94;-0.39;4.21005e-33
-0.94;-0.38;4.26374e-33
-0.94;-0.37;4.31523e-33
-0.94;-0.36;4.38243e-33
-0.94;-0.35;4.43864e-33
-0.94;-0.34;0.000136394
-0.94;-0.33;0.00136061
-0.94;-0.32;0.00257263
-0.94;-0.31;0.00380119
-0.94;-0.3;0.00499577
-0.94;-0.29;0.00617453
-0.94;-0.28;0.00731656
-0.94;-0.27;0.00846083
-0.94;-0.26;0.00956956
-0.94;-0.25;0.0106462
-0.94;-0.24;0.0116975
-0.94;-0.23;0.0127335
-0.94;-0.22;0.0137197
-0.94;-0.21;0.0146899
-0.94;-0.2;0.0156068
-0.94;-0.19;0.0164914
-0.94;-0.18;0.0173592
-0.94;-0.17;0.0181662
-0.94;-0.16;0.0189594
-0.94;-0.15;0.0197079
-0.94;-0.14;0.0204107
-0.94;-0.13;0.0210418
-0.94;-0.12;0.0216558
-0.94;-0.11;0.0222112
-0.94;-0.1;0.0227245
-0.94;-0.09;0.0232072
-0.94;-0.08;0.0236426
-0.94;-0.07;0.0240342
-0.94;-0.06;0.0243613
-0.94;-0.05;0.0246287
-0.94;-0.04;0.0248514
-0.94;-0.03;0.0250289
-0.94;-0.02;0.0251678
-0.94;-0.01;0.0252496
-0.94;0;0.0252806
-0.94;0.01;0.0252522
-0.94;0.02;0.0251586
-0.94;0.03;0.0250271
-0.94;0.04;0.0248528
-0.94;0.05;0.0246282
-0.94;0.06;0.0243567
-0.94;0.07;0.0240248
-0.94;0.08;0.0236215
-0.94;0.09;0.023195
-0.94;0.1;0.0227281
-0.94;0.11;0.0222104
-0.94;0.12;0.0216501
-0.94;0.13;0.0210469
-0.94;0.14;0.0204144
-0.94;0.15;0.0197143
-0.94;0.16;0.018967
-0.94;0.17;0.018176
-0.94;0.18;0.017347
-0.94;0.19;0.0164863
-0.94;0.2;0.0155967
-0.94;0.21;0.0146828
-0.94;0.22;0.0137046
-0.94;0.23;0.0127028
-0.94;0.24;0.0116775
-0.94;0.25;0.0106427
-0.94;0.26;0.00956686
-0.94;0.27;0.00844133
-0.94;0.28;0.0073133
-0.94;0.29;0.00615577
-0.94;0.3;0.00499914
-0.94;0.31;0.0037966
-0.94;0.32;0.00258505
-0.94;0.33;0.00136176
-0.94;0.34;0.000136034
-0.94;0.35;4.42781e-33
-0.94;0.36;4.37546e-33
-0.94;0.37;1.18734e-19
-0.94;0.38;4.2606e-33
-0.94;0.39;4.20287e-33
-0.94;0.4;4.14634e-33
-0.94;0.41;4.09324e-33
-0.94;0.42;4.03621e-33
-0.94;0.43;3.97705e-33
-0.94;0.44;3.91925e-33
-0.94;0.45;3.86664e-33
-0.94;0.46;3.81585e-33
-0.94;0.47;-5.17939e-20
-0.94;0.48;3.70765e-33
-0.94;0.49;3.65216e-33
-0.94;0.5;1.01193e-19
-0.94;0.51;3.549e-33
-0.94;0.52;3.51918e-33
-0.94;0.53;3.44207e-33
-0.94;0.54;3.43187e-33
-0.94;0.55;3.35813e-33
-0.94;0.56;3.35813e-33
-0.94;0.57;3.25944e-33
-0.94;0.58;3.21395e-33
-0.94;0.59;3.21395e-33
-0.94;0.6;3.12024e-33
-0.94;0.61;3.0719e-33
-0.94;0.62;3.0327e-33
-0.94;0.63;2.9885e-33
-0.94;0.64;2.94892e-33
-0.94;0.65;2.91357e-33
-0.94;0.66;2.86864e-33
-0.94;0.67;2.83402e-33
-0.94;0.68;2.78864e-33
-0.94;0.69;2.75576e-33
-0.94;0.7;2.71305e-33
-0.94;0.71;2.68171e-33
-0.94;0.72;2.64699e-33
-0.94;0.73;2.61295e-33
-0.94;0.74;2.58556e-33
-0.94;0.75;2.54403e-33
-0.94;0.76;2.51594e-33
-0.94;0.77;2.47691e-33
-0.94;0.78;2.45181e-33
-0.94;0.79;-1.35294e-19
-0.94;0.8;2.38696e-33
-0.94;0.81;2.35486e-33
-0.94;0.82;2.33483e-33
-0.94;0.83;2.30293e-33
-0.94;0.84;2.27949e-33
-0.94;0.85;1.25687e-19
-0.94;0.86;2.21899e-33
-0.94;0.87;2.19667e-33
-0.94;0.88;2.16432e-33
-0.94;0.89;2.14839e-33
-0.94;0.9;2.1166e-33
-0.94;0.91;2.10228e-33
-0.94;0.92;2.07311e-33
-0.94;0.93;2.05723e-33
-0.94;0.94;2.02916e-33
-0.94;0.95;2.0011e-33
-0.94;0.96;1.98717e-33
-0.94;0.97;1.9597e-33
-0.94;0.98;1.94998e-33
-0.94;0.99;1.92362e-33
-0.93;-1;1.89048e-33
-0.93;-0.99;1.90636e-33
-0.93;-0.98;1.92446e-33
-0.93;-0.97;1.95002e-33
-0.93;-0.96;1.95987e-33
-0.93;-0.95;1.98568e-33
-0.93;-0.94;1.99943e-33
-0.93;-0.93;2.02788e-33
-0.93;-0.92;2.05633e-33
-0.93;-0.91;2.07391e-33
-0.93;-0.9;2.10478e-33
-0.93;-0.89;2.11917e-33
-0.93;-0.88;2.14743e-33
-0.93;-0.87;2.16279e-33
-0.93;-0.86;-1.22245e-19
-0.93;-0.85;2.21762e-33
-0.93;-0.84;2.25011e-33
-0.93;-0.83;2.27631e-33
-0.93;-0.82;2.30655e-33
-0.93;-0.81;2.33749e-33
-0.93;-0.8;2.3638e-33
-0.93;-0.79;2.3945e-33
-0.93;-0.78;2.42111e-33
-0.93;-0.77;2.45302e-33
-0.93;-0.76;2.51609e-33
-0.93;-0.75;2.51609e-33
-0.93;-0.74;2.54992e-33
-0.93;-0.73;2.58142e-33
-0.93;-0.72;2.64763e-33
-0.93;-0.71;2.65048e-33
-0.93;-0.7;2.71013e-33
-0.93;-0.69;2.72186e-33
-0.93;-0.68;2.76965e-33
-0.93;-0.67;2.80317e-33
-0.93;-0.66;2.84397e-33
-0.93;-0.65;2.91781e-33
-0.93;-0.64;2.91781e-33
-0.93;-0.63;2.96437e-33
-0.93;-0.62;3.0038e-33
-0.93;-0.61;3.05146e-33
-0.93;-0.6;3.09347e-33
-0.93;-0.59;3.14003e-33
-0.93;-0.58;3.18441e-33
-0.93;-0.57;3.22432e-33
-0.93;-0.56;3.26935e-33
-0.93;-0.55;3.31698e-33
-0.93;-0.54;3.36723e-33
-0.93;-0.53;3.42523e-33
-0.93;-0.52;3.47307e-33
-0.93;-0.51;3.51931e-33
-0.93;-0.5;9.69309e-20
-0.93;-0.49;3.62089e-33
-0.93;-0.48;3.67626e-33
-0.93;-0.47;-1.03286e-19
-0.93;-0.46;3.78005e-33
-0.93;-0.45;3.83245e-33
-0.93;-0.44;3.89375e-33
-0.93;-0.43;3.95278e-33
-0.93;-0.42;4.00933e-33
-0.93;-0.41;4.06154e-33
-0.93;-0.4;4.12091e-33
-0.93;-0.39;4.18306e-33
-0.93;-0.38;4.24429e-33
-0.93;-0.37;-2.33577e-19
-0.93;-0.36;0.000961805
-0.93;-0.35;0.00221615
-0.93;-0.34;0.00350072
-0.93;-0.33;0.00476381
-0.93;-0.32;0.00599026
-0.93;-0.31;0.0071927
-0.93;-0.3;0.00841468
-0.93;-0.29;0.00961871
-0.93;-0.28;0.0107778
-0.93;-0.27;0.0119301
-0.93;-0.26;0.0130485
-0.93;-0.25;0.0141612
-0.93;-0.24;0.0152137
-0.93;-0.23;0.0162398
-0.93;-0.22;0.0172576
-0.93;-0.21;0.0182177
-0.93;-0.2;0.019165
-0.93;-0.19;0.0200687
-0.93;-0.18;0.0209243
-0.93;-0.17;0.0217503
-0.93;-0.16;0.0225372
-0.93;-0.15;0.02329
-0.93;-0.14;0.024005
-0.93;-0.13;0.0246739
-0.93;-0.12;0.0252779
-0.93;-0.11;0.0258375
-0.93;-0.1;0.0263498
-0.93;-0.09;0.0268263
-0.93;-0.08;0.0272563
-0.93;-0.07;0.0276488
-0.93;-0.06;0.0279762
-0.93;-0.05;0.0282577
-0.93;-0.04;0.0284872
-0.93;-0.03;0.0286651
-0.93;-0.02;0.028795
-0.93;-0.01;0.0288563
-0.93;0;0.0288978
-0.93;0.01;0.0288754
-0.93;0.02;0.0288064
-0.93;0.03;0.028666
-0.93;0.04;0.0284789
-0.93;0.05;0.0282511
-0.93;0.06;0.0279738
-0.93;0.07;0.0276465
-0.93;0.08;0.0272532
-0.93;0.09;0.0268293
-0.93;0.1;0.0263598
-0.93;0.11;0.0258361
-0.93;0.12;0.0252739
-0.93;0.13;0.0246749
-0.93;0.14;0.0240012
-0.93;0.15;0.0232838
-0.93;0.16;0.0225224
-0.93;0.17;0.0217315
-0.93;0.18;0.020903
-0.93;0.19;0.0200556
-0.93;0.2;0.0191655
-0.93;0.21;0.0182082
-0.93;0.22;0.0172212
-0.93;0.23;0.0162199
-0.93;0.24;0.0152069
-0.93;0.25;0.0141412
-0.93;0.26;0.01303
-0.93;0.27;0.0119021
-0.93;0.28;0.0107684
-0.93;0.29;0.00963287
-0.93;0.3;0.00843394
-0.93;0.31;0.00722316
-0.93;0.32;0.00597893
-0.93;0.33;0.0047617
-0.93;0.34;0.00349148
-0.93;0.35;0.00221233
-0.93;0.36;0.000943195
-0.93;0.37;4.29612e-33
-0.93;0.38;4.23659e-33
-0.93;0.39;4.17852e-33
-0.93;0.4;4.12336e-33
-0.93;0.41;4.07096e-33
-0.93;0.42;4.00803e-33
-0.93;0.43;3.95029e-33
-0.93;0.44;3.89534e-33
-0.93;0.45;3.84033e-33
-0.93;0.46;-2.07176e-19
-0.93;0.47;3.73776e-33
-0.93;0.48;3.67636e-33
-0.93;0.49;-2.02386e-19
-0.93;0.5;3.57087e-33
-0.93;0.51;3.52316e-33
-0.93;0.52;3.46889e-33
-0.93;0.53;3.43187e-33
-0.93;0.54;3.36621e-33
-0.93;0.55;3.35813e-33
-0.93;0.56;3.27853e-33
-0.93;0.57;3.22978e-33
-0.93;0.58;3.21395e-33
-0.93;0.59;3.13286e-33
-0.93;0.6;3.08913e-33
-0.93;0.61;3.04891e-33
-0.93;0.62;3.00104e-33
-0.93;0.63;2.96338e-33
-0.93;0.64;2.91996e-33
-0.93;0.65;2.88221e-33
-0.93;0.66;2.84686e-33
-0.93;0.67;2.80148e-33
-0.93;0.68;2.76724e-33
-0.93;0.69;2.72374e-33
-0.93;0.7;2.69195e-33
-0.93;0.71;2.65001e-33
-0.93;0.72;2.62162e-33
-0.93;0.73;2.58556e-33
-0.93;0.74;2.55269e-33
-0.93;0.75;2.5174e-33
-0.93;0.76;2.48406e-33
-0.93;0.77;2.45407e-33
-0.93;0.78;2.41805e-33
-0.93;0.79;2.38802e-33
-0.93;0.8;2.35937e-33
-0.93;0.81;2.33483e-33
-0.93;0.82;2.30684e-33
-0.93;0.83;2.27949e-33
-0.93;0.84;2.25249e-33
-0.93;0.85;2.21899e-33
-0.93;0.86;2.19903e-33
-0.93;0.87;2.16667e-33
-0.93;0.88;2.14994e-33
-0.93;0.89;2.11816e-33
-0.93;0.9;2.103e-33
-0.93;0.91;2.07383e-33
-0.93;0.92;2.05723e-33
-0.93;0.93;2.02916e-33
-0.93;0.94;2.0011e-33
-0.93;0.95;1.98647e-33
-0.93;0.96;1.959e-33
-0.93;0.97;1.94862e-33
-0.93;0.98;1.92226e-33
-0.93;0.99;1.90359e-33
-0.92;-1;1.86347e-33
-0.92;-0.99;1.88852e-33
-0.92;-0.98;1.90636e-33
-0.92;-0.97;1.92314e-33
-0.92;-0.96;1.9487e-33
-0.92;-0.95;1.95921e-33
-0.92;-0.94;1.98502e-33
-0.92;-0.93;1.99943e-33
-0.92;-0.92;2.02788e-33
-0.92;-0.91;2.05633e-33
-0.92;-0.9;2.07467e-33
-0.92;-0.89;2.10555e-33
-0.92;-0.88;2.12056e-33
-0.92;-0.87;2.14881e-33
-0.92;-0.86;2.16526e-33
-0.92;-0.85;-1.22245e-19
-0.92;-0.84;2.21879e-33
-0.92;-0.83;2.25343e-33
-0.92;-0.82;2.27631e-33
-0.92;-0.81;2.31088e-33
-0.92;-0.8;2.33749e-33
-0.92;-0.79;2.36863e-33
-0.92;-0.78;2.3945e-33
-0.92;-0.77;2.42689e-33
-0.92;-0.76;2.45302e-33
-0.92;-0.75;2.51609e-33
-0.92;-0.74;2.51754e-33
-0.92;-0.73;2.55822e-33
-0.92;-0.72;2.58799e-33
-0.92;-0.71;2.64763e-33
-0.92;-0.7;2.66017e-33
-0.92;-0.69;2.71013e-33
-0.92;-0.68;2.73447e-33
-0.92;-0.67;2.78469e-33
-0.92;-0.66;2.81472e-33
-0.92;-0.65;2.84779e-33
-0.92;-0.64;2.91781e-33
-0.92;-0.63;2.93149e-33
-0.92;-0.62;2.97987e-33
-0.92;-0.61;3.01994e-33
-0.92;-0.6;3.06312e-33
-0.92;-0.59;3.11182e-33
-0.92;-0.58;3.155e-33
-0.92;-0.57;3.20199e-33
-0.92;-0.56;3.24195e-33
-0.92;-0.55;3.28372e-33
-0.92;-0.54;3.33996e-33
-0.92;-0.53;3.39191e-33
-0.92;-0.52;3.44473e-33
-0.92;-0.51;3.49552e-33
-0.92;-0.5;3.54212e-33
-0.92;-0.49;3.58937e-33
-0.92;-0.48;3.64935e-33
-0.92;-0.47;3.70241e-33
-0.92;-0.46;3.75358e-33
-0.92;-0.45;3.80718e-33
-0.92;-0.44;3.86443e-33
-0.92;-0.43;3.92435e-33
-0.92;-0.42;3.98578e-33
-0.92;-0.41;4.03816e-33
-0.92;-0.4;4.09444e-33
-0.92;-0.39;0.000252188
-0.92;-0.38;0.00155991
-0.92;-0.37;0.00285323
-0.92;-0.36;0.00418107
-0.92;-0.35;0.0054704
-0.92;-0.34;0.00673213
-0.92;-0.33;0.00802174
-0.92;-0.32;0.00927996
-0.92;-0.31;0.0105104
-0.92;-0.3;0.0117325
-0.92;-0.29;0.0129233
-0.92;-0.28;0.014102
-0.92;-0.27;0.0152472
-0.92;-0.26;0.0163873
-0.92;-0.25;0.0175056
-0.92;-0.24;0.018592
-0.92;-0.23;0.0196228
-0.92;-0.22;0.020632
-0.92;-0.21;0.0216114
-0.92;-0.2;0.022569
-0.92;-0.19;0.0234827
-0.92;-0.18;0.0243409
-0.92;-0.17;0.0251616
-0.92;-0.16;0.0259563
-0.92;-0.15;0.0267157
-0.92;-0.14;0.0274381
-0.92;-0.13;0.0281084
-0.92;-0.12;0.0287165
-0.92;-0.11;0.0292948
-0.92;-0.1;0.0298217
-0.92;-0.09;0.0302931
-0.92;-0.08;0.0307186
-0.92;-0.07;0.0310945
-0.92;-0.06;0.0314384
-0.92;-0.05;0.0317148
-0.92;-0.04;0.031943
-0.92;-0.03;0.0321192
-0.92;-0.02;0.0322566
-0.92;-0.01;0.0323289
-0.92;0;0.0323518
-0.92;0.01;0.032332
-0.92;0.02;0.0322608
-0.92;0.03;0.0321348
-0.92;0.04;0.0319492
-0.92;0.05;0.0317109
-0.92;0.06;0.0314263
-0.92;0.07;0.0310989
-0.92;0.08;0.0307263
-0.92;0.09;0.0302952
-0.92;0.1;0.0298085
-0.92;0.11;0.0292897
-0.92;0.12;0.0287276
-0.92;0.13;0.0281147
-0.92;0.14;0.0274353
-0.92;0.15;0.0267091
-0.92;0.16;0.0259569
-0.92;0.17;0.0251652
-0.92;0.18;0.0243417
-0.92;0.19;0.0234735
-0.92;0.2;0.0225593
-0.92;0.21;0.021606
-0.92;0.22;0.0206206
-0.92;0.23;0.0196239
-0.92;0.24;0.0185917
-0.92;0.25;0.0175152
-0.92;0.26;0.0163879
-0.92;0.27;0.015269
-0.92;0.28;0.0141213
-0.92;0.29;0.0129384
-0.92;0.3;0.0117284
-0.92;0.31;0.0104975
-0.92;0.32;0.00927749
-0.92;0.33;0.00801509
-0.92;0.34;0.00675264
-0.92;0.35;0.00547018
-0.92;0.36;0.00417939
-0.92;0.37;0.00285077
-0.92;0.38;0.00154297
-0.92;0.39;0.000246952
-0.92;0.4;4.10038e-33
-0.92;0.41;4.04278e-33
-0.92;0.42;3.98133e-33
-0.92;0.43;1.07757e-19
-0.92;0.44;3.86903e-33
-0.92;0.45;3.8165e-33
-0.92;0.46;1.03588e-19
-0.92;0.47;3.70648e-33
-0.92;0.48;3.64917e-33
-0.92;0.49;2.52983e-20
-0.92;0.5;3.54503e-33
-0.92;0.51;3.49571e-33
-0.92;0.52;3.43504e-33
-0.92;0.53;3.38785e-33
-0.92;0.54;3.35813e-33
-0.92;0.55;3.29254e-33
-0.92;0.56;3.24887e-33
-0.92;0.57;3.21395e-33
-0.92;0.58;3.15029e-33
-0.92;0.59;3.10637e-33
-0.92;0.6;3.06062e-33
-0.92;0.61;3.01725e-33
-0.92;0.62;2.97783e-33
-0.92;0.63;2.93272e-33
-0.92;0.64;2.89577e-33
-0.92;0.65;2.8511e-33
-0.92;0.66;2.81433e-33
-0.92;0.67;2.77871e-33
-0.92;0.68;2.73521e-33
-0.92;0.69;2.70219e-33
-0.92;0.7;-7.47802e-20
-0.92;0.71;2.63028e-33
-0.92;0.72;2.59165e-33
-0.92;0.73;2.56135e-33
-0.92;0.74;-4.45548e-20
-0.92;0.75;2.49121e-33
-0.92;0.76;2.45407e-33
-0.92;0.77;2.42458e-33
-0.92;0.78;2.38802e-33
-0.92;0.79;2.36388e-33
-0.92;0.8;2.33483e-33
-0.92;0.81;2.31075e-33
-0.92;0.82;2.27949e-33
-0.92;0.83;2.25591e-33
-0.92;0.84;-2.35664e-20
-0.92;0.85;2.20138e-33
-0.92;0.86;2.16903e-33
-0.92;0.87;2.1515e-33
-0.92;0.88;2.11972e-33
-0.92;0.89;2.10373e-33
-0.92;0.9;2.07456e-33
-0.92;0.91;2.05723e-33
-0.92;0.92;2.02916e-33
-0.92;0.93;2.0011e-33
-0.92;0.94;1.98577e-33
-0.92;0.95;1.95831e-33
-0.92;0.96;1.94726e-33
-0.92;0.97;1.9209e-33
-0.92;0.98;1.90359e-33
-0.92;0.99;1.88538e-33
-0.91;-1;-1.02571e-19
-0.91;-0.99;1.8615e-33
-0.91;-0.98;1.88656e-33
-0.91;-0.97;1.90636e-33
-0.91;-0.96;1.92182e-33
-0.91;-0.95;1.94738e-33
-0.91;-0.94;1.95856e-33
-0.91;-0.93;-1.07709e-19
-0.91;-0.92;1.99943e-33
-0.91;-0.91;2.02788e-33
-0.91;-0.9;2.05633e-33
-0.91;-0.89;2.07544e-33
-0.91;-0.88;2.10632e-33
-0.91;-0.87;2.12195e-33
-0.91;-0.86;2.1502e-33
-0.91;-0.85;2.16772e-33
-0.91;-0.84;2.20162e-33
-0.91;-0.83;2.22211e-33
-0.91;-0.82;2.25675e-33
-0.91;-0.81;2.27868e-33
-0.91;-0.8;2.3152e-33
-0.91;-0.79;2.33906e-33
-0.91;-0.78;2.37346e-33
-0.91;-0.77;2.39698e-33
-0.91;-0.76;2.43268e-33
-0.91;-0.75;2.45827e-33
-0.91;-0.74;2.51609e-33
-0.91;-0.73;2.52584e-33
-0.91;-0.72;2.56652e-33
-0.91;-0.71;2.59733e-33
-0.91;-0.7;2.64763e-33
-0.91;-0.69;2.66986e-33
-0.91;-0.68;2.71013e-33
-0.91;-0.67;2.74708e-33
-0.91;-0.66;2.78546e-33
-0.91;-0.65;2.82627e-33
-0.91;-0.64;2.86131e-33
-0.91;-0.63;2.91781e-33
-0.91;-0.62;2.94699e-33
-0.91;-0.61;2.99131e-33
-0.91;-0.6;3.03608e-33
-0.91;-0.59;3.0787e-33
-0.91;-0.58;3.13017e-33
-0.91;-0.57;3.17258e-33
-0.91;-0.56;3.21455e-33
-0.91;-0.55;3.25958e-33
-0.91;-0.54;3.3067e-33
-0.91;-0.53;3.35859e-33
-0.91;-0.52;3.41658e-33
-0.91;-0.51;3.46718e-33
-0.91;-0.5;3.51517e-33
-0.91;-0.49;3.56492e-33
-0.91;-0.48;3.61783e-33
-0.91;-0.47;3.67524e-33
-0.91;-0.46;1.03286e-19
-0.91;-0.45;3.78071e-33
-0.91;-0.44;3.83511e-33
-0.91;-0.43;3.89642e-33
-0.91;-0.42;3.95734e-33
-0.91;-0.41;0.000613288
-0.91;-0.4;0.0019445
-0.91;-0.39;0.00329953
-0.91;-0.38;0.00462195
-0.91;-0.37;0.0059354
-0.91;-0.36;0.00726704
-0.91;-0.35;0.00858312
-0.91;-0.34;0.00986785
-0.91;-0.33;0.0111299
-0.91;-0.32;0.0124149
-0.91;-0.31;0.0136656
-0.91;-0.3;0.0148843
-0.91;-0.29;0.0161199
-0.91;-0.28;0.0173083
-0.91;-0.27;0.0184639
-0.91;-0.26;0.0195902
-0.91;-0.25;0.0206959
-0.91;-0.24;0.0217973
-0.91;-0.23;0.0228617
-0.91;-0.22;0.0238762
-0.91;-0.21;0.0248553
-0.91;-0.2;0.0258123
-0.91;-0.19;0.0267371
-0.91;-0.18;0.0276204
-0.91;-0.17;0.0284482
-0.91;-0.16;0.0292327
-0.91;-0.15;0.0299824
-0.91;-0.14;0.0306945
-0.91;-0.13;0.0313687
-0.91;-0.12;0.0320043
-0.91;-0.11;0.0325862
-0.91;-0.1;0.0331302
-0.91;-0.09;0.0335995
-0.91;-0.08;0.0340239
-0.91;-0.07;0.0343911
-0.91;-0.06;0.03474
-0.91;-0.05;0.0350111
-0.91;-0.04;0.0352444
-0.91;-0.03;0.0354215
-0.91;-0.02;0.0355496
-0.91;-0.01;0.0356307
-0.91;0;0.0356543
-0.91;0.01;0.0356293
-0.91;0.02;0.0355495
-0.91;0.03;0.0354243
-0.91;0.04;0.0352451
-0.91;0.05;0.0350094
-0.91;0.06;0.034726
-0.91;0.07;0.0343983
-0.91;0.08;0.0340377
-0.91;0.09;0.0335966
-0.91;0.1;0.0331085
-0.91;0.11;0.0325749
-0.91;0.12;0.032002
-0.91;0.13;0.0313792
-0.91;0.14;0.0306929
-0.91;0.15;0.029984
-0.91;0.16;0.029227
-0.91;0.17;0.0284473
-0.91;0.18;0.0276101
-0.91;0.19;0.0267209
-0.91;0.2;0.0258065
-0.91;0.21;0.0248557
-0.91;0.22;0.0238884
-0.91;0.23;0.0228657
-0.91;0.24;0.0218014
-0.91;0.25;0.0207072
-0.91;0.26;0.0196018
-0.91;0.27;0.0184787
-0.91;0.28;0.0173158
-0.91;0.29;0.0161191
-0.91;0.3;0.0149045
-0.91;0.31;0.0136792
-0.91;0.32;0.0124275
-0.91;0.33;0.011161
-0.91;0.34;0.00987964
-0.91;0.35;0.00858917
-0.91;0.36;0.00727143
-0.91;0.37;0.00595291
-0.91;0.38;0.00462498
-0.91;0.39;0.00328279
-0.91;0.4;0.00194574
-0.91;0.41;0.000614868
-0.91;0.42;3.95458e-33
-0.91;0.43;3.89773e-33
-0.91;0.44;3.84272e-33
-0.91;0.45;-2.07176e-19
-0.91;0.46;3.73659e-33
-0.91;0.47;3.67519e-33
-0.91;0.48;-2.02386e-19
-0.91;0.49;3.5669e-33
-0.91;0.5;3.51919e-33
-0.91;0.51;3.46186e-33
-0.91;0.52;3.4095e-33
-0.91;0.53;3.35862e-33
-0.91;0.54;3.31282e-33
-0.91;0.55;3.26795e-33
-0.91;0.56;3.2192e-33
-0.91;0.57;3.17075e-33
-0.91;0.58;3.12361e-33
-0.91;0.59;8.63707e-20
-0.91;0.6;3.03346e-33
-0.91;0.61;2.9885e-33
-0.91;0.62;2.94717e-33
-0.91;0.63;2.90933e-33
-0.91;0.64;-1.57208e-19
-0.91;0.65;2.82717e-33
-0.91;0.66;2.78179e-33
-0.91;0.67;2.74669e-33
-0.91;0.68;2.71244e-33
-0.91;0.69;2.6705e-33
-0.91;0.7;2.63895e-33
-0.91;0.71;2.60032e-33
-0.91;0.72;2.57001e-33
-0.91;0.73;1.42575e-19
-0.91;0.74;2.49836e-33
-0.91;0.75;2.45933e-33
-0.91;0.76;2.43111e-33
-0.91;0.77;6.76468e-20
-0.91;0.78;2.36839e-33
-0.91;0.79;2.33629e-33
-0.91;0.8;2.31466e-33
-0.91;0.81;2.28163e-33
-0.91;0.82;2.25933e-33
-0.91;0.83;-6.28437e-20
-0.91;0.84;2.20373e-33
-0.91;0.85;2.17138e-33
-0.91;0.86;2.15306e-33
-0.91;0.87;2.12128e-33
-0.91;0.88;2.10445e-33
-0.91;0.89;2.07528e-33
-0.91;0.9;2.05723e-33
-0.91;0.91;2.02916e-33
-0.91;0.92;2.0011e-33
-0.91;0.93;1.98507e-33
-0.91;0.94;1.95761e-33
-0.91;0.95;1.9459e-33
-0.91;0.96;1.91954e-33
-0.91;0.97;1.90359e-33
-0.91;0.98;1.88338e-33
-0.91;0.99;1.85781e-33
-0.9;-1;1.81029e-33
-0.9;-0.99;5.12853e-20
-0.9;-0.98;1.86006e-33
-0.9;-0.97;1.88459e-33
-0.9;-0.96;1.90636e-33
-0.9;-0.95;1.9205e-33
-0.9;-0.94;1.94607e-33
-0.9;-0.93;1.9579e-33
-0.9;-0.92;1.07709e-19
-0.9;-0.91;1.99943e-33
-0.9;-0.9;2.02788e-33
-0.9;-0.89;2.05633e-33
-0.9;-0.88;2.0762e-33
-0.9;-0.87;2.10708e-33
-0.9;-0.86;2.12333e-33
-0.9;-0.85;2.15159e-33
-0.9;-0.84;2.17019e-33
-0.9;-0.83;6.11224e-20
-0.9;-0.82;2.22543e-33
-0.9;-0.81;2.26007e-33
-0.9;-0.8;2.283e-33
-0.9;-0.79;2.31952e-33
-0.9;-0.78;2.34389e-33
-0.9;-0.77;2.37829e-33
-0.9;-0.76;2.40277e-33
-0.9;-0.75;2.43847e-33
-0.9;-0.74;2.46539e-33
-0.9;-0.73;2.51609e-33
-0.9;-0.72;2.53413e-33
-0.9;-0.71;2.57481e-33
-0.9;-0.7;2.60666e-33
-0.9;-0.69;2.64763e-33
-0.9;-0.68;2.67956e-33
-0.9;-0.67;2.7119e-33
-0.9;-0.66;2.75968e-33
-0.9;-0.65;2.79701e-33
-0.9;-0.64;2.83782e-33
-0.9;-0.63;2.8751e-33
-0.9;-0.62;2.91781e-33
-0.9;-0.61;1.64914e-19
-0.9;-0.6;3.00455e-33
-0.9;-0.59;3.05221e-33
-0.9;-0.58;3.09705e-33
-0.9;-0.57;3.14317e-33
-0.9;-0.56;3.19016e-33
-0.9;-0.55;3.23218e-33
-0.9;-0.54;3.27593e-33
-0.9;-0.53;3.32968e-33
-0.9;-0.52;3.38326e-33
-0.9;-0.51;1.18621e-20
-0.9;-0.5;3.48963e-33
-0.9;-0.49;3.53798e-33
-0.9;-0.48;3.58631e-33
-0.9;-0.47;3.64629e-33
-0.9;-0.46;3.7014e-33
-0.9;-0.45;3.75424e-33
-0.9;-0.44;3.80784e-33
-0.9;-0.43;0.000792666
-0.9;-0.42;0.00215166
-0.9;-0.41;0.00351933
-0.9;-0.4;0.00486799
-0.9;-0.39;0.00619641
-0.9;-0.38;0.00756404
-0.9;-0.37;0.00890824
-0.9;-0.36;0.0102189
-0.9;-0.35;0.0115574
-0.9;-0.34;0.0128702
-0.9;-0.33;0.0141563
-0.9;-0.32;0.0154321
-0.9;-0.31;0.0167004
-0.9;-0.3;0.0179306
-0.9;-0.29;0.0191476
-0.9;-0.28;0.0203566
-0.9;-0.27;0.0215434
-0.9;-0.26;0.0226717
-0.9;-0.25;0.0237651
-0.9;-0.24;0.0248609
-0.9;-0.23;0.0259369
-0.9;-0.22;0.0269553
-0.9;-0.21;0.0279437
-0.9;-0.2;0.0288947
-0.9;-0.19;0.0298205
-0.9;-0.18;0.0307181
-0.9;-0.17;0.0315692
-0.9;-0.16;0.0323606
-0.9;-0.15;0.0331028
-0.9;-0.14;0.0338099
-0.9;-0.13;0.0344813
-0.9;-0.12;0.0351088
-0.9;-0.11;0.0356955
-0.9;-0.1;0.0362309
-0.9;-0.09;0.0367269
-0.9;-0.08;0.0371661
-0.9;-0.07;0.0375424
-0.9;-0.06;0.0378641
-0.9;-0.05;0.038141
-0.9;-0.04;0.0383763
-0.9;-0.03;0.0385596
-0.9;-0.02;0.0386849
-0.9;-0.01;0.0387729
-0.9;0;0.0387993
-0.9;0.01;0.0387619
-0.9;0.02;0.0386775
-0.9;0.03;0.0385583
-0.9;0.04;0.0383753
-0.9;0.05;0.0381451
-0.9;0.06;0.0378733
-0.9;0.07;0.037539
-0.9;0.08;0.0371529
-0.9;0.09;0.0367292
-0.9;0.1;0.0362366
-0.9;0.11;0.035695
-0.9;0.12;0.0351135
-0.9;0.13;0.0344787
-0.9;0.14;0.0338092
-0.9;0.15;0.0331023
-0.9;0.16;0.0323604
-0.9;0.17;0.0315652
-0.9;0.18;0.0307117
-0.9;0.19;0.0298278
-0.9;0.2;0.0289046
-0.9;0.21;0.02795
-0.9;0.22;0.0269696
-0.9;0.23;0.0259501
-0.9;0.24;0.0248809
-0.9;0.25;0.0237992
-0.9;0.26;0.0226776
-0.9;0.27;0.0215431
-0.9;0.28;0.0203467
-0.9;0.29;0.0191505
-0.9;0.3;0.017933
-0.9;0.31;0.0167001
-0.9;0.32;0.0154372
-0.9;0.33;0.0141617
-0.9;0.34;0.0128709
-0.9;0.35;0.0115609
-0.9;0.36;0.0102211
-0.9;0.37;0.00890659
-0.9;0.38;0.00756232
-0.9;0.39;0.00622308
-0.9;0.4;0.00486933
-0.9;0.41;0.00351419
-0.9;0.42;0.00213086
-0.9;0.43;0.000777319
-0.9;0.44;3.81715e-33
-0.9;0.45;3.76482e-33
-0.9;0.46;3.70531e-33
-0.9;0.47;3.64618e-33
-0.9;0.48;1.39931e-19
-0.9;0.49;3.54106e-33
-0.9;0.5;3.48868e-33
-0.9;0.51;3.43115e-33
-0.9;0.52;3.38027e-33
-0.9;0.53;3.3331e-33
-0.9;0.54;3.28565e-33
-0.9;0.55;3.23829e-33
-0.9;0.56;3.19122e-33
-0.9;0.57;3.13652e-33
-0.9;0.58;3.0925e-33
-0.9;0.59;3.04967e-33
-0.9;0.6;3.0018e-33
-0.9;0.61;2.96163e-33
-0.9;0.62;2.91996e-33
-0.9;0.63;1.57208e-19
-0.9;0.64;2.84001e-33
-0.9;0.65;2.79463e-33
-0.9;0.66;2.75817e-33
-0.9;0.67;2.71466e-33
-0.9;0.68;2.68074e-33
-0.9;0.69;2.64699e-33
-0.9;0.7;2.60898e-33
-0.9;0.71;2.57867e-33
-0.9;0.72;-1.42575e-19
-0.9;0.73;2.50552e-33
-0.9;0.74;2.46648e-33
-0.9;0.75;2.43764e-33
-0.9;0.76;-6.76468e-20
-0.9;0.77;2.3729e-33
-0.9;0.78;2.3408e-33
-0.9;0.79;2.31858e-33
-0.9;0.8;2.28554e-33
-0.9;0.81;2.26275e-33
-0.9;0.82;-6.28437e-20
-0.9;0.83;2.20608e-33
-0.9;0.84;2.17373e-33
-0.9;0.85;2.15462e-33
-0.9;0.86;2.12284e-33
-0.9;0.87;2.10518e-33
-0.9;0.88;2.076e-33
-0.9;0.89;2.05723e-33
-0.9;0.9;2.02916e-33
-0.9;0.91;2.0011e-33
-0.9;0.92;1.98437e-33
-0.9;0.93;1.95691e-33
-0.9;0.94;1.94454e-33
-0.9;0.95;1.91818e-33
-0.9;0.96;1.90359e-33
-0.9;0.97;1.88137e-33
-0.9;0.98;1.85634e-33
-0.9;0.99;1.84609e-33
-0.89;-1;1.81029e-33
-0.89;-0.99;1.81029e-33
-0.89;-0.98;1.84657e-33
-0.89;-0.97;1.86006e-33
-0.89;-0.96;1.88263e-33
-0.89;-0.95;1.90636e-33
-0.89;-0.94;1.91919e-33
-0.89;-0.93;1.94475e-33
-0.89;-0.92;1.95724e-33
-0.89;-0.91;1.98305e-33
-0.89;-0.9;1.99943e-33
-0.89;-0.89;2.02788e-33
-0.89;-0.88;2.05633e-33
-0.89;-0.87;2.07697e-33
-0.89;-0.86;2.10785e-33
-0.89;-0.85;2.12472e-33
-0.89;-0.84;2.15297e-33
-0.89;-0.83;2.17265e-33
-0.89;-0.82;-1.22245e-19
-0.89;-0.81;2.22875e-33
-0.89;-0.8;2.26339e-33
-0.89;-0.79;2.28733e-33
-0.89;-0.78;2.32384e-33
-0.89;-0.77;2.34872e-33
-0.89;-0.76;-1.28887e-19
-0.89;-0.75;2.40855e-33
-0.89;-0.74;2.44425e-33
-0.89;-0.73;2.47251e-33
-0.89;-0.72;2.51609e-33
-0.89;-0.71;2.54243e-33
-0.89;-0.7;2.58142e-33
-0.89;-0.69;2.616e-33
-0.89;-0.68;2.64957e-33
-0.89;-0.67;2.68925e-33
-0.89;-0.66;2.7245e-33
-0.89;-0.65;2.77229e-33
-0.89;-0.64;2.80856e-33
-0.89;-0.63;2.84779e-33
-0.89;-0.62;1.60873e-19
-0.89;-0.61;2.92961e-33
-0.89;-0.6;-8.24571e-20
-0.89;-0.59;3.02069e-33
-0.89;-0.58;3.06393e-33
-0.89;-0.57;3.1154e-33
-0.89;-0.56;3.16075e-33
-0.89;-0.55;3.20774e-33
-0.89;-0.54;1.77016e-19
-0.89;-0.53;3.29642e-33
-0.89;-0.52;3.35265e-33
-0.89;-0.51;3.40793e-33
-0.89;-0.5;3.46129e-33
-0.89;-0.49;3.51209e-33
-0.89;-0.48;-1.93862e-19
-0.89;-0.47;3.61478e-33
-0.89;-0.46;3.67423e-33
-0.89;-0.45;0.000806603
-0.89;-0.44;0.00218161
-0.89;-0.43;0.00355173
-0.89;-0.42;0.00491796
-0.89;-0.41;0.00628072
-0.89;-0.4;0.00767586
-0.89;-0.39;0.00903762
-0.89;-0.38;0.0103901
-0.89;-0.37;0.0117474
-0.89;-0.36;0.0130875
-0.89;-0.35;0.0144076
-0.89;-0.34;0.0157355
-0.89;-0.33;0.0170374
-0.89;-0.32;0.0183239
-0.89;-0.31;0.0195942
-0.89;-0.3;0.0208596
-0.89;-0.29;0.0220623
-0.89;-0.28;0.0232516
-0.89;-0.27;0.0244445
-0.89;-0.26;0.0255889
-0.89;-0.25;0.0267154
-0.89;-0.24;0.0277999
-0.89;-0.23;0.0288663
-0.89;-0.22;0.0299082
-0.89;-0.21;0.0308982
-0.89;-0.2;0.0318495
-0.89;-0.19;0.0327692
-0.89;-0.18;0.0336624
-0.89;-0.17;0.0345052
-0.89;-0.16;0.0353239
-0.89;-0.15;0.0360664
-0.89;-0.14;0.0367768
-0.89;-0.13;0.03745
-0.89;-0.12;0.0380717
-0.89;-0.11;0.038647
-0.89;-0.1;0.0391836
-0.89;-0.09;0.0396746
-0.89;-0.08;0.0401048
-0.89;-0.07;0.0405042
-0.89;-0.06;0.0408356
-0.89;-0.05;0.0411203
-0.89;-0.04;0.0413431
-0.89;-0.03;0.0415304
-0.89;-0.02;0.0416478
-0.89;-0.01;0.0417334
-0.89;0;0.0417587
-0.89;0.01;0.0417279
-0.89;0.02;0.0416551
-0.89;0.03;0.0415187
-0.89;0.04;0.0413461
-0.89;0.05;0.04111
-0.89;0.06;0.0408291
-0.89;0.07;0.040494
-0.89;0.08;0.0401111
-0.89;0.09;0.0396723
-0.89;0.1;0.039188
-0.89;0.11;0.0386514
-0.89;0.12;0.0380542
-0.89;0.13;0.0374289
-0.89;0.14;0.0367693
-0.89;0.15;0.0360646
-0.89;0.16;0.0353097
-0.89;0.17;0.0344982
-0.89;0.18;0.0336596
-0.89;0.19;0.032768
-0.89;0.2;0.0318486
-0.89;0.21;0.0308985
-0.89;0.22;0.0299065
-0.89;0.23;0.0288772
-0.89;0.24;0.0278136
-0.89;0.25;0.0267152
-0.89;0.26;0.0256016
-0.89;0.27;0.0244357
-0.89;0.28;0.023265
-0.89;0.29;0.0220684
-0.89;0.3;0.0208595
-0.89;0.31;0.0195912
-0.89;0.32;0.0183192
-0.89;0.33;0.0170268
-0.89;0.34;0.0157327
-0.89;0.35;0.0144044
-0.89;0.36;0.0130752
-0.89;0.37;0.0117448
-0.89;0.38;0.0103874
-0.89;0.39;0.0090348
-0.89;0.4;0.00767096
-0.89;0.41;0.00627779
-0.89;0.42;0.00491633
-0.89;0.43;0.00355296
-0.89;0.44;0.0021557
-0.89;0.45;0.000808958
-0.89;0.46;3.67402e-33
-0.89;0.47;2.02386e-19
-0.89;0.48;3.56293e-33
-0.89;0.49;3.5155e-33
-0.89;0.5;3.45483e-33
-0.89;0.51;3.40191e-33
-0.89;0.52;3.35338e-33
-0.89;0.53;3.30374e-33
-0.89;0.54;3.25738e-33
-0.89;0.55;3.21168e-33
-0.89;0.56;3.15699e-33
-0.89;0.57;3.10973e-33
-0.89;0.58;1.34954e-19
-0.89;0.59;3.01801e-33
-0.89;0.6;2.97608e-33
-0.89;0.61;2.93097e-33
-0.89;0.62;2.89153e-33
-0.89;0.63;2.8511e-33
-0.89;0.64;2.80748e-33
-0.89;0.65;2.76964e-33
-0.89;0.66;2.72614e-33
-0.89;0.67;2.69099e-33
-0.89;0.68;-1.86951e-20
-0.89;0.69;2.61765e-33
-0.89;0.7;2.58556e-33
-0.89;0.71;2.54488e-33
-0.89;0.72;2.51267e-33
-0.89;0.73;2.47364e-33
-0.89;0.74;2.44417e-33
-0.89;0.75;2.40388e-33
-0.89;0.76;2.37741e-33
-0.89;0.77;2.34531e-33
-0.89;0.78;2.32249e-33
-0.89;0.79;2.28945e-33
-0.89;0.8;2.26617e-33
-0.89;0.81;2.23046e-33
-0.89;0.82;2.20843e-33
-0.89;0.83;2.17608e-33
-0.89;0.84;2.15618e-33
-0.89;0.85;2.12439e-33
-0.89;0.86;2.1059e-33
-0.89;0.87;2.07673e-33
-0.89;0.88;2.05723e-33
-0.89;0.89;2.02916e-33
-0.89;0.9;2.0011e-33
-0.89;0.91;1.98367e-33
-0.89;0.92;1.95621e-33
-0.89;0.93;1.94318e-33
-0.89;0.94;1.91682e-33
-0.89;0.95;1.90359e-33
-0.89;0.96;1.87937e-33
-0.89;0.97;1.85634e-33
-0.89;0.98;1.84339e-33
-0.89;0.99;1.80854e-33
-0.88;-1;1.76369e-33
-0.88;-0.99;2.49566e-20
-0.88;-0.98;1.81029e-33
-0.88;-0.97;-1.02571e-19
-0.88;-0.96;1.86006e-33
-0.88;-0.95;1.88066e-33
-0.88;-0.94;1.90572e-33
-0.88;-0.93;1.91787e-33
-0.88;-0.92;1.94343e-33
-0.88;-0.91;1.95658e-33
-0.88;-0.9;-1.07709e-19
-0.88;-0.89;1.99943e-33
-0.88;-0.88;2.02788e-33
-0.88;-0.87;2.05633e-33
-0.88;-0.86;2.07774e-33
-0.88;-0.85;2.10862e-33
-0.88;-0.84;2.1261e-33
-0.88;-0.83;2.15436e-33
-0.88;-0.82;2.17512e-33
-0.88;-0.81;2.20901e-33
-0.88;-0.8;2.23206e-33
-0.88;-0.79;2.26671e-33
-0.88;-0.78;2.29165e-33
-0.88;-0.77;2.32817e-33
-0.88;-0.76;2.35356e-33
-0.88;-0.75;2.38796e-33
-0.88;-0.74;2.41434e-33
-0.88;-0.73;2.45004e-33
-0.88;-0.72;2.47964e-33
-0.88;-0.71;2.51609e-33
-0.88;-0.7;2.55073e-33
-0.88;-0.69;2.58371e-33
-0.88;-0.68;2.62534e-33
-0.88;-0.67;2.65926e-33
-0.88;-0.66;2.69894e-33
-0.88;-0.65;2.73711e-33
-0.88;-0.64;2.78469e-33
-0.88;-0.63;2.82011e-33
-0.88;-0.62;2.857e-33
-0.88;-0.61;-8.04366e-20
-0.88;-0.6;2.94511e-33
-0.88;-0.59;2.99131e-33
-0.88;-0.58;3.03683e-33
-0.88;-0.57;3.08228e-33
-0.88;-0.56;3.13375e-33
-0.88;-0.55;3.17834e-33
-0.88;-0.54;3.22241e-33
-0.88;-0.53;-1.77016e-19
-0.88;-0.52;3.3194e-33
-0.88;-0.51;3.37461e-33
-0.88;-0.5;-9.48967e-20
-0.88;-0.49;3.48374e-33
-0.88;-0.48;3.53384e-33
-0.88;-0.47;0.00067221
-0.88;-0.46;0.00205965
-0.88;-0.45;0.00343873
-0.88;-0.44;0.00482176
-0.88;-0.43;0.00621121
-0.88;-0.42;0.00759953
-0.88;-0.41;0.00896125
-0.88;-0.4;0.0103556
-0.88;-0.39;0.0117498
-0.88;-0.38;0.0131105
-0.88;-0.37;0.0144636
-0.88;-0.36;0.0158227
-0.88;-0.35;0.0171433
-0.88;-0.34;0.018476
-0.88;-0.33;0.0197902
-0.88;-0.32;0.0210753
-0.88;-0.31;0.0223546
-0.88;-0.3;0.0236161
-0.88;-0.29;0.0248476
-0.88;-0.28;0.026043
-0.88;-0.27;0.0272192
-0.88;-0.26;0.0283872
-0.88;-0.25;0.0295176
-0.88;-0.24;0.0305927
-0.88;-0.23;0.0316499
-0.88;-0.22;0.0326834
-0.88;-0.21;0.033692
-0.88;-0.2;0.0346539
-0.88;-0.19;0.035568
-0.88;-0.18;0.0364494
-0.88;-0.17;0.037301
-0.88;-0.16;0.0380977
-0.88;-0.15;0.038862
-0.88;-0.14;0.0395724
-0.88;-0.13;0.0402469
-0.88;-0.12;0.0408792
-0.88;-0.11;0.0414468
-0.88;-0.1;0.0419717
-0.88;-0.09;0.0424555
-0.88;-0.08;0.042887
-0.88;-0.07;0.0432812
-0.88;-0.06;0.0436249
-0.88;-0.05;0.0438885
-0.88;-0.04;0.0441351
-0.88;-0.03;0.0443126
-0.88;-0.02;0.0444545
-0.88;-0.01;0.0445214
-0.88;0;0.0445494
-0.88;0.01;0.0445329
-0.88;0.02;0.0444454
-0.88;0.03;0.0443186
-0.88;0.04;0.0441248
-0.88;0.05;0.043913
-0.88;0.06;0.0436239
-0.88;0.07;0.0432867
-0.88;0.08;0.0428953
-0.88;0.09;0.0424595
-0.88;0.1;0.0419752
-0.88;0.11;0.0414403
-0.88;0.12;0.0408567
-0.88;0.13;0.0402397
-0.88;0.14;0.0395746
-0.88;0.15;0.0388762
-0.88;0.16;0.0381103
-0.88;0.17;0.037296
-0.88;0.18;0.036451
-0.88;0.19;0.0355747
-0.88;0.2;0.0346635
-0.88;0.21;0.0337081
-0.88;0.22;0.0327016
-0.88;0.23;0.0316599
-0.88;0.24;0.0305895
-0.88;0.25;0.0295229
-0.88;0.26;0.02838
-0.88;0.27;0.0272211
-0.88;0.28;0.0260392
-0.88;0.29;0.024843
-0.88;0.3;0.0236116
-0.88;0.31;0.0223456
-0.88;0.32;0.0210621
-0.88;0.33;0.0197806
-0.88;0.34;0.0184832
-0.88;0.35;0.0171461
-0.88;0.36;0.0158293
-0.88;0.37;0.014448
-0.88;0.38;0.0131063
-0.88;0.39;0.0117379
-0.88;0.4;0.0103526
-0.88;0.41;0.00896503
-0.88;0.42;0.00759692
-0.88;0.43;0.00619847
-0.88;0.44;0.00482183
-0.88;0.45;0.00344249
-0.88;0.46;0.00205953
-0.88;0.47;0.000672465
-0.88;0.48;3.53709e-33
-0.88;0.49;3.48165e-33
-0.88;0.5;3.42356e-33
-0.88;0.51;3.37268e-33
-0.88;0.52;3.32403e-33
-0.88;0.53;3.27646e-33
-0.88;0.54;3.22771e-33
-0.88;0.55;3.17745e-33
-0.88;0.56;3.12697e-33
-0.88;0.57;-8.63707e-20
-0.88;0.58;3.03422e-33
-0.88;0.59;2.9885e-33
-0.88;0.6;2.94542e-33
-0.88;0.61;2.90509e-33
-0.88;0.62;1.57208e-19
-0.88;0.63;2.82032e-33
-0.88;0.64;2.78094e-33
-0.88;0.65;2.73762e-33
-0.88;0.66;2.70123e-33
-0.88;0.67;2.65929e-33
-0.88;0.68;2.62631e-33
-0.88;0.69;2.58769e-33
-0.88;0.7;2.55354e-33
-0.88;0.71;2.5174e-33
-0.88;0.72;2.48079e-33
-0.88;0.73;2.4507e-33
-0.88;0.74;1.35294e-19
-0.88;0.75;2.38192e-33
-0.88;0.76;2.34982e-33
-0.88;0.77;2.3264e-33
-0.88;0.78;2.29336e-33
-0.88;0.79;2.26959e-33
-0.88;0.8;1.25687e-19
-0.88;0.81;2.21078e-33
-0.88;0.82;2.17843e-33
-0.88;0.83;2.15774e-33
-0.88;0.84;2.12595e-33
-0.88;0.85;2.10662e-33
-0.88;0.86;2.07745e-33
-0.88;0.87;2.05723e-33
-0.88;0.88;2.02916e-33
-0.88;0.89;2.0011e-33
-0.88;0.9;1.98297e-33
-0.88;0.91;1.95551e-33
-0.88;0.92;1.94182e-33
-0.88;0.93;1.91546e-33
-0.88;0.94;1.90293e-33
-0.88;0.95;1.87736e-33
-0.88;0.96;1.85634e-33
-0.88;0.97;1.84068e-33
-0.88;0.98;1.80854e-33
-0.88;0.99;1.80547e-33
-0.87;-1;1.76369e-33
-0.87;-0.99;1.76369e-33
-0.87;-0.98;-4.99131e-20
-0.87;-0.97;1.81029e-33
-0.87;-0.96;1.02571e-19
-0.87;-0.95;1.86006e-33
-0.87;-0.94;1.8787e-33
-0.87;-0.93;1.90375e-33
-0.87;-0.92;1.91655e-33
-0.87;-0.91;1.94211e-33
-0.87;-0.9;1.95593e-33
-0.87;-0.89;-1.07709e-19
-0.87;-0.88;1.99943e-33
-0.87;-0.87;2.02788e-33
-0.87;-0.86;2.05633e-33
-0.87;-0.85;2.0785e-33
-0.87;-0.84;2.10938e-33
-0.87;-0.83;2.12749e-33
-0.87;-0.82;2.15574e-33
-0.87;-0.81;2.17758e-33
-0.87;-0.8;1.22245e-19
-0.87;-0.79;2.23538e-33
-0.87;-0.78;2.27003e-33
-0.87;-0.77;2.29597e-33
-0.87;-0.76;2.33249e-33
-0.87;-0.75;2.35839e-33
-0.87;-0.74;-6.44437e-20
-0.87;-0.73;2.42013e-33
-0.87;-0.72;2.45302e-33
-0.87;-0.71;2.48676e-33
-0.87;-0.7;2.51835e-33
-0.87;-0.69;2.55903e-33
-0.87;-0.68;2.59305e-33
-0.87;-0.67;2.63468e-33
-0.87;-0.66;2.66895e-33
-0.87;-0.65;2.70863e-33
-0.87;-0.64;2.74972e-33
-0.87;-0.63;2.79085e-33
-0.87;-0.62;2.83166e-33
-0.87;-0.61;2.87079e-33
-0.87;-0.6;6.03275e-20
-0.87;-0.59;1.64914e-19
-0.87;-0.58;3.00531e-33
-0.87;-0.57;3.05297e-33
-0.87;-0.56;3.10063e-33
-0.87;-0.55;3.14893e-33
-0.87;-0.54;3.19592e-33
-0.87;-0.53;3.24004e-33
-0.87;-0.52;3.28614e-33
-0.87;-0.51;3.34237e-33
-0.87;-0.5;3.39928e-33
-0.87;-0.49;0.000410502
-0.87;-0.48;0.00178165
-0.87;-0.47;0.00317046
-0.87;-0.46;0.00455424
-0.87;-0.45;0.00595267
-0.87;-0.44;0.00735886
-0.87;-0.43;0.00873769
-0.87;-0.42;0.0101412
-0.87;-0.41;0.011548
-0.87;-0.4;0.0129213
-0.87;-0.39;0.0143151
-0.87;-0.38;0.0157054
-0.87;-0.37;0.0170581
-0.87;-0.36;0.018425
-0.87;-0.35;0.0197633
-0.87;-0.34;0.0210775
-0.87;-0.33;0.022402
-0.87;-0.32;0.0237166
-0.87;-0.31;0.0249701
-0.87;-0.3;0.0262275
-0.87;-0.29;0.0274775
-0.87;-0.28;0.0286863
-0.87;-0.27;0.0298622
-0.87;-0.26;0.0310199
-0.87;-0.25;0.0321568
-0.87;-0.24;0.0332511
-0.87;-0.23;0.0343099
-0.87;-0.22;0.0353375
-0.87;-0.21;0.0363397
-0.87;-0.2;0.0373043
-0.87;-0.19;0.0382105
-0.87;-0.18;0.0390788
-0.87;-0.17;0.0399293
-0.87;-0.16;0.0407343
-0.87;-0.15;0.0415019
-0.87;-0.14;0.0422226
-0.87;-0.13;0.0428874
-0.87;-0.12;0.0434952
-0.87;-0.11;0.0440742
-0.87;-0.1;0.0445997
-0.87;-0.09;0.0450829
-0.87;-0.08;0.0455222
-0.87;-0.07;0.0459051
-0.87;-0.06;0.0462346
-0.87;-0.05;0.0465102
-0.87;-0.04;0.0467577
-0.87;-0.03;0.0469356
-0.87;-0.02;0.0470659
-0.87;-0.01;0.0471479
-0.87;0;0.0471907
-0.87;0.01;0.0471487
-0.87;0.02;0.0470655
-0.87;0.03;0.046958
-0.87;0.04;0.04676
-0.87;0.05;0.0465203
-0.87;0.06;0.0462354
-0.87;0.07;0.045901
-0.87;0.08;0.0455114
-0.87;0.09;0.0450753
-0.87;0.1;0.0445916
-0.87;0.11;0.0440605
-0.87;0.12;0.0434955
-0.87;0.13;0.0428726
-0.87;0.14;0.042218
-0.87;0.15;0.0415025
-0.87;0.16;0.0407414
-0.87;0.17;0.0399322
-0.87;0.18;0.0390896
-0.87;0.19;0.0382141
-0.87;0.2;0.0373053
-0.87;0.21;0.0363313
-0.87;0.22;0.0353242
-0.87;0.23;0.0342876
-0.87;0.24;0.0332342
-0.87;0.25;0.0321481
-0.87;0.26;0.0310137
-0.87;0.27;0.0298523
-0.87;0.28;0.0286789
-0.87;0.29;0.0274715
-0.87;0.3;0.0262236
-0.87;0.31;0.0249709
-0.87;0.32;0.0237131
-0.87;0.33;0.0224044
-0.87;0.34;0.0210955
-0.87;0.35;0.0197643
-0.87;0.36;0.0184164
-0.87;0.37;0.0170667
-0.87;0.38;0.0156953
-0.87;0.39;0.0143202
-0.87;0.4;0.0129395
-0.87;0.41;0.0115538
-0.87;0.42;0.0101549
-0.87;0.43;0.00876496
-0.87;0.44;0.00736719
-0.87;0.45;0.00596036
-0.87;0.46;0.00455423
-0.87;0.47;0.0031725
-0.87;0.48;0.00179275
-0.87;0.49;0.000419698
-0.87;0.5;3.39432e-33
-0.87;0.51;3.34431e-33
-0.87;0.52;3.29467e-33
-0.87;0.53;3.2468e-33
-0.87;0.54;3.19791e-33
-0.87;0.55;3.14322e-33
-0.87;0.56;-1.72741e-19
-0.87;0.57;3.05043e-33
-0.87;0.58;3.00256e-33
-0.87;0.59;2.95988e-33
-0.87;0.6;2.91865e-33
-0.87;0.61;-1.57208e-19
-0.87;0.62;2.83316e-33
-0.87;0.63;2.78778e-33
-0.87;0.64;2.74909e-33
-0.87;0.65;2.71147e-33
-0.87;0.66;2.66953e-33
-0.87;0.67;2.63498e-33
-0.87;0.68;2.59635e-33
-0.87;0.69;2.5622e-33
-0.87;0.7;1.24754e-19
-0.87;0.71;2.48794e-33
-0.87;0.72;2.45407e-33
-0.87;0.73;2.41694e-33
-0.87;0.74;2.38643e-33
-0.87;0.75;2.35433e-33
-0.87;0.76;2.33031e-33
-0.87;0.77;2.29727e-33
-0.87;0.78;2.27301e-33
-0.87;0.79;2.2373e-33
-0.87;0.8;2.21314e-33
-0.87;0.81;2.18078e-33
-0.87;0.82;2.1593e-33
-0.87;0.83;2.12751e-33
-0.87;0.84;2.10735e-33
-0.87;0.85;2.07818e-33
-0.87;0.86;2.05723e-33
-0.87;0.87;2.02916e-33
-0.87;0.88;2.0011e-33
-0.87;0.89;1.98228e-33
-0.87;0.9;1.95481e-33
-0.87;0.91;1.94046e-33
-0.87;0.92;1.9141e-33
-0.87;0.93;1.90093e-33
-0.87;0.94;1.87536e-33
-0.87;0.95;1.85634e-33
-0.87;0.96;1.83798e-33
-0.87;0.97;1.80854e-33
-0.87;0.98;1.80238e-33
-0.87;0.99;1.77938e-33
-0.86;-1;1.72052e-33
-0.86;-0.99;1.76369e-33
-0.86;-0.98;1.76369e-33
-0.86;-0.97;4.99131e-20
-0.86;-0.96;1.81029e-33
-0.86;-0.95;1.02571e-19
-0.86;-0.94;1.86006e-33
-0.86;-0.93;1.87674e-33
-0.86;-0.92;1.90179e-33
-0.86;-0.91;1.91523e-33
-0.86;-0.9;1.94079e-33
-0.86;-0.89;1.95527e-33
-0.86;-0.88;1.98108e-33
-0.86;-0.87;1.99943e-33
-0.86;-0.86;2.02788e-33
-0.86;-0.85;2.05633e-33
-0.86;-0.84;2.07927e-33
-0.86;-0.83;2.11015e-33
-0.86;-0.82;2.12887e-33
-0.86;-0.81;2.15713e-33
-0.86;-0.8;2.18004e-33
-0.86;-0.79;-6.11224e-20
-0.86;-0.78;2.2387e-33
-0.86;-0.77;2.27334e-33
-0.86;-0.76;2.3003e-33
-0.86;-0.75;2.33681e-33
-0.86;-0.74;2.36322e-33
-0.86;-0.73;2.3945e-33
-0.86;-0.72;2.42591e-33
-0.86;-0.71;2.45501e-33
-0.86;-0.7;2.49388e-33
-0.86;-0.69;2.52665e-33
-0.86;-0.68;2.56733e-33
-0.86;-0.67;2.60239e-33
-0.86;-0.66;2.64402e-33
-0.86;-0.65;2.67864e-33
-0.86;-0.64;2.71454e-33
-0.86;-0.63;2.76232e-33
-0.86;-0.62;2.8024e-33
-0.86;-0.61;2.8432e-33
-0.86;-0.6;-1.60873e-19
-0.86;-0.59;2.92774e-33
-0.86;-0.58;8.24571e-20
-0.86;-0.57;3.02145e-33
-0.86;-0.56;3.06751e-33
-0.86;-0.55;3.11898e-33
-0.86;-0.54;3.16651e-33
-0.86;-0.53;3.21264e-33
-0.86;-0.52;3.25767e-33
-0.86;-0.51;3.5221e-05
-0.86;-0.5;0.00140795
-0.86;-0.49;0.00280557
-0.86;-0.48;0.0041732
-0.86;-0.47;0.0055673
-0.86;-0.46;0.00699051
-0.86;-0.45;0.00838577
-0.86;-0.44;0.00977657
-0.86;-0.43;0.0112057
-0.86;-0.42;0.0126028
-0.86;-0.41;0.0140133
-0.86;-0.4;0.0153973
-0.86;-0.39;0.0167849
-0.86;-0.38;0.0181742
-0.86;-0.37;0.0195396
-0.86;-0.36;0.0209053
-0.86;-0.35;0.0222584
-0.86;-0.34;0.023591
-0.86;-0.33;0.0248949
-0.86;-0.32;0.0262011
-0.86;-0.31;0.0274795
-0.86;-0.3;0.0287243
-0.86;-0.29;0.0299568
-0.86;-0.28;0.0311893
-0.86;-0.27;0.0323591
-0.86;-0.26;0.0335149
-0.86;-0.25;0.0346411
-0.86;-0.24;0.035751
-0.86;-0.23;0.036811
-0.86;-0.22;0.0378333
-0.86;-0.21;0.0388337
-0.86;-0.2;0.0397957
-0.86;-0.19;0.0407062
-0.86;-0.18;0.0415671
-0.86;-0.17;0.0424041
-0.86;-0.16;0.0432072
-0.86;-0.15;0.0439658
-0.86;-0.14;0.044682
-0.86;-0.13;0.0453576
-0.86;-0.12;0.0459631
-0.86;-0.11;0.046535
-0.86;-0.1;0.0470542
-0.86;-0.09;0.0475305
-0.86;-0.08;0.0479691
-0.86;-0.07;0.0483492
-0.86;-0.06;0.0486815
-0.86;-0.05;0.0489748
-0.86;-0.04;0.0492056
-0.86;-0.03;0.0493765
-0.86;-0.02;0.0495188
-0.86;-0.01;0.049595
-0.86;0;0.0496212
-0.86;0.01;0.0495953
-0.86;0.02;0.049511
-0.86;0.03;0.0493825
-0.86;0.04;0.0492024
-0.86;0.05;0.048965
-0.86;0.06;0.0486807
-0.86;0.07;0.0483435
-0.86;0.08;0.0479615
-0.86;0.09;0.0475272
-0.86;0.1;0.047051
-0.86;0.11;0.0465371
-0.86;0.12;0.0459676
-0.86;0.13;0.0453655
-0.86;0.14;0.0446867
-0.86;0.15;0.0439638
-0.86;0.16;0.0432043
-0.86;0.17;0.0423996
-0.86;0.18;0.0415623
-0.86;0.19;0.040692
-0.86;0.2;0.0397797
-0.86;0.21;0.0388093
-0.86;0.22;0.0378182
-0.86;0.23;0.0367899
-0.86;0.24;0.0357433
-0.86;0.25;0.0346344
-0.86;0.26;0.0335049
-0.86;0.27;0.0323598
-0.86;0.28;0.0311896
-0.86;0.29;0.0299636
-0.86;0.3;0.0287253
-0.86;0.31;0.0274811
-0.86;0.32;0.0262096
-0.86;0.33;0.0248975
-0.86;0.34;0.0235795
-0.86;0.35;0.0222517
-0.86;0.36;0.0208914
-0.86;0.37;0.0195379
-0.86;0.38;0.0181838
-0.86;0.39;0.0167887
-0.86;0.4;0.0153897
-0.86;0.41;0.0139951
-0.86;0.42;0.0125907
-0.86;0.43;0.011204
-0.86;0.44;0.00979574
-0.86;0.45;0.00838915
-0.86;0.46;0.00699018
-0.86;0.47;0.00557091
-0.86;0.48;0.00417236
-0.86;0.49;0.00279757
-0.86;0.5;0.00140695
-0.86;0.51;3.44646e-05
-0.86;0.52;3.26588e-33
-0.86;0.53;3.21714e-33
-0.86;0.54;3.16368e-33
-0.86;0.55;3.1131e-33
-0.86;0.56;-2.15927e-20
-0.86;0.57;3.01877e-33
-0.86;0.58;2.97433e-33
-0.86;0.59;2.92922e-33
-0.86;0.6;2.88729e-33
-0.86;0.61;2.84601e-33
-0.86;0.62;2.80063e-33
-0.86;0.63;2.76057e-33
-0.86;0.64;2.71707e-33
-0.86;0.65;-1.4956e-19
-0.86;0.66;2.64364e-33
-0.86;0.67;2.60502e-33
-0.86;0.68;2.57086e-33
-0.86;0.69;-7.12877e-20
-0.86;0.7;2.4951e-33
-0.86;0.71;2.45606e-33
-0.86;0.72;2.42347e-33
-0.86;0.73;2.38802e-33
-0.86;0.74;2.35884e-33
-0.86;0.75;2.33422e-33
-0.86;0.76;2.30118e-33
-0.86;0.77;2.27643e-33
-0.86;0.78;1.25687e-19
-0.86;0.79;2.21549e-33
-0.86;0.8;2.18314e-33
-0.86;0.81;2.16086e-33
-0.86;0.82;2.12907e-33
-0.86;0.83;2.10807e-33
-0.86;0.84;2.0789e-33
-0.86;0.85;2.05723e-33
-0.86;0.86;2.02916e-33
-0.86;0.87;2.0011e-33
-0.86;0.88;1.98158e-33
-0.86;0.89;1.95411e-33
-0.86;0.9;1.9391e-33
-0.86;0.91;1.91274e-33
-0.86;0.92;1.89892e-33
-0.86;0.93;1.87336e-33
-0.86;0.94;1.85634e-33
-0.86;0.95;1.83528e-33
-0.86;0.96;1.80854e-33
-0.86;0.97;1.79929e-33
-0.86;0.98;1.77629e-33
-0.86;0.99;1.76483e-33
-0.85;-1;1.72052e-33
-0.85;-0.99;1.72052e-33
-0.85;-0.98;-8.50771e-20
-0.85;-0.97;1.76369e-33
-0.85;-0.96;9.98262e-20
-0.85;-0.95;1.81029e-33
-0.85;-0.94;1.02571e-19
-0.85;-0.93;1.86006e-33
-0.85;-0.92;1.87477e-33
-0.85;-0.91;1.89983e-33
-0.85;-0.9;1.91391e-33
-0.85;-0.89;1.93947e-33
-0.85;-0.88;1.95461e-33
-0.85;-0.87;1.07709e-19
-0.85;-0.86;1.99943e-33
-0.85;-0.85;2.02788e-33
-0.85;-0.84;2.05633e-33
-0.85;-0.83;2.08004e-33
-0.85;-0.82;2.11053e-33
-0.85;-0.81;2.13026e-33
-0.85;-0.8;2.15851e-33
-0.85;-0.79;2.18251e-33
-0.85;-0.78;1.14604e-19
-0.85;-0.77;2.24202e-33
-0.85;-0.76;2.27631e-33
-0.85;-0.75;2.30462e-33
-0.85;-0.74;2.33749e-33
-0.85;-0.73;1.28887e-19
-0.85;-0.72;2.396e-33
-0.85;-0.71;2.4317e-33
-0.85;-0.7;2.46214e-33
-0.85;-0.69;2.501e-33
-0.85;-0.68;2.53495e-33
-0.85;-0.67;2.57563e-33
-0.85;-0.66;2.61173e-33
-0.85;-0.65;2.64866e-33
-0.85;-0.64;2.68834e-33
-0.85;-0.63;2.72714e-33
-0.85;-0.62;2.77493e-33
-0.85;-0.61;2.81395e-33
-0.85;-0.6;2.85269e-33
-0.85;-0.59;2.89837e-33
-0.85;-0.58;2.94324e-33
-0.85;-0.57;2.99131e-33
-0.85;-0.56;3.03759e-33
-0.85;-0.55;3.08587e-33
-0.85;-0.54;3.13734e-33
-0.85;-0.53;3.18409e-33
-0.85;-0.52;0.000909883
-0.85;-0.51;0.00229162
-0.85;-0.5;0.00367722
-0.85;-0.49;0.00505773
-0.85;-0.48;0.00648007
-0.85;-0.47;0.00787287
-0.85;-0.46;0.00928226
-0.85;-0.45;0.0107116
-0.85;-0.44;0.0121159
-0.85;-0.43;0.0135407
-0.85;-0.42;0.0149329
-0.85;-0.41;0.0163418
-0.85;-0.4;0.0177653
-0.85;-0.39;0.0191289
-0.85;-0.38;0.0205131
-0.85;-0.37;0.0219057
-0.85;-0.36;0.0232537
-0.85;-0.35;0.0246132
-0.85;-0.34;0.0259633
-0.85;-0.33;0.027256
-0.85;-0.32;0.0285569
-0.85;-0.31;0.029855
-0.85;-0.3;0.0310977
-0.85;-0.29;0.0323205
-0.85;-0.28;0.0335375
-0.85;-0.27;0.0347236
-0.85;-0.26;0.0358678
-0.85;-0.25;0.0369993
-0.85;-0.24;0.0380905
-0.85;-0.23;0.0391471
-0.85;-0.22;0.0401691
-0.85;-0.21;0.0411512
-0.85;-0.2;0.0421148
-0.85;-0.19;0.043029
-0.85;-0.18;0.0438978
-0.85;-0.17;0.044724
-0.85;-0.16;0.0455162
-0.85;-0.15;0.0462734
-0.85;-0.14;0.0469995
-0.85;-0.13;0.047671
-0.85;-0.12;0.0482758
-0.85;-0.11;0.0488331
-0.85;-0.1;0.0493482
-0.85;-0.09;0.0498392
-0.85;-0.08;0.0502518
-0.85;-0.07;0.0506251
-0.85;-0.06;0.0509518
-0.85;-0.05;0.0512361
-0.85;-0.04;0.051473
-0.85;-0.03;0.0516475
-0.85;-0.02;0.0517751
-0.85;-0.01;0.0518491
-0.85;0;0.0518857
-0.85;0.01;0.0518621
-0.85;0.02;0.0517945
-0.85;0.03;0.0516484
-0.85;0.04;0.0514675
-0.85;0.05;0.0512423
-0.85;0.06;0.0509573
-0.85;0.07;0.0506272
-0.85;0.08;0.0502448
-0.85;0.09;0.0498174
-0.85;0.1;0.0493457
-0.85;0.11;0.0488321
-0.85;0.12;0.0482763
-0.85;0.13;0.0476665
-0.85;0.14;0.0469855
-0.85;0.15;0.046263
-0.85;0.16;0.0455151
-0.85;0.17;0.0447261
-0.85;0.18;0.0439031
-0.85;0.19;0.0430304
-0.85;0.2;0.042098
-0.85;0.21;0.0411431
-0.85;0.22;0.0401666
-0.85;0.23;0.0391516
-0.85;0.24;0.0380974
-0.85;0.25;0.036995
-0.85;0.26;0.0358669
-0.85;0.27;0.0347278
-0.85;0.28;0.0335471
-0.85;0.29;0.0323207
-0.85;0.3;0.0310998
-0.85;0.31;0.0298498
-0.85;0.32;0.0285588
-0.85;0.33;0.0272586
-0.85;0.34;0.0259557
-0.85;0.35;0.0246168
-0.85;0.36;0.0232712
-0.85;0.37;0.0219184
-0.85;0.38;0.0205366
-0.85;0.39;0.0191347
-0.85;0.4;0.0177581
-0.85;0.41;0.0163392
-0.85;0.42;0.0149498
-0.85;0.43;0.0135358
-0.85;0.44;0.0121251
-0.85;0.45;0.0107076
-0.85;0.46;0.00929973
-0.85;0.47;0.00787614
-0.85;0.48;0.00648002
-0.85;0.49;0.00508408
-0.85;0.5;0.00367796
-0.85;0.51;0.00229847
-0.85;0.52;0.000910891
-0.85;0.53;3.18415e-33
-0.85;0.54;3.13033e-33
-0.85;0.55;3.08199e-33
-0.85;0.56;3.03498e-33
-0.85;0.57;2.9885e-33
-0.85;0.58;2.94367e-33
-0.85;0.59;2.90085e-33
-0.85;0.6;2.85592e-33
-0.85;0.61;2.81347e-33
-0.85;0.62;2.77205e-33
-0.85;0.63;2.72854e-33
-0.85;0.64;2.69002e-33
-0.85;0.65;8.41277e-20
-0.85;0.66;2.61368e-33
-0.85;0.67;2.57951e-33
-0.85;0.68;2.53707e-33
-0.85;0.69;2.50225e-33
-0.85;0.7;2.46322e-33
-0.85;0.71;2.43e-33
-0.85;0.72;6.76468e-20
-0.85;0.73;2.36334e-33
-0.85;0.74;2.33483e-33
-0.85;0.75;2.30509e-33
-0.85;0.76;2.27949e-33
-0.85;0.77;-1.25687e-19
-0.85;0.78;2.21784e-33
-0.85;0.79;2.18549e-33
-0.85;0.8;2.16242e-33
-0.85;0.81;2.13063e-33
-0.85;0.82;2.10843e-33
-0.85;0.83;2.07962e-33
-0.85;0.84;2.05723e-33
-0.85;0.85;2.02916e-33
-0.85;0.86;2.0011e-33
-0.85;0.87;1.98088e-33
-0.85;0.88;1.95341e-33
-0.85;0.89;1.93774e-33
-0.85;0.9;1.91138e-33
-0.85;0.91;1.89692e-33
-0.85;0.92;1.87135e-33
-0.85;0.93;1.85634e-33
-0.85;0.94;1.83258e-33
-0.85;0.95;1.80854e-33
-0.85;0.96;1.7962e-33
-0.85;0.97;1.7732e-33
-0.85;0.98;1.76322e-33
-0.85;0.99;1.72204e-33
-0.84;-1;1.67935e-33
-0.84;-0.99;1.72052e-33
-0.84;-0.98;1.72052e-33
-0.84;-0.97;4.86155e-20
-0.84;-0.96;1.76369e-33
-0.84;-0.95;-9.98262e-20
-0.84;-0.94;1.81029e-33
-0.84;-0.93;1.8325e-33
-0.84;-0.92;-1.28213e-20
-0.84;-0.91;1.87281e-33
-0.84;-0.9;1.89786e-33
-0.84;-0.89;1.91259e-33
-0.84;-0.88;1.93816e-33
-0.84;-0.87;1.95396e-33
-0.84;-0.86;1.07709e-19
-0.84;-0.85;1.99943e-33
-0.84;-0.84;2.02788e-33
-0.84;-0.83;2.05633e-33
-0.84;-0.82;2.0808e-33
-0.84;-0.81;2.11053e-33
-0.84;-0.8;2.13165e-33
-0.84;-0.79;2.15952e-33
-0.84;-0.78;2.18497e-33
-0.84;-0.77;2.21762e-33
-0.84;-0.76;2.24534e-33
-0.84;-0.75;2.27631e-33
-0.84;-0.74;2.30894e-33
-0.84;-0.73;2.33848e-33
-0.84;-0.72;2.37289e-33
-0.84;-0.71;2.40179e-33
-0.84;-0.7;2.43749e-33
-0.84;-0.69;2.46926e-33
-0.84;-0.68;2.50813e-33
-0.84;-0.67;2.54325e-33
-0.84;-0.66;2.58142e-33
-0.84;-0.65;2.62106e-33
-0.84;-0.64;2.65835e-33
-0.84;-0.63;2.69803e-33
-0.84;-0.62;2.73975e-33
-0.84;-0.61;2.78469e-33
-0.84;-0.6;2.8255e-33
-0.84;-0.59;2.86648e-33
-0.84;-0.58;-8.04366e-20
-0.84;-0.57;1.64914e-19
-0.84;-0.56;3.00606e-33
-0.84;-0.55;3.05372e-33
-0.84;-0.54;0.000347319
-0.84;-0.53;0.00169968
-0.84;-0.52;0.00309266
-0.84;-0.51;0.00448209
-0.84;-0.5;0.00586452
-0.84;-0.49;0.00727268
-0.84;-0.48;0.00866918
-0.84;-0.47;0.0100991
-0.84;-0.46;0.0115097
-0.84;-0.45;0.0129396
-0.84;-0.44;0.0143489
-0.84;-0.43;0.0157447
-0.84;-0.42;0.0171832
-0.84;-0.41;0.0185783
-0.84;-0.4;0.0199834
-0.84;-0.39;0.0213874
-0.84;-0.38;0.022761
-0.84;-0.37;0.0241382
-0.84;-0.36;0.0255104
-0.84;-0.35;0.0268378
-0.84;-0.34;0.0281894
-0.84;-0.33;0.029512
-0.84;-0.32;0.0307973
-0.84;-0.31;0.0320691
-0.84;-0.3;0.0333313
-0.84;-0.29;0.0345548
-0.84;-0.28;0.0357452
-0.84;-0.27;0.0369385
-0.84;-0.26;0.0380826
-0.84;-0.25;0.0391971
-0.84;-0.24;0.0402963
-0.84;-0.23;0.0413496
-0.84;-0.22;0.0423547
-0.84;-0.21;0.0433239
-0.84;-0.2;0.0442792
-0.84;-0.19;0.0452021
-0.84;-0.18;0.0460804
-0.84;-0.17;0.0468894
-0.84;-0.16;0.0476642
-0.84;-0.15;0.0484194
-0.84;-0.14;0.0491297
-0.84;-0.13;0.0497823
-0.84;-0.12;0.0503966
-0.84;-0.11;0.0509566
-0.84;-0.1;0.0514708
-0.84;-0.09;0.0519417
-0.84;-0.08;0.0523618
-0.84;-0.07;0.0527293
-0.84;-0.06;0.0530592
-0.84;-0.05;0.0533468
-0.84;-0.04;0.0535666
-0.84;-0.03;0.0537432
-0.84;-0.02;0.0538705
-0.84;-0.01;0.0539463
-0.84;0;0.0539677
-0.84;0.01;0.0539483
-0.84;0.02;0.0538734
-0.84;0.03;0.0537415
-0.84;0.04;0.0535644
-0.84;0.05;0.053349
-0.84;0.06;0.053062
-0.84;0.07;0.0527284
-0.84;0.08;0.0523521
-0.84;0.09;0.0519301
-0.84;0.1;0.0514749
-0.84;0.11;0.0509548
-0.84;0.12;0.0503932
-0.84;0.13;0.0497798
-0.84;0.14;0.0491217
-0.84;0.15;0.0484142
-0.84;0.16;0.0476698
-0.84;0.17;0.046893
-0.84;0.18;0.0460684
-0.84;0.19;0.0452009
-0.84;0.2;0.0442939
-0.84;0.21;0.0433431
-0.84;0.22;0.042359
-0.84;0.23;0.0413551
-0.84;0.24;0.040291
-0.84;0.25;0.0391953
-0.84;0.26;0.0380931
-0.84;0.27;0.0369524
-0.84;0.28;0.0357537
-0.84;0.29;0.0345593
-0.84;0.3;0.03334
-0.84;0.31;0.0320937
-0.84;0.32;0.0308024
-0.84;0.33;0.0295249
-0.84;0.34;0.0281995
-0.84;0.35;0.0268593
-0.84;0.36;0.0255104
-0.84;0.37;0.0241603
-0.84;0.38;0.0227759
-0.84;0.39;0.0214003
-0.84;0.4;0.020005
-0.84;0.41;0.0185879
-0.84;0.42;0.0171892
-0.84;0.43;0.0157712
-0.84;0.44;0.0143441
-0.84;0.45;0.0129431
-0.84;0.46;0.0115104
-0.84;0.47;0.0101018
-0.84;0.48;0.00869187
-0.84;0.49;0.00727071
-0.84;0.5;0.00585936
-0.84;0.51;0.00445273
-0.84;0.52;0.00309833
-0.84;0.53;0.00171268
-0.84;0.54;0.000346526
-0.84;0.55;3.05119e-33
-0.84;0.56;3.00332e-33
-0.84;0.57;2.95813e-33
-0.84;0.58;2.91441e-33
-0.84;0.59;1.57208e-19
-0.84;0.6;2.82631e-33
-0.84;0.61;2.78094e-33
-0.84;0.62;2.74002e-33
-0.84;0.63;2.70027e-33
-0.84;0.64;-1.4956e-19
-0.84;0.65;2.62235e-33
-0.84;0.66;2.58556e-33
-0.84;0.67;1.42575e-19
-0.84;0.68;2.5094e-33
-0.84;0.69;2.47037e-33
-0.84;0.7;2.43653e-33
-0.84;0.71;3.38234e-20
-0.84;0.72;2.36785e-33
-0.84;0.73;2.33575e-33
-0.84;0.74;2.30901e-33
-0.84;0.75;2.27949e-33
-0.84;0.76;1.25687e-19
-0.84;0.77;2.21899e-33
-0.84;0.78;2.18784e-33
-0.84;0.79;2.16355e-33
-0.84;0.8;2.13219e-33
-0.84;0.81;2.10843e-33
-0.84;0.82;2.08035e-33
-0.84;0.83;2.05723e-33
-0.84;0.84;2.02916e-33
-0.84;0.85;2.0011e-33
-0.84;0.86;1.98018e-33
-0.84;0.87;1.95271e-33
-0.84;0.88;1.93638e-33
-0.84;0.89;1.91002e-33
-0.84;0.9;1.89492e-33
-0.84;0.91;1.86935e-33
-0.84;0.92;1.85538e-33
-0.84;0.93;1.82988e-33
-0.84;0.94;1.80854e-33
-0.84;0.95;1.79311e-33
-0.84;0.96;1.77011e-33
-0.84;0.97;1.75959e-33
-0.84;0.98;1.72204e-33
-0.84;0.99;1.72204e-33
-0.83;-1;1.63591e-33
-0.83;-0.99;1.67935e-33
-0.83;-0.98;1.72052e-33
-0.83;-0.97;1.72052e-33
-0.83;-0.96;1.75475e-33
-0.83;-0.95;1.76369e-33
-0.83;-0.94;1.79055e-33
-0.83;-0.93;1.81029e-33
-0.83;-0.92;1.82969e-33
-0.83;-0.91;2.56427e-20
-0.83;-0.9;1.87084e-33
-0.83;-0.89;1.8959e-33
-0.83;-0.88;1.91128e-33
-0.83;-0.87;1.93684e-33
-0.83;-0.86;1.9533e-33
-0.83;-0.85;1.07709e-19
-0.83;-0.84;1.99943e-33
-0.83;-0.83;2.02788e-33
-0.83;-0.82;2.05633e-33
-0.83;-0.81;2.08157e-33
-0.83;-0.8;2.11053e-33
-0.83;-0.79;2.13303e-33
-0.83;-0.78;2.15952e-33
-0.83;-0.77;2.18744e-33
-0.83;-0.76;2.21762e-33
-0.83;-0.75;2.24866e-33
-0.83;-0.74;2.27675e-33
-0.83;-0.73;2.31326e-33
-0.83;-0.72;2.34331e-33
-0.83;-0.71;-1.28887e-19
-0.83;-0.7;2.40757e-33
-0.83;-0.69;2.44327e-33
-0.83;-0.68;2.47638e-33
-0.83;-0.67;2.51525e-33
-0.83;-0.66;2.55154e-33
-0.83;-0.65;2.58878e-33
-0.83;-0.64;2.6304e-33
-0.83;-0.63;2.66804e-33
-0.83;-0.62;2.70772e-33
-0.83;-0.61;2.75236e-33
-0.83;-0.6;2.79624e-33
-0.83;-0.59;2.83704e-33
-0.83;-0.58;2.88027e-33
-0.83;-0.57;2.92586e-33
-0.83;-0.56;2.97424e-33
-0.83;-0.55;0.00105214
-0.83;-0.54;0.00240927
-0.83;-0.53;0.0037855
-0.83;-0.52;0.00517553
-0.83;-0.51;0.00656773
-0.83;-0.5;0.00796167
-0.83;-0.49;0.00938125
-0.83;-0.48;0.0107792
-0.83;-0.47;0.0122021
-0.83;-0.46;0.0136132
-0.83;-0.45;0.0150266
-0.83;-0.44;0.0164775
-0.83;-0.43;0.0178921
-0.83;-0.42;0.0193191
-0.83;-0.41;0.0207154
-0.83;-0.4;0.0221078
-0.83;-0.39;0.0235173
-0.83;-0.38;0.024895
-0.83;-0.37;0.0262797
-0.83;-0.36;0.0276423
-0.83;-0.35;0.0289735
-0.83;-0.34;0.0303061
-0.83;-0.33;0.0316355
-0.83;-0.32;0.0329053
-0.83;-0.31;0.0341781
-0.83;-0.3;0.0354281
-0.83;-0.29;0.0366471
-0.83;-0.28;0.0378377
-0.83;-0.27;0.0390088
-0.83;-0.26;0.0401602
-0.83;-0.25;0.0412538
-0.83;-0.24;0.0423487
-0.83;-0.23;0.0433898
-0.83;-0.22;0.0444035
-0.83;-0.21;0.0453649
-0.83;-0.2;0.0462929
-0.83;-0.19;0.0472072
-0.83;-0.18;0.0480814
-0.83;-0.17;0.0488964
-0.83;-0.16;0.0496706
-0.83;-0.15;0.0503976
-0.83;-0.14;0.051087
-0.83;-0.13;0.0517429
-0.83;-0.12;0.0523502
-0.83;-0.11;0.0529119
-0.83;-0.1;0.0534144
-0.83;-0.09;0.053881
-0.83;-0.08;0.0542989
-0.83;-0.07;0.0546669
-0.83;-0.06;0.0549848
-0.83;-0.05;0.055259
-0.83;-0.04;0.0554849
-0.83;-0.03;0.0556717
-0.83;-0.02;0.0557887
-0.83;-0.01;0.0558692
-0.83;0;0.0558907
-0.83;0.01;0.05586
-0.83;0.02;0.0557802
-0.83;0.03;0.0556656
-0.83;0.04;0.0554928
-0.83;0.05;0.0552777
-0.83;0.06;0.0549873
-0.83;0.07;0.0546565
-0.83;0.08;0.054293
-0.83;0.09;0.0538813
-0.83;0.1;0.0534155
-0.83;0.11;0.0529084
-0.83;0.12;0.0523628
-0.83;0.13;0.0517546
-0.83;0.14;0.0510948
-0.83;0.15;0.0503938
-0.83;0.16;0.0496616
-0.83;0.17;0.0488925
-0.83;0.18;0.0480796
-0.83;0.19;0.047208
-0.83;0.2;0.0463
-0.83;0.21;0.0453648
-0.83;0.22;0.0444039
-0.83;0.23;0.043392
-0.83;0.24;0.0423414
-0.83;0.25;0.0412604
-0.83;0.26;0.0401651
-0.83;0.27;0.0390179
-0.83;0.28;0.0378414
-0.83;0.29;0.0366581
-0.83;0.3;0.0354401
-0.83;0.31;0.0341936
-0.83;0.32;0.0329111
-0.83;0.33;0.0316298
-0.83;0.34;0.0303032
-0.83;0.35;0.0289663
-0.83;0.36;0.0276369
-0.83;0.37;0.0262791
-0.83;0.38;0.0248974
-0.83;0.39;0.0235209
-0.83;0.4;0.022111
-0.83;0.41;0.0207188
-0.83;0.42;0.0193113
-0.83;0.43;0.0178838
-0.83;0.44;0.0164768
-0.83;0.45;0.0150329
-0.83;0.46;0.0136193
-0.83;0.47;0.0122045
-0.83;0.48;0.0107965
-0.83;0.49;0.00937785
-0.83;0.5;0.00795458
-0.83;0.51;0.00656483
-0.83;0.52;0.00515343
-0.83;0.53;0.00378285
-0.83;0.54;0.00240683
-0.83;0.55;0.0010513
-0.83;0.56;2.97258e-33
-0.83;0.57;2.92747e-33
-0.83;0.58;-1.57208e-19
-0.83;0.59;2.83916e-33
-0.83;0.6;2.79378e-33
-0.83;0.61;2.7515e-33
-0.83;0.62;2.71051e-33
-0.83;0.63;1.4956e-19
-0.83;0.64;2.63101e-33
-0.83;0.65;2.59238e-33
-0.83;0.66;2.55439e-33
-0.83;0.67;2.51656e-33
-0.83;0.68;2.47752e-33
-0.83;0.69;2.44306e-33
-0.83;0.7;-6.76468e-20
-0.83;0.71;2.37236e-33
-0.83;0.72;2.34026e-33
-0.83;0.73;2.31292e-33
-0.83;0.74;2.27988e-33
-0.83;0.75;2.25099e-33
-0.83;0.76;2.21899e-33
-0.83;0.77;2.19019e-33
-0.83;0.78;2.16355e-33
-0.83;0.79;2.13375e-33
-0.83;0.8;2.10843e-33
-0.83;0.81;2.08107e-33
-0.83;0.82;2.05723e-33
-0.83;0.83;2.02916e-33
-0.83;0.84;2.0011e-33
-0.83;0.85;1.97948e-33
-0.83;0.86;1.95201e-33
-0.83;0.87;1.93502e-33
-0.83;0.88;1.90866e-33
-0.83;0.89;1.89291e-33
-0.83;0.9;1.86734e-33
-0.83;0.91;1.85268e-33
-0.83;0.92;1.82717e-33
-0.83;0.93;1.80854e-33
-0.83;0.94;1.79002e-33
-0.83;0.95;1.76702e-33
-0.83;0.96;1.75597e-33
-0.83;0.97;1.72204e-33
-0.83;0.98;1.72204e-33
-0.83;0.99;1.70309e-33
-0.82;-1;1.63591e-33
-0.82;-0.99;1.63591e-33
-0.82;-0.98;1.67935e-33
-0.82;-0.97;-5.78728e-20
-0.82;-0.96;1.72052e-33
-0.82;-0.95;9.7231e-20
-0.82;-0.94;1.76369e-33
-0.82;-0.93;9.98262e-20
-0.82;-0.92;1.81029e-33
-0.82;-0.91;1.82688e-33
-0.82;-0.9;5.12853e-20
-0.82;-0.89;1.86888e-33
-0.82;-0.88;1.89393e-33
-0.82;-0.87;1.90996e-33
-0.82;-0.86;1.93552e-33
-0.82;-0.85;1.95297e-33
-0.82;-0.84;-1.07709e-19
-0.82;-0.83;1.99943e-33
-0.82;-0.82;2.02788e-33
-0.82;-0.81;2.05633e-33
-0.82;-0.8;2.08234e-33
-0.82;-0.79;2.11053e-33
-0.82;-0.78;2.13442e-33
-0.82;-0.77;2.15952e-33
-0.82;-0.76;2.1899e-33
-0.82;-0.75;2.21762e-33
-0.82;-0.74;2.25198e-33
-0.82;-0.73;2.28107e-33
-0.82;-0.72;2.31759e-33
-0.82;-0.71;2.34815e-33
-0.82;-0.7;-6.44437e-20
-0.82;-0.69;2.41336e-33
-0.82;-0.68;2.44906e-33
-0.82;-0.67;2.4835e-33
-0.82;-0.66;2.51916e-33
-0.82;-0.65;2.55984e-33
-0.82;-0.64;2.59811e-33
-0.82;-0.63;2.63974e-33
-0.82;-0.62;2.67773e-33
-0.82;-0.61;2.71718e-33
-0.82;-0.6;2.76496e-33
-0.82;-0.59;2.80779e-33
-0.82;-0.58;2.84837e-33
-0.82;-0.57;0.000311472
-0.82;-0.56;0.00166059
-0.82;-0.55;0.00302204
-0.82;-0.54;0.00439163
-0.82;-0.53;0.00577087
-0.82;-0.52;0.00715868
-0.82;-0.51;0.00855813
-0.82;-0.5;0.00996435
-0.82;-0.49;0.0113854
-0.82;-0.48;0.0128119
-0.82;-0.47;0.0142244
-0.82;-0.46;0.0156392
-0.82;-0.45;0.0170633
-0.82;-0.44;0.0184804
-0.82;-0.43;0.0199072
-0.82;-0.42;0.0213138
-0.82;-0.41;0.0227353
-0.82;-0.4;0.0241298
-0.82;-0.39;0.0255292
-0.82;-0.38;0.026913
-0.82;-0.37;0.0282683
-0.82;-0.36;0.0296357
-0.82;-0.35;0.0309832
-0.82;-0.34;0.0322817
-0.82;-0.33;0.033594
-0.82;-0.32;0.0348839
-0.82;-0.31;0.0361497
-0.82;-0.3;0.0373849
-0.82;-0.29;0.0386102
-0.82;-0.28;0.0397925
-0.82;-0.27;0.0409564
-0.82;-0.26;0.0420857
-0.82;-0.25;0.0431734
-0.82;-0.24;0.0442558
-0.82;-0.23;0.0452846
-0.82;-0.22;0.0462888
-0.82;-0.21;0.0472494
-0.82;-0.2;0.0481714
-0.82;-0.19;0.0490537
-0.82;-0.18;0.0499097
-0.82;-0.17;0.0507343
-0.82;-0.16;0.0514955
-0.82;-0.15;0.0522179
-0.82;-0.14;0.0528953
-0.82;-0.13;0.0535364
-0.82;-0.12;0.0541272
-0.82;-0.11;0.0546961
-0.82;-0.1;0.055192
-0.82;-0.09;0.0556474
-0.82;-0.08;0.0560534
-0.82;-0.07;0.05642
-0.82;-0.06;0.0567404
-0.82;-0.05;0.0570063
-0.82;-0.04;0.0572341
-0.82;-0.03;0.0574042
-0.82;-0.02;0.0575202
-0.82;-0.01;0.0576115
-0.82;0;0.0576327
-0.82;0.01;0.057595
-0.82;0.02;0.0575194
-0.82;0.03;0.0574061
-0.82;0.04;0.0572257
-0.82;0.05;0.0570041
-0.82;0.06;0.0567329
-0.82;0.07;0.0564201
-0.82;0.08;0.056058
-0.82;0.09;0.0556566
-0.82;0.1;0.055198
-0.82;0.11;0.0546938
-0.82;0.12;0.0541368
-0.82;0.13;0.0535423
-0.82;0.14;0.0528952
-0.82;0.15;0.0522072
-0.82;0.16;0.0514837
-0.82;0.17;0.0507275
-0.82;0.18;0.0499188
-0.82;0.19;0.0490551
-0.82;0.2;0.0481642
-0.82;0.21;0.0472515
-0.82;0.22;0.0462988
-0.82;0.23;0.0452838
-0.82;0.24;0.0442311
-0.82;0.25;0.0431676
-0.82;0.26;0.0420815
-0.82;0.27;0.0409462
-0.82;0.28;0.039786
-0.82;0.29;0.0386106
-0.82;0.3;0.0373875
-0.82;0.31;0.0361386
-0.82;0.32;0.0348842
-0.82;0.33;0.0335959
-0.82;0.34;0.0322969
-0.82;0.35;0.0309832
-0.82;0.36;0.0296332
-0.82;0.37;0.0282781
-0.82;0.38;0.0269156
-0.82;0.39;0.0255156
-0.82;0.4;0.0241324
-0.82;0.41;0.0227384
-0.82;0.42;0.0213208
-0.82;0.43;0.0199072
-0.82;0.44;0.0184849
-0.82;0.45;0.0170691
-0.82;0.46;0.0156415
-0.82;0.47;0.0142255
-0.82;0.48;0.0128003
-0.82;0.49;0.0113712
-0.82;0.5;0.00997471
-0.82;0.51;0.00857515
-0.82;0.52;0.00716675
-0.82;0.53;0.00577327
-0.82;0.54;0.00439014
-0.82;0.55;0.00301864
-0.82;0.56;0.00163883
-0.82;0.57;0.000304376
-0.82;0.58;1.47382e-20
-0.82;0.59;2.80662e-33
-0.82;0.6;2.76297e-33
-0.82;0.61;2.71947e-33
-0.82;0.62;2.67881e-33
-0.82;0.63;2.63968e-33
-0.82;0.64;2.60105e-33
-0.82;0.65;2.56305e-33
-0.82;0.66;7.12877e-20
-0.82;0.67;2.48468e-33
-0.82;0.68;2.44959e-33
-0.82;0.69;2.4093e-33
-0.82;0.7;2.37687e-33
-0.82;0.71;2.34477e-33
-0.82;0.72;2.31683e-33
-0.82;0.73;2.28379e-33
-0.82;0.74;2.25441e-33
-0.82;0.75;2.21899e-33
-0.82;0.76;2.19254e-33
-0.82;0.77;2.16355e-33
-0.82;0.78;2.13531e-33
-0.82;0.79;2.10843e-33
-0.82;0.8;2.0818e-33
-0.82;0.81;2.05723e-33
-0.82;0.82;2.02916e-33
-0.82;0.83;2.0011e-33
-0.82;0.84;1.97878e-33
-0.82;0.85;1.95167e-33
-0.82;0.86;1.93366e-33
-0.82;0.87;1.9073e-33
-0.82;0.88;1.89091e-33
-0.82;0.89;1.86534e-33
-0.82;0.9;1.84998e-33
-0.82;0.91;1.82447e-33
-0.82;0.92;1.80854e-33
-0.82;0.93;1.78694e-33
-0.82;0.94;1.76483e-33
-0.82;0.95;1.75234e-33
-0.82;0.96;1.72204e-33
-0.82;0.97;1.71966e-33
-0.82;0.98;1.69912e-33
-0.82;0.99;1.63732e-33
-0.81;-1;1.63958e-33
-0.81;-0.99;1.63591e-33
-0.81;-0.98;1.63591e-33
-0.81;-0.97;1.67935e-33
-0.81;-0.96;-4.62983e-20
-0.81;-0.95;1.72052e-33
-0.81;-0.94;-9.7231e-20
-0.81;-0.93;1.76369e-33
-0.81;-0.92;1.78396e-33
-0.81;-0.91;-6.23914e-20
-0.81;-0.9;1.82406e-33
-0.81;-0.89;-1.02571e-19
-0.81;-0.88;1.86692e-33
-0.81;-0.87;1.89197e-33
-0.81;-0.86;1.90864e-33
-0.81;-0.85;1.9342e-33
-0.81;-0.84;1.95297e-33
-0.81;-0.83;-1.07709e-19
-0.81;-0.82;1.99943e-33
-0.81;-0.81;2.02788e-33
-0.81;-0.8;2.05633e-33
-0.81;-0.79;2.0831e-33
-0.81;-0.78;2.11053e-33
-0.81;-0.77;2.1358e-33
-0.81;-0.76;2.15952e-33
-0.81;-0.75;1.22245e-19
-0.81;-0.74;2.22065e-33
-0.81;-0.73;2.25529e-33
-0.81;-0.72;2.28539e-33
-0.81;-0.71;2.32191e-33
-0.81;-0.7;2.35298e-33
-0.81;-0.69;6.44437e-20
-0.81;-0.68;2.41915e-33
-0.81;-0.67;2.45302e-33
-0.81;-0.66;2.49063e-33
-0.81;-0.65;2.52746e-33
-0.81;-0.64;2.56814e-33
-0.81;-0.63;2.60745e-33
-0.81;-0.62;2.64774e-33
-0.81;-0.61;2.68742e-33
-0.81;-0.6;2.72978e-33
-0.81;-0.59;2.77757e-33
-0.81;-0.58;0.00083347
-0.81;-0.57;0.00218804
-0.81;-0.56;0.00354018
-0.81;-0.55;0.00491393
-0.81;-0.54;0.00629239
-0.81;-0.53;0.00767127
-0.81;-0.52;0.0090715
-0.81;-0.51;0.0104589
-0.81;-0.5;0.0118889
-0.81;-0.49;0.0132829
-0.81;-0.48;0.0147193
-0.81;-0.47;0.0161473
-0.81;-0.46;0.0175645
-0.81;-0.45;0.0189882
-0.81;-0.44;0.0203904
-0.81;-0.43;0.0218222
-0.81;-0.42;0.023235
-0.81;-0.41;0.0246425
-0.81;-0.4;0.0260378
-0.81;-0.39;0.0274111
-0.81;-0.38;0.0288039
-0.81;-0.37;0.0301596
-0.81;-0.36;0.0315012
-0.81;-0.35;0.0328515
-0.81;-0.34;0.0341622
-0.81;-0.33;0.0354461
-0.81;-0.32;0.0367395
-0.81;-0.31;0.0379784
-0.81;-0.3;0.0392111
-0.81;-0.29;0.0404262
-0.81;-0.28;0.0415868
-0.81;-0.27;0.0427378
-0.81;-0.26;0.0438568
-0.81;-0.25;0.044952
-0.81;-0.24;0.0460058
-0.81;-0.23;0.0470235
-0.81;-0.22;0.0480163
-0.81;-0.21;0.0489728
-0.81;-0.2;0.0498746
-0.81;-0.19;0.0507614
-0.81;-0.18;0.0515897
-0.81;-0.17;0.052406
-0.81;-0.16;0.0531515
-0.81;-0.15;0.0538558
-0.81;-0.14;0.0545317
-0.81;-0.13;0.0551639
-0.81;-0.12;0.0557623
-0.81;-0.11;0.0563028
-0.81;-0.1;0.0568005
-0.81;-0.09;0.0572422
-0.81;-0.08;0.0576439
-0.81;-0.07;0.0579971
-0.81;-0.06;0.0583048
-0.81;-0.05;0.0585832
-0.81;-0.04;0.0587921
-0.81;-0.03;0.0589611
-0.81;-0.02;0.0590893
-0.81;-0.01;0.0591579
-0.81;0;0.0591806
-0.81;0.01;0.0591623
-0.81;0.02;0.0590841
-0.81;0.03;0.058959
-0.81;0.04;0.058802
-0.81;0.05;0.0585708
-0.81;0.06;0.0583035
-0.81;0.07;0.0580041
-0.81;0.08;0.0576443
-0.81;0.09;0.0572398
-0.81;0.1;0.0568041
-0.81;0.11;0.0563118
-0.81;0.12;0.0557553
-0.81;0.13;0.0551625
-0.81;0.14;0.0545354
-0.81;0.15;0.0538587
-0.81;0.16;0.0531521
-0.81;0.17;0.0524013
-0.81;0.18;0.0515975
-0.81;0.19;0.0507672
-0.81;0.2;0.0498842
-0.81;0.21;0.0489694
-0.81;0.22;0.048016
-0.81;0.23;0.0470163
-0.81;0.24;0.0459928
-0.81;0.25;0.0449526
-0.81;0.26;0.0438569
-0.81;0.27;0.0427276
-0.81;0.28;0.0415874
-0.81;0.29;0.0404215
-0.81;0.3;0.0391945
-0.81;0.31;0.0379772
-0.81;0.32;0.036738
-0.81;0.33;0.0354491
-0.81;0.34;0.0341505
-0.81;0.35;0.0328497
-0.81;0.36;0.0315063
-0.81;0.37;0.0301579
-0.81;0.38;0.0287989
-0.81;0.39;0.0274154
-0.81;0.4;0.026042
-0.81;0.41;0.0246327
-0.81;0.42;0.0232286
-0.81;0.43;0.0218244
-0.81;0.44;0.0204101
-0.81;0.45;0.0189943
-0.81;0.46;0.0175675
-0.81;0.47;0.0161441
-0.81;0.48;0.0147091
-0.81;0.49;0.0133012
-0.81;0.5;0.0118899
-0.81;0.51;0.0104794
-0.81;0.52;0.00907352
-0.81;0.53;0.00767092
-0.81;0.54;0.00628636
-0.81;0.55;0.00489019
-0.81;0.56;0.00353287
-0.81;0.57;0.00217634
-0.81;0.58;0.000853278
-0.81;0.59;2.77445e-33
-0.81;0.6;2.73095e-33
-0.81;0.61;2.68906e-33
-0.81;0.62;-1.81108e-20
-0.81;0.63;2.60971e-33
-0.81;0.64;2.5717e-33
-0.81;0.65;-7.12877e-20
-0.81;0.66;2.49183e-33
-0.81;0.67;2.45407e-33
-0.81;0.68;1.35294e-19
-0.81;0.69;2.38138e-33
-0.81;0.7;2.34928e-33
-0.81;0.71;2.32074e-33
-0.81;0.72;2.2877e-33
-0.81;0.73;2.25783e-33
-0.81;0.74;-1.09976e-19
-0.81;0.75;2.19489e-33
-0.81;0.76;2.16355e-33
-0.81;0.77;2.13687e-33
-0.81;0.78;2.10843e-33
-0.81;0.79;2.08252e-33
-0.81;0.8;2.05723e-33
-0.81;0.81;2.02916e-33
-0.81;0.82;2.0011e-33
-0.81;0.83;1.97808e-33
-0.81;0.84;1.95167e-33
-0.81;0.85;1.9323e-33
-0.81;0.86;1.90594e-33
-0.81;0.87;1.8889e-33
-0.81;0.88;1.86333e-33
-0.81;0.89;1.84727e-33
-0.81;0.9;1.82177e-33
-0.81;0.91;1.80685e-33
-0.81;0.92;1.78385e-33
-0.81;0.93;1.76483e-33
-0.81;0.94;1.74871e-33
-0.81;0.95;1.72204e-33
-0.81;0.96;1.71569e-33
-0.81;0.97;1.69515e-33
-0.81;0.98;1.63732e-33
-0.81;0.99;1.6635e-33
-0.8;-1;1.62605e-33
-0.8;-0.99;1.63591e-33
-0.8;-0.98;1.63591e-33
-0.8;-0.97;1.63591e-33
-0.8;-0.96;1.67935e-33
-0.8;-0.95;1.70994e-33
-0.8;-0.94;1.72052e-33
-0.8;-0.93;-9.7231e-20
-0.8;-0.92;1.76369e-33
-0.8;-0.91;1.78067e-33
-0.8;-0.9;-4.99131e-20
-0.8;-0.89;1.82125e-33
-0.8;-0.88;-5.12853e-20
-0.8;-0.87;1.86495e-33
-0.8;-0.86;1.89001e-33
-0.8;-0.85;1.90732e-33
-0.8;-0.84;1.93288e-33
-0.8;-0.83;1.95297e-33
-0.8;-0.82;-1.07709e-19
-0.8;-0.81;1.99943e-33
-0.8;-0.8;2.02788e-33
-0.8;-0.79;2.05633e-33
-0.8;-0.78;2.08387e-33
-0.8;-0.77;2.11053e-33
-0.8;-0.76;2.13719e-33
-0.8;-0.75;2.16093e-33
-0.8;-0.74;2.19483e-33
-0.8;-0.73;2.22397e-33
-0.8;-0.72;2.25861e-33
-0.8;-0.71;2.28972e-33
-0.8;-0.7;2.32623e-33
-0.8;-0.69;2.35781e-33
-0.8;-0.68;-3.22219e-20
-0.8;-0.67;2.42493e-33
-0.8;-0.66;2.45888e-33
-0.8;-0.65;2.49775e-33
-0.8;-0.64;2.53576e-33
-0.8;-0.63;2.57644e-33
-0.8;-0.62;2.61679e-33
-0.8;-0.61;2.65744e-33
-0.8;-0.6;2.69712e-33
-0.8;-0.59;0.00132266
-0.8;-0.58;0.00264733
-0.8;-0.57;0.00397207
-0.8;-0.56;0.00534498
-0.8;-0.55;0.00671204
-0.8;-0.54;0.00809033
-0.8;-0.53;0.00947717
-0.8;-0.52;0.0108856
-0.8;-0.51;0.0122965
-0.8;-0.5;0.0136922
-0.8;-0.49;0.0151279
-0.8;-0.48;0.0165357
-0.8;-0.47;0.0179726
-0.8;-0.46;0.0193889
-0.8;-0.45;0.0207935
-0.8;-0.44;0.0222154
-0.8;-0.43;0.0236243
-0.8;-0.42;0.0250429
-0.8;-0.41;0.0264355
-0.8;-0.4;0.0278313
-0.8;-0.39;0.0292068
-0.8;-0.38;0.0305632
-0.8;-0.37;0.0319368
-0.8;-0.36;0.0332607
-0.8;-0.35;0.0345921
-0.8;-0.34;0.0359037
-0.8;-0.33;0.037175
-0.8;-0.32;0.0384333
-0.8;-0.31;0.0396769
-0.8;-0.3;0.040884
-0.8;-0.29;0.0420868
-0.8;-0.28;0.0432563
-0.8;-0.27;0.0443775
-0.8;-0.26;0.0454892
-0.8;-0.25;0.0465733
-0.8;-0.24;0.0476052
-0.8;-0.23;0.0486162
-0.8;-0.22;0.0495977
-0.8;-0.21;0.0505403
-0.8;-0.2;0.0514241
-0.8;-0.19;0.0522971
-0.8;-0.18;0.0531096
-0.8;-0.17;0.0539066
-0.8;-0.16;0.0546469
-0.8;-0.15;0.0553447
-0.8;-0.14;0.0559959
-0.8;-0.13;0.0566258
-0.8;-0.12;0.0572145
-0.8;-0.11;0.0577468
-0.8;-0.1;0.0582303
-0.8;-0.09;0.0586586
-0.8;-0.08;0.0590521
-0.8;-0.07;0.0594027
-0.8;-0.06;0.0596999
-0.8;-0.05;0.0599631
-0.8;-0.04;0.0601786
-0.8;-0.03;0.0603364
-0.8;-0.02;0.0604606
-0.8;-0.01;0.0605308
-0.8;0;0.0605661
-0.8;0.01;0.0605326
-0.8;0.02;0.0604528
-0.8;0.03;0.060342
-0.8;0.04;0.0601801
-0.8;0.05;0.0599571
-0.8;0.06;0.0596991
-0.8;0.07;0.0593984
-0.8;0.08;0.0590595
-0.8;0.09;0.05866
-0.8;0.1;0.0582203
-0.8;0.11;0.0577476
-0.8;0.12;0.0571989
-0.8;0.13;0.0566166
-0.8;0.14;0.056003
-0.8;0.15;0.0553438
-0.8;0.16;0.0546514
-0.8;0.17;0.0539094
-0.8;0.18;0.0531098
-0.8;0.19;0.0522871
-0.8;0.2;0.0514197
-0.8;0.21;0.0505302
-0.8;0.22;0.0495806
-0.8;0.23;0.048621
-0.8;0.24;0.0476113
-0.8;0.25;0.0465788
-0.8;0.26;0.0454892
-0.8;0.27;0.044382
-0.8;0.28;0.0432657
-0.8;0.29;0.04209
-0.8;0.3;0.0408968
-0.8;0.31;0.039684
-0.8;0.32;0.0384437
-0.8;0.33;0.0371675
-0.8;0.34;0.0359004
-0.8;0.35;0.0345879
-0.8;0.36;0.0332686
-0.8;0.37;0.0319403
-0.8;0.38;0.0305818
-0.8;0.39;0.0292058
-0.8;0.4;0.027833
-0.8;0.41;0.0264267
-0.8;0.42;0.0250441
-0.8;0.43;0.0236343
-0.8;0.44;0.0222213
-0.8;0.45;0.0208074
-0.8;0.46;0.0193888
-0.8;0.47;0.0179705
-0.8;0.48;0.0165418
-0.8;0.49;0.0151302
-0.8;0.5;0.0137142
-0.8;0.51;0.012296
-0.8;0.52;0.0108828
-0.8;0.53;0.00947816
-0.8;0.54;0.00810295
-0.8;0.55;0.00671742
-0.8;0.56;0.00534653
-0.8;0.57;0.00399526
-0.8;0.58;0.0026478
-0.8;0.59;0.00132188
-0.8;0.6;2.6993e-33
-0.8;0.61;2.65736e-33
-0.8;0.62;2.61838e-33
-0.8;0.63;2.58036e-33
-0.8;0.64;1.42575e-19
-0.8;0.65;2.49898e-33
-0.8;0.66;2.45995e-33
-0.8;0.67;2.42236e-33
-0.8;0.68;2.38589e-33
-0.8;0.69;2.35379e-33
-0.8;0.7;2.32465e-33
-0.8;0.71;2.29161e-33
-0.8;0.72;2.26125e-33
-0.8;0.73;1.25687e-19
-0.8;0.74;2.19725e-33
-0.8;0.75;2.16489e-33
-0.8;0.76;2.13842e-33
-0.8;0.77;2.10843e-33
-0.8;0.78;2.08324e-33
-0.8;0.79;2.05723e-33
-0.8;0.8;2.02916e-33
-0.8;0.81;2.0011e-33
-0.8;0.82;1.97738e-33
-0.8;0.83;1.95167e-33
-0.8;0.84;1.93095e-33
-0.8;0.85;1.90458e-33
-0.8;0.86;1.8869e-33
-0.8;0.87;1.86133e-33
-0.8;0.88;1.84457e-33
-0.8;0.89;1.81907e-33
-0.8;0.9;1.80376e-33
-0.8;0.91;1.78076e-33
-0.8;0.92;1.76483e-33
-0.8;0.93;1.74509e-33
-0.8;0.94;1.72204e-33
-0.8;0.95;1.71171e-33
-0.8;0.96;1.69117e-33
-0.8;0.97;1.68088e-33
-0.8;0.98;1.65847e-33
-0.8;0.99;1.63732e-33
-0.79;-1;1.60163e-33
-0.79;-0.99;1.62107e-33
-0.79;-0.98;1.63591e-33
-0.79;-0.97;1.63591e-33
-0.79;-0.96;1.63591e-33
-0.79;-0.95;1.67935e-33
-0.79;-0.94;1.70587e-33
-0.79;-0.93;1.72052e-33
-0.79;-0.92;1.74011e-33
-0.79;-0.91;5.46924e-20
-0.79;-0.9;1.77737e-33
-0.79;-0.89;9.98262e-20
-0.79;-0.88;1.81843e-33
-0.79;-0.87;1.84499e-33
-0.79;-0.86;1.86299e-33
-0.79;-0.85;1.88804e-33
-0.79;-0.84;1.90636e-33
-0.79;-0.83;1.93156e-33
-0.79;-0.82;1.95297e-33
-0.79;-0.81;-1.07709e-19
-0.79;-0.8;1.99943e-33
-0.79;-0.79;2.02788e-33
-0.79;-0.78;2.05633e-33
-0.79;-0.77;2.08464e-33
-0.79;-0.76;2.11053e-33
-0.79;-0.75;2.13857e-33
-0.79;-0.74;2.16339e-33
-0.79;-0.73;1.22245e-19
-0.79;-0.72;2.22729e-33
-0.79;-0.71;2.26193e-33
-0.79;-0.7;2.29404e-33
-0.79;-0.69;2.33056e-33
-0.79;-0.68;2.36265e-33
-0.79;-0.67;2.39502e-33
-0.79;-0.66;2.43072e-33
-0.79;-0.65;2.466e-33
-0.79;-0.64;2.50487e-33
-0.79;-0.63;2.54406e-33
-0.79;-0.62;2.5845e-33
-0.79;-0.61;0.000399469
-0.79;-0.6;0.00170818
-0.79;-0.59;0.0030288
-0.79;-0.58;0.00435167
-0.79;-0.57;0.00571793
-0.79;-0.56;0.00707432
-0.79;-0.55;0.00845248
-0.79;-0.54;0.00983622
-0.79;-0.53;0.0112349
-0.79;-0.52;0.0126303
-0.79;-0.51;0.0140378
-0.79;-0.5;0.0154448
-0.79;-0.49;0.0168627
-0.79;-0.48;0.0182609
-0.79;-0.47;0.0196742
-0.79;-0.46;0.0211099
-0.79;-0.45;0.0225197
-0.79;-0.44;0.0239357
-0.79;-0.43;0.0253258
-0.79;-0.42;0.0267351
-0.79;-0.41;0.0281211
-0.79;-0.4;0.0295008
-0.79;-0.39;0.030887
-0.79;-0.38;0.0322375
-0.79;-0.37;0.0335833
-0.79;-0.36;0.0349056
-0.79;-0.35;0.0362064
-0.79;-0.34;0.0375129
-0.79;-0.33;0.0387789
-0.79;-0.32;0.0400222
-0.79;-0.31;0.0412592
-0.79;-0.3;0.0424489
-0.79;-0.29;0.0436245
-0.79;-0.28;0.044784
-0.79;-0.27;0.0458824
-0.79;-0.26;0.0469731
-0.79;-0.25;0.0480463
-0.79;-0.24;0.0490639
-0.79;-0.23;0.0500637
-0.79;-0.22;0.0510103
-0.79;-0.21;0.0519449
-0.79;-0.2;0.0528221
-0.79;-0.19;0.0536662
-0.79;-0.18;0.0544743
-0.79;-0.17;0.0552404
-0.79;-0.16;0.0559665
-0.79;-0.15;0.0566547
-0.79;-0.14;0.057295
-0.79;-0.13;0.0579102
-0.79;-0.12;0.0584779
-0.79;-0.11;0.0590017
-0.79;-0.1;0.059478
-0.79;-0.09;0.059894
-0.79;-0.08;0.060279
-0.79;-0.07;0.060622
-0.79;-0.06;0.0609174
-0.79;-0.05;0.0611677
-0.79;-0.04;0.0613718
-0.79;-0.03;0.0615371
-0.79;-0.02;0.0616545
-0.79;-0.01;0.0617236
-0.79;0;0.0617456
-0.79;0.01;0.0617184
-0.79;0.02;0.0616545
-0.79;0.03;0.0615296
-0.79;0.04;0.0613718
-0.79;0.05;0.0611614
-0.79;0.06;0.0609138
-0.79;0.07;0.0606145
-0.79;0.08;0.0602766
-0.79;0.09;0.0598935
-0.79;0.1;0.0594696
-0.79;0.11;0.0590055
-0.79;0.12;0.0584782
-0.79;0.13;0.0579001
-0.79;0.14;0.0572948
-0.79;0.15;0.0566538
-0.79;0.16;0.055968
-0.79;0.17;0.0552425
-0.79;0.18;0.0544642
-0.79;0.19;0.0536483
-0.79;0.2;0.0528093
-0.79;0.21;0.0519368
-0.79;0.22;0.0510043
-0.79;0.23;0.0500573
-0.79;0.24;0.0490566
-0.79;0.25;0.0480416
-0.79;0.26;0.0469688
-0.79;0.27;0.0458815
-0.79;0.28;0.0447802
-0.79;0.29;0.0436247
-0.79;0.3;0.0424453
-0.79;0.31;0.0412513
-0.79;0.32;0.0400155
-0.79;0.33;0.0387696
-0.79;0.34;0.0375032
-0.79;0.35;0.0362154
-0.79;0.36;0.0349087
-0.79;0.37;0.0335763
-0.79;0.38;0.0322242
-0.79;0.39;0.0308788
-0.79;0.4;0.0295122
-0.79;0.41;0.0281284
-0.79;0.42;0.0267324
-0.79;0.43;0.0253238
-0.79;0.44;0.0239307
-0.79;0.45;0.0225083
-0.79;0.46;0.0211072
-0.79;0.47;0.0196895
-0.79;0.48;0.0182727
-0.79;0.49;0.0168591
-0.79;0.5;0.0154432
-0.79;0.51;0.0140349
-0.79;0.52;0.0126282
-0.79;0.53;0.0112344
-0.79;0.54;0.00983776
-0.79;0.55;0.00845484
-0.79;0.56;0.00708164
-0.79;0.57;0.00572155
-0.79;0.58;0.00437508
-0.79;0.59;0.00302979
-0.79;0.6;0.00170874
-0.79;0.61;0.000390194
-0.79;0.62;2.58842e-33
-0.79;0.63;1.42575e-19
-0.79;0.64;2.50614e-33
-0.79;0.65;2.4671e-33
-0.79;0.66;2.4289e-33
-0.79;0.67;-7.18747e-20
-0.79;0.68;2.3583e-33
-0.79;0.69;2.32856e-33
-0.79;0.7;2.29552e-33
-0.79;0.71;2.26467e-33
-0.79;0.72;1.25687e-19
-0.79;0.73;2.1996e-33
-0.79;0.74;2.16725e-33
-0.79;0.75;2.13998e-33
-0.79;0.76;2.10843e-33
-0.79;0.77;2.08397e-33
-0.79;0.78;2.05723e-33
-0.79;0.79;2.02916e-33
-0.79;0.8;2.0011e-33
-0.79;0.81;1.97668e-33
-0.79;0.82;1.95167e-33
-0.79;0.83;1.92959e-33
-0.79;0.84;1.90359e-33
-0.79;0.85;1.88489e-33
-0.79;0.86;1.85933e-33
-0.79;0.87;1.84187e-33
-0.79;0.88;1.81636e-33
-0.79;0.89;1.80067e-33
-0.79;0.9;1.77767e-33
-0.79;0.91;1.76365e-33
-0.79;0.92;1.74146e-33
-0.79;0.93;1.72204e-33
-0.79;0.94;1.70774e-33
-0.79;0.95;1.6872e-33
-0.79;0.96;1.67585e-33
-0.79;0.97;1.65344e-33
-0.79;0.98;1.63732e-33
-0.79;0.99;1.59634e-33
-0.78;-1;1.55753e-33
-0.78;-0.99;1.59668e-33
-0.78;-0.98;1.61609e-33
-0.78;-0.97;1.63553e-33
-0.78;-0.96;1.63591e-33
-0.78;-0.95;1.63591e-33
-0.78;-0.94;1.67935e-33
-0.78;-0.93;-9.25966e-20
-0.78;-0.92;1.72052e-33
-0.78;-0.91;1.73645e-33
-0.78;-0.9;-7.29232e-20
-0.78;-0.89;1.77408e-33
-0.78;-0.88;-9.98262e-20
-0.78;-0.87;1.81562e-33
-0.78;-0.86;1.02571e-19
-0.78;-0.85;1.86102e-33
-0.78;-0.84;1.88608e-33
-0.78;-0.83;1.90636e-33
-0.78;-0.82;1.93025e-33
-0.78;-0.81;1.95297e-33
-0.78;-0.8;1.97583e-33
-0.78;-0.79;1.99943e-33
-0.78;-0.78;2.02788e-33
-0.78;-0.77;2.05633e-33
-0.78;-0.76;2.0854e-33
-0.78;-0.75;2.11171e-33
-0.78;-0.74;2.13996e-33
-0.78;-0.73;2.16586e-33
-0.78;-0.72;2.19976e-33
-0.78;-0.71;2.23061e-33
-0.78;-0.7;2.26525e-33
-0.78;-0.69;2.29836e-33
-0.78;-0.68;2.33488e-33
-0.78;-0.67;-1.28887e-19
-0.78;-0.66;2.40081e-33
-0.78;-0.65;2.43651e-33
-0.78;-0.64;2.47313e-33
-0.78;-0.63;2.512e-33
-0.78;-0.62;0.000741458
-0.78;-0.61;0.00203493
-0.78;-0.6;0.00334777
-0.78;-0.59;0.0046795
-0.78;-0.58;0.00602042
-0.78;-0.57;0.00737192
-0.78;-0.56;0.0087332
-0.78;-0.55;0.0101033
-0.78;-0.54;0.0114862
-0.78;-0.53;0.0128826
-0.78;-0.52;0.0142753
-0.78;-0.51;0.0156723
-0.78;-0.5;0.0170829
-0.78;-0.49;0.0184757
-0.78;-0.48;0.0199138
-0.78;-0.47;0.0213083
-0.78;-0.46;0.0227248
-0.78;-0.45;0.0241402
-0.78;-0.44;0.025538
-0.78;-0.43;0.0269337
-0.78;-0.42;0.0283149
-0.78;-0.41;0.0297104
-0.78;-0.4;0.0310773
-0.78;-0.39;0.0324383
-0.78;-0.38;0.0337764
-0.78;-0.37;0.0351008
-0.78;-0.36;0.0364229
-0.78;-0.35;0.0377029
-0.78;-0.34;0.0389852
-0.78;-0.33;0.0402464
-0.78;-0.32;0.0414734
-0.78;-0.31;0.0427036
-0.78;-0.3;0.0438735
-0.78;-0.29;0.0450116
-0.78;-0.28;0.0461583
-0.78;-0.27;0.0472519
-0.78;-0.26;0.0483104
-0.78;-0.25;0.049355
-0.78;-0.24;0.0503677
-0.78;-0.23;0.0513311
-0.78;-0.22;0.0522729
-0.78;-0.21;0.0531833
-0.78;-0.2;0.0540473
-0.78;-0.19;0.0548679
-0.78;-0.18;0.0556578
-0.78;-0.17;0.0564254
-0.78;-0.16;0.0571281
-0.78;-0.15;0.0577862
-0.78;-0.14;0.0584172
-0.78;-0.13;0.0590145
-0.78;-0.12;0.0595711
-0.78;-0.11;0.0600743
-0.78;-0.1;0.0605468
-0.78;-0.09;0.0609587
-0.78;-0.08;0.0613332
-0.78;-0.07;0.0616508
-0.78;-0.06;0.0619415
-0.78;-0.05;0.0621915
-0.78;-0.04;0.0623933
-0.78;-0.03;0.0625439
-0.78;-0.02;0.0626534
-0.78;-0.01;0.0627261
-0.78;0;0.0627494
-0.78;0.01;0.062732
-0.78;0.02;0.0626593
-0.78;0.03;0.0625467
-0.78;0.04;0.0623892
-0.78;0.05;0.0621848
-0.78;0.06;0.061939
-0.78;0.07;0.0616472
-0.78;0.08;0.0613203
-0.78;0.09;0.0609518
-0.78;0.1;0.0605426
-0.78;0.11;0.0600861
-0.78;0.12;0.0595684
-0.78;0.13;0.0590111
-0.78;0.14;0.0584093
-0.78;0.15;0.0577905
-0.78;0.16;0.0571273
-0.78;0.17;0.0564193
-0.78;0.18;0.0556541
-0.78;0.19;0.054863
-0.78;0.2;0.0540464
-0.78;0.21;0.053196
-0.78;0.22;0.0522728
-0.78;0.23;0.0513294
-0.78;0.24;0.0503758
-0.78;0.25;0.0493654
-0.78;0.26;0.0483198
-0.78;0.27;0.0472523
-0.78;0.28;0.0461551
-0.78;0.29;0.0450162
-0.78;0.3;0.0438667
-0.78;0.31;0.0426962
-0.78;0.32;0.0414679
-0.78;0.33;0.0402527
-0.78;0.34;0.0389951
-0.78;0.35;0.0377154
-0.78;0.36;0.0364233
-0.78;0.37;0.0350977
-0.78;0.38;0.0337773
-0.78;0.39;0.0324421
-0.78;0.4;0.0310808
-0.78;0.41;0.0297125
-0.78;0.42;0.0283258
-0.78;0.43;0.0269365
-0.78;0.44;0.0255403
-0.78;0.45;0.0241436
-0.78;0.46;0.0227289
-0.78;0.47;0.021309
-0.78;0.48;0.0199092
-0.78;0.49;0.0184946
-0.78;0.5;0.0170847
-0.78;0.51;0.0156731
-0.78;0.52;0.0142719
-0.78;0.53;0.0128798
-0.78;0.54;0.0114855
-0.78;0.55;0.0101034
-0.78;0.56;0.00871997
-0.78;0.57;0.00737013
-0.78;0.58;0.00601575
-0.78;0.59;0.00467495
-0.78;0.6;0.00333496
-0.78;0.61;0.00202625
-0.78;0.62;0.000742589
-0.78;0.63;2.51329e-33
-0.78;0.64;2.47426e-33
-0.78;0.65;2.43543e-33
-0.78;0.66;-3.38234e-20
-0.78;0.67;2.36281e-33
-0.78;0.68;2.33247e-33
-0.78;0.69;2.29944e-33
-0.78;0.7;2.26809e-33
-0.78;0.71;6.28437e-20
-0.78;0.72;2.20195e-33
-0.78;0.73;2.1696e-33
-0.78;0.74;2.14154e-33
-0.78;0.75;2.10976e-33
-0.78;0.76;2.08469e-33
-0.78;0.77;2.05723e-33
-0.78;0.78;2.02916e-33
-0.78;0.79;2.0011e-33
-0.78;0.8;1.97598e-33
-0.78;0.81;1.95167e-33
-0.78;0.82;1.92823e-33
-0.78;0.83;1.90359e-33
-0.78;0.84;1.88289e-33
-0.78;0.85;1.85732e-33
-0.78;0.86;1.83917e-33
-0.78;0.87;1.81366e-33
-0.78;0.88;1.79758e-33
-0.78;0.89;1.77458e-33
-0.78;0.9;1.76003e-33
-0.78;0.91;1.73783e-33
-0.78;0.92;1.72204e-33
-0.78;0.93;1.70377e-33
-0.78;0.94;1.68323e-33
-0.78;0.95;1.67082e-33
-0.78;0.96;1.64841e-33
-0.78;0.97;1.59634e-33
-0.78;0.98;1.59634e-33
-0.78;0.99;1.59634e-33
-0.77;-1;1.56312e-33
-0.77;-0.99;1.55753e-33
-0.77;-0.98;1.59668e-33
-0.77;-0.97;1.61111e-33
-0.77;-0.96;1.63055e-33
-0.77;-0.95;1.63591e-33
-0.77;-0.94;1.63591e-33
-0.77;-0.93;1.67935e-33
-0.77;-0.92;1.69773e-33
-0.77;-0.91;-4.62983e-20
-0.77;-0.9;1.73279e-33
-0.77;-0.89;4.86155e-20
-0.77;-0.88;1.77079e-33
-0.77;-0.87;9.98262e-20
-0.77;-0.86;1.8128e-33
-0.77;-0.85;1.02571e-19
-0.77;-0.84;1.86006e-33
-0.77;-0.83;1.88411e-33
-0.77;-0.82;1.90636e-33
-0.77;-0.81;1.92893e-33
-0.77;-0.8;1.95297e-33
-0.77;-0.79;1.97517e-33
-0.77;-0.78;1.99943e-33
-0.77;-0.77;2.02788e-33
-0.77;-0.76;2.05633e-33
-0.77;-0.75;2.08617e-33
-0.77;-0.74;2.11309e-33
-0.77;-0.73;2.14134e-33
-0.77;-0.72;2.16832e-33
-0.77;-0.71;1.22245e-19
-0.77;-0.7;2.23393e-33
-0.77;-0.69;2.26857e-33
-0.77;-0.68;2.30268e-33
-0.77;-0.67;2.33791e-33
-0.77;-0.66;-1.28887e-19
-0.77;-0.65;2.40659e-33
-0.77;-0.64;2.44229e-33
-0.77;-0.63;0.00102617
-0.77;-0.62;0.00230272
-0.77;-0.61;0.00360455
-0.77;-0.6;0.00491921
-0.77;-0.59;0.00624369
-0.77;-0.58;0.00759016
-0.77;-0.57;0.00894635
-0.77;-0.56;0.0103076
-0.77;-0.55;0.0116784
-0.77;-0.54;0.0130586
-0.77;-0.53;0.0144408
-0.77;-0.52;0.0158356
-0.77;-0.51;0.0172248
-0.77;-0.5;0.018631
-0.77;-0.49;0.0200417
-0.77;-0.48;0.0214401
-0.77;-0.47;0.0228583
-0.77;-0.46;0.024255
-0.77;-0.45;0.0256582
-0.77;-0.44;0.027046
-0.77;-0.43;0.0284366
-0.77;-0.42;0.0298094
-0.77;-0.41;0.0311795
-0.77;-0.4;0.0325304
-0.77;-0.39;0.0338744
-0.77;-0.38;0.035211
-0.77;-0.37;0.0365086
-0.77;-0.36;0.0378196
-0.77;-0.35;0.0390854
-0.77;-0.34;0.0403394
-0.77;-0.33;0.0415931
-0.77;-0.32;0.0427877
-0.77;-0.31;0.0439861
-0.77;-0.3;0.0451478
-0.77;-0.29;0.0462755
-0.77;-0.28;0.0473847
-0.77;-0.27;0.0484719
-0.77;-0.26;0.0495117
-0.77;-0.25;0.0505401
-0.77;-0.24;0.051531
-0.77;-0.23;0.0524654
-0.77;-0.22;0.0533902
-0.77;-0.21;0.0542703
-0.77;-0.2;0.0551158
-0.77;-0.19;0.0559064
-0.77;-0.18;0.0566824
-0.77;-0.17;0.0574294
-0.77;-0.16;0.0581158
-0.77;-0.15;0.0587534
-0.77;-0.14;0.0593655
-0.77;-0.13;0.0599399
-0.77;-0.12;0.0604733
-0.77;-0.11;0.0609783
-0.77;-0.1;0.0614209
-0.77;-0.09;0.0618198
-0.77;-0.08;0.0621806
-0.77;-0.07;0.062497
-0.77;-0.06;0.0627816
-0.77;-0.05;0.0630166
-0.77;-0.04;0.0632196
-0.77;-0.03;0.0633742
-0.77;-0.02;0.063476
-0.77;-0.01;0.0635426
-0.77;0;0.063561
-0.77;0.01;0.0635443
-0.77;0.02;0.0634694
-0.77;0.03;0.0633674
-0.77;0.04;0.0632232
-0.77;0.05;0.0630239
-0.77;0.06;0.0627815
-0.77;0.07;0.0625061
-0.77;0.08;0.0621859
-0.77;0.09;0.0618214
-0.77;0.1;0.0614264
-0.77;0.11;0.0609792
-0.77;0.12;0.0604794
-0.77;0.13;0.0599425
-0.77;0.14;0.0593595
-0.77;0.15;0.0587549
-0.77;0.16;0.0581125
-0.77;0.17;0.0574213
-0.77;0.18;0.0566939
-0.77;0.19;0.0559147
-0.77;0.2;0.0551098
-0.77;0.21;0.0542732
-0.77;0.22;0.0533885
-0.77;0.23;0.0524677
-0.77;0.24;0.0515244
-0.77;0.25;0.0505384
-0.77;0.26;0.0495139
-0.77;0.27;0.0484769
-0.77;0.28;0.0473946
-0.77;0.29;0.0462803
-0.77;0.3;0.0451546
-0.77;0.31;0.0439865
-0.77;0.32;0.0427962
-0.77;0.33;0.0415908
-0.77;0.34;0.0403488
-0.77;0.35;0.0390908
-0.77;0.36;0.0378226
-0.77;0.37;0.0365195
-0.77;0.38;0.0352102
-0.77;0.39;0.0338802
-0.77;0.4;0.0325285
-0.77;0.41;0.0311797
-0.77;0.42;0.0298098
-0.77;0.43;0.0284386
-0.77;0.44;0.0270497
-0.77;0.45;0.0256596
-0.77;0.46;0.024253
-0.77;0.47;0.0228493
-0.77;0.48;0.02144
-0.77;0.49;0.0200372
-0.77;0.5;0.0186346
-0.77;0.51;0.0172283
-0.77;0.52;0.0158477
-0.77;0.53;0.0144439
-0.77;0.54;0.0130569
-0.77;0.55;0.0116578
-0.77;0.56;0.0103018
-0.77;0.57;0.00892545
-0.77;0.58;0.00758628
-0.77;0.59;0.00623797
-0.77;0.6;0.00491215
-0.77;0.61;0.00358691
-0.77;0.62;0.00230439
-0.77;0.63;0.00102687
-0.77;0.64;2.44196e-33
-0.77;0.65;-6.76468e-20
-0.77;0.66;2.36732e-33
-0.77;0.67;2.33522e-33
-0.77;0.68;2.30335e-33
-0.77;0.69;2.27151e-33
-0.77;0.7;2.2358e-33
-0.77;0.71;2.2043e-33
-0.77;0.72;2.17195e-33
-0.77;0.73;2.1431e-33
-0.77;0.74;2.11132e-33
-0.77;0.75;2.08542e-33
-0.77;0.76;2.05723e-33
-0.77;0.77;2.02916e-33
-0.77;0.78;2.0011e-33
-0.77;0.79;1.97528e-33
-0.77;0.8;1.95167e-33
-0.77;0.81;1.92687e-33
-0.77;0.82;1.90359e-33
-0.77;0.83;1.88089e-33
-0.77;0.84;1.85634e-33
-0.77;0.85;1.83647e-33
-0.77;0.86;1.81096e-33
-0.77;0.87;1.79449e-33
-0.77;0.88;1.77149e-33
-0.77;0.89;1.7564e-33
-0.77;0.9;1.7342e-33
-0.77;0.91;1.72034e-33
-0.77;0.92;1.69979e-33
-0.77;0.93;1.68185e-33
-0.77;0.94;1.66579e-33
-0.77;0.95;1.64338e-33
-0.77;0.96;1.59634e-33
-0.77;0.97;1.59634e-33
-0.77;0.98;1.59634e-33
-0.77;0.99;1.58141e-33
-0.76;-1;1.54875e-33
-0.76;-0.99;1.5576e-33
-0.76;-0.98;1.55753e-33
-0.76;-0.97;1.55753e-33
-0.76;-0.96;1.60612e-33
-0.76;-0.95;1.62557e-33
-0.76;-0.94;1.63591e-33
-0.76;-0.93;1.63591e-33
-0.76;-0.92;1.67935e-33
-0.76;-0.91;1.69366e-33
-0.76;-0.9;1.7147e-33
-0.76;-0.89;1.72913e-33
-0.76;-0.88;-9.7231e-20
-0.76;-0.87;1.7675e-33
-0.76;-0.86;-9.98262e-20
-0.76;-0.85;1.81029e-33
-0.76;-0.84;1.83655e-33
-0.76;-0.83;1.86006e-33
-0.76;-0.82;1.88215e-33
-0.76;-0.81;1.90636e-33
-0.76;-0.8;1.92761e-33
-0.76;-0.79;1.95297e-33
-0.76;-0.78;1.97451e-33
-0.76;-0.77;1.99943e-33
-0.76;-0.76;2.02788e-33
-0.76;-0.75;2.05633e-33
-0.76;-0.74;2.08693e-33
-0.76;-0.73;2.11448e-33
-0.76;-0.72;2.14273e-33
-0.76;-0.71;2.17079e-33
-0.76;-0.7;2.20469e-33
-0.76;-0.69;2.23725e-33
-0.76;-0.68;2.27189e-33
-0.76;-0.67;2.30701e-33
-0.76;-0.66;2.34274e-33
-0.76;-0.65;2.37714e-33
-0.76;-0.64;0.00122815
-0.76;-0.63;0.00251132
-0.76;-0.62;0.00380675
-0.76;-0.61;0.00510062
-0.76;-0.6;0.00640824
-0.76;-0.59;0.00774371
-0.76;-0.58;0.00908312
-0.76;-0.57;0.0104345
-0.76;-0.56;0.0117822
-0.76;-0.55;0.0131681
-0.76;-0.54;0.0145405
-0.76;-0.53;0.0159349
-0.76;-0.52;0.0173101
-0.76;-0.51;0.0187211
-0.76;-0.5;0.020109
-0.76;-0.49;0.0215118
-0.76;-0.48;0.0229014
-0.76;-0.47;0.0243022
-0.76;-0.46;0.0256721
-0.76;-0.45;0.0270677
-0.76;-0.44;0.028448
-0.76;-0.43;0.0298233
-0.76;-0.42;0.0311763
-0.76;-0.41;0.0325277
-0.76;-0.4;0.0338832
-0.76;-0.39;0.0351972
-0.76;-0.38;0.0365196
-0.76;-0.37;0.037807
-0.76;-0.36;0.0390902
-0.76;-0.35;0.040345
-0.76;-0.34;0.0415816
-0.76;-0.33;0.0428052
-0.76;-0.32;0.0439828
-0.76;-0.31;0.0451492
-0.76;-0.3;0.0463019
-0.76;-0.29;0.0473983
-0.76;-0.28;0.0484905
-0.76;-0.27;0.0495441
-0.76;-0.26;0.0505599
-0.76;-0.25;0.0515562
-0.76;-0.24;0.0525282
-0.76;-0.23;0.0534396
-0.76;-0.22;0.0543473
-0.76;-0.21;0.055198
-0.76;-0.2;0.0560134
-0.76;-0.19;0.0567884
-0.76;-0.18;0.0575381
-0.76;-0.17;0.0582529
-0.76;-0.16;0.0589318
-0.76;-0.15;0.0595548
-0.76;-0.14;0.0601386
-0.76;-0.13;0.0606958
-0.76;-0.12;0.0612112
-0.76;-0.11;0.0616858
-0.76;-0.1;0.0621212
-0.76;-0.09;0.0625144
-0.76;-0.08;0.0628553
-0.76;-0.07;0.0631637
-0.76;-0.06;0.0634361
-0.76;-0.05;0.0636621
-0.76;-0.04;0.0638538
-0.76;-0.03;0.0639995
-0.76;-0.02;0.0640989
-0.76;-0.01;0.0641682
-0.76;0;0.0641944
-0.76;0.01;0.0641592
-0.76;0.02;0.0641062
-0.76;0.03;0.0639977
-0.76;0.04;0.0638595
-0.76;0.05;0.0636726
-0.76;0.06;0.0634372
-0.76;0.07;0.0631673
-0.76;0.08;0.0628584
-0.76;0.09;0.0625153
-0.76;0.1;0.0621216
-0.76;0.11;0.0616916
-0.76;0.12;0.0612128
-0.76;0.13;0.0606978
-0.76;0.14;0.0601401
-0.76;0.15;0.0595502
-0.76;0.16;0.0589314
-0.76;0.17;0.0582557
-0.76;0.18;0.0575394
-0.76;0.19;0.0567935
-0.76;0.2;0.056018
-0.76;0.21;0.0551992
-0.76;0.22;0.0543363
-0.76;0.23;0.0534433
-0.76;0.24;0.0525296
-0.76;0.25;0.0515627
-0.76;0.26;0.0505713
-0.76;0.27;0.049554
-0.76;0.28;0.0484907
-0.76;0.29;0.0474054
-0.76;0.3;0.0463034
-0.76;0.31;0.0451531
-0.76;0.32;0.0439942
-0.76;0.33;0.0428031
-0.76;0.34;0.0415799
-0.76;0.35;0.0403453
-0.76;0.36;0.039085
-0.76;0.37;0.037807
-0.76;0.38;0.0365201
-0.76;0.39;0.0351977
-0.76;0.4;0.0338813
-0.76;0.41;0.0325299
-0.76;0.42;0.0311806
-0.76;0.43;0.0298203
-0.76;0.44;0.0284569
-0.76;0.45;0.0270757
-0.76;0.46;0.0256837
-0.76;0.47;0.0243049
-0.76;0.48;0.022901
-0.76;0.49;0.0215083
-0.76;0.5;0.0201071
-0.76;0.51;0.0187214
-0.76;0.52;0.0173097
-0.76;0.53;0.0159287
-0.76;0.54;0.0145352
-0.76;0.55;0.0131734
-0.76;0.56;0.0118054
-0.76;0.57;0.0104388
-0.76;0.58;0.00907718
-0.76;0.59;0.00774027
-0.76;0.6;0.00640594
-0.76;0.61;0.00510271
-0.76;0.62;0.00378257
-0.76;0.63;0.00251167
-0.76;0.64;0.00124451
-0.76;0.65;2.37183e-33
-0.76;0.66;2.33973e-33
-0.76;0.67;2.30726e-33
-0.76;0.68;2.27493e-33
-0.76;0.69;1.25687e-19
-0.76;0.7;2.20665e-33
-0.76;0.71;2.1743e-33
-0.76;0.72;2.14466e-33
-0.76;0.73;2.11287e-33
-0.76;0.74;2.08614e-33
-0.76;0.75;2.05723e-33
-0.76;0.76;2.02916e-33
-0.76;0.77;2.0011e-33
-0.76;0.78;1.97459e-33
-0.76;0.79;1.95167e-33
-0.76;0.8;1.92551e-33
-0.76;0.81;1.90359e-33
-0.76;0.82;1.87888e-33
-0.76;0.83;1.85634e-33
-0.76;0.84;1.83376e-33
-0.76;0.85;1.80854e-33
-0.76;0.86;1.79141e-33
-0.76;0.87;1.7684e-33
-0.76;0.88;1.75277e-33
-0.76;0.89;1.73058e-33
-0.76;0.9;1.71636e-33
-0.76;0.91;1.69582e-33
-0.76;0.92;1.68185e-33
-0.76;0.93;1.66076e-33
-0.76;0.94;1.63835e-33
-0.76;0.95;1.59634e-33
-0.76;0.96;1.59634e-33
-0.76;0.97;1.59542e-33
-0.76;0.98;1.57571e-33
-0.76;0.99;1.52e-33
-0.75;-1;1.48411e-33
-0.75;-0.99;1.54282e-33
-0.75;-0.98;1.55753e-33
-0.75;-0.97;1.55753e-33
-0.75;-0.96;1.55753e-33
-0.75;-0.95;1.60114e-33
-0.75;-0.94;1.62058e-33
-0.75;-0.93;1.63591e-33
-0.75;-0.92;1.63591e-33
-0.75;-0.91;6.94474e-20
-0.75;-0.9;1.68959e-33
-0.75;-0.89;-4.62983e-20
-0.75;-0.88;1.72547e-33
-0.75;-0.87;1.74786e-33
-0.75;-0.86;1.7642e-33
-0.75;-0.85;9.98262e-20
-0.75;-0.84;1.81029e-33
-0.75;-0.83;1.83374e-33
-0.75;-0.82;1.86006e-33
-0.75;-0.81;1.88019e-33
-0.75;-0.8;1.90524e-33
-0.75;-0.79;1.92629e-33
-0.75;-0.78;1.95185e-33
-0.75;-0.77;1.97386e-33
-0.75;-0.76;1.99943e-33
-0.75;-0.75;2.02788e-33
-0.75;-0.74;2.05682e-33
-0.75;-0.73;2.0877e-33
-0.75;-0.72;2.11586e-33
-0.75;-0.71;2.14412e-33
-0.75;-0.7;2.17325e-33
-0.75;-0.69;6.11224e-20
-0.75;-0.68;2.24056e-33
-0.75;-0.67;2.27521e-33
-0.75;-0.66;0.000174282
-0.75;-0.65;0.00140696
-0.75;-0.64;0.00266517
-0.75;-0.63;0.0039258
-0.75;-0.62;0.00522642
-0.75;-0.61;0.00652406
-0.75;-0.6;0.00784391
-0.75;-0.59;0.00917085
-0.75;-0.58;0.0105016
-0.75;-0.57;0.0118479
-0.75;-0.56;0.0132162
-0.75;-0.55;0.0145783
-0.75;-0.54;0.0159534
-0.75;-0.53;0.0173375
-0.75;-0.52;0.0187196
-0.75;-0.51;0.0201079
-0.75;-0.5;0.0214969
-0.75;-0.49;0.0228739
-0.75;-0.48;0.0242509
-0.75;-0.47;0.0256275
-0.75;-0.46;0.027018
-0.75;-0.45;0.0283855
-0.75;-0.44;0.0297566
-0.75;-0.43;0.0311163
-0.75;-0.42;0.0324669
-0.75;-0.41;0.0337831
-0.75;-0.4;0.0351201
-0.75;-0.39;0.0364189
-0.75;-0.38;0.0377134
-0.75;-0.37;0.0389844
-0.75;-0.36;0.0402362
-0.75;-0.35;0.0414825
-0.75;-0.34;0.0426816
-0.75;-0.33;0.0438862
-0.75;-0.32;0.0450491
-0.75;-0.31;0.0461757
-0.75;-0.3;0.0473012
-0.75;-0.29;0.0483791
-0.75;-0.28;0.0494482
-0.75;-0.27;0.0504794
-0.75;-0.26;0.0514737
-0.75;-0.25;0.0524389
-0.75;-0.24;0.0533785
-0.75;-0.23;0.0542585
-0.75;-0.22;0.0551467
-0.75;-0.21;0.0559587
-0.75;-0.2;0.0567504
-0.75;-0.19;0.0575016
-0.75;-0.18;0.0582303
-0.75;-0.17;0.0589067
-0.75;-0.16;0.0595527
-0.75;-0.15;0.0601633
-0.75;-0.14;0.0607295
-0.75;-0.13;0.0612647
-0.75;-0.12;0.0617619
-0.75;-0.11;0.062219
-0.75;-0.1;0.0626463
-0.75;-0.09;0.06301
-0.75;-0.08;0.0633437
-0.75;-0.07;0.0636388
-0.75;-0.06;0.0638945
-0.75;-0.05;0.0641211
-0.75;-0.04;0.0643003
-0.75;-0.03;0.0644346
-0.75;-0.02;0.0645355
-0.75;-0.01;0.0646073
-0.75;0;0.0646175
-0.75;0.01;0.0645934
-0.75;0.02;0.0645415
-0.75;0.03;0.0644418
-0.75;0.04;0.0642963
-0.75;0.05;0.0641171
-0.75;0.06;0.0638986
-0.75;0.07;0.0636408
-0.75;0.08;0.0633447
-0.75;0.09;0.0630098
-0.75;0.1;0.0626363
-0.75;0.11;0.0622265
-0.75;0.12;0.0617661
-0.75;0.13;0.0612666
-0.75;0.14;0.0607363
-0.75;0.15;0.0601652
-0.75;0.16;0.0595662
-0.75;0.17;0.0589216
-0.75;0.18;0.0582261
-0.75;0.19;0.0575109
-0.75;0.2;0.0567597
-0.75;0.21;0.0559665
-0.75;0.22;0.0551222
-0.75;0.23;0.0542617
-0.75;0.24;0.0533762
-0.75;0.25;0.0524299
-0.75;0.26;0.0514605
-0.75;0.27;0.0504775
-0.75;0.28;0.0494335
-0.75;0.29;0.048381
-0.75;0.3;0.0473024
-0.75;0.31;0.0461928
-0.75;0.32;0.0450488
-0.75;0.33;0.043877
-0.75;0.34;0.0426808
-0.75;0.35;0.0414835
-0.75;0.36;0.0402325
-0.75;0.37;0.0389818
-0.75;0.38;0.0377081
-0.75;0.39;0.0364139
-0.75;0.4;0.035115
-0.75;0.41;0.033788
-0.75;0.42;0.0324635
-0.75;0.43;0.0310981
-0.75;0.44;0.029752
-0.75;0.45;0.0283828
-0.75;0.46;0.0270154
-0.75;0.47;0.0256424
-0.75;0.48;0.0242601
-0.75;0.49;0.0228729
-0.75;0.5;0.0214906
-0.75;0.51;0.020094
-0.75;0.52;0.018709
-0.75;0.53;0.0173302
-0.75;0.54;0.0159499
-0.75;0.55;0.0145797
-0.75;0.56;0.0132205
-0.75;0.57;0.0118667
-0.75;0.58;0.0105195
-0.75;0.59;0.00918014
-0.75;0.6;0.00785567
-0.75;0.61;0.00652409
-0.75;0.62;0.00523273
-0.75;0.63;0.00392757
-0.75;0.64;0.00266849
-0.75;0.65;0.00140536
-0.75;0.66;0.000169958
-0.75;0.67;2.27835e-33
-0.75;0.68;2.24264e-33
-0.75;0.69;2.209e-33
-0.75;0.7;2.17665e-33
-0.75;0.71;2.14622e-33
-0.75;0.72;2.11443e-33
-0.75;0.73;2.08687e-33
-0.75;0.74;2.05769e-33
-0.75;0.75;2.02916e-33
-0.75;0.76;2.0011e-33
-0.75;0.77;1.97389e-33
-0.75;0.78;1.95051e-33
-0.75;0.79;1.92415e-33
-0.75;0.8;1.90245e-33
-0.75;0.81;1.87688e-33
-0.75;0.82;1.85634e-33
-0.75;0.83;1.83106e-33
-0.75;0.84;1.80854e-33
-0.75;0.85;1.78832e-33
-0.75;0.86;1.76531e-33
-0.75;0.87;1.74914e-33
-0.75;0.88;1.72695e-33
-0.75;0.89;1.71239e-33
-0.75;0.9;1.69185e-33
-0.75;0.91;1.67815e-33
-0.75;0.92;1.65573e-33
-0.75;0.93;1.63732e-33
-0.75;0.94;1.59634e-33
-0.75;0.95;1.59634e-33
-0.75;0.96;1.58972e-33
-0.75;0.97;1.57002e-33
-0.75;0.98;1.52e-33
-0.75;0.99;1.5421e-33
-0.74;-1;1.51033e-33
-0.74;-0.99;1.48411e-33
-0.74;-0.98;1.5369e-33
-0.74;-0.97;1.55523e-33
-0.74;-0.96;1.55753e-33
-0.74;-0.95;1.55753e-33
-0.74;-0.94;1.59668e-33
-0.74;-0.93;1.6156e-33
-0.74;-0.92;5.07348e-20
-0.74;-0.91;1.63591e-33
-0.74;-0.9;1.67083e-33
-0.74;-0.89;1.68552e-33
-0.74;-0.88;-9.25966e-20
-0.74;-0.87;1.72181e-33
-0.74;-0.86;9.7231e-20
-0.74;-0.85;1.76369e-33
-0.74;-0.84;1.78543e-33
-0.74;-0.83;-2.49566e-20
-0.74;-0.82;1.83092e-33
-0.74;-0.81;6.41066e-20
-0.74;-0.8;1.87822e-33
-0.74;-0.79;1.90328e-33
-0.74;-0.78;1.92497e-33
-0.74;-0.77;1.95053e-33
-0.74;-0.76;1.9732e-33
-0.74;-0.75;-5.04885e-20
-0.74;-0.74;2.02788e-33
-0.74;-0.73;2.05759e-33
-0.74;-0.72;2.08847e-33
-0.74;-0.71;2.11725e-33
-0.74;-0.7;2.1455e-33
-0.74;-0.69;2.17571e-33
-0.74;-0.68;-6.11224e-20
-0.74;-0.67;0.000315673
-0.74;-0.66;0.00153969
-0.74;-0.65;0.00277382
-0.74;-0.64;0.00402799
-0.74;-0.63;0.0053112
-0.74;-0.62;0.00660226
-0.74;-0.61;0.00789575
-0.74;-0.6;0.00921054
-0.74;-0.59;0.0105467
-0.74;-0.58;0.0118753
-0.74;-0.57;0.0132177
-0.74;-0.56;0.0145676
-0.74;-0.55;0.015918
-0.74;-0.54;0.0172946
-0.74;-0.53;0.0186442
-0.74;-0.52;0.0200337
-0.74;-0.51;0.0214036
-0.74;-0.5;0.0227834
-0.74;-0.49;0.024139
-0.74;-0.48;0.0255319
-0.74;-0.47;0.0268924
-0.74;-0.46;0.0282585
-0.74;-0.45;0.0295994
-0.74;-0.44;0.0309581
-0.74;-0.43;0.0322939
-0.74;-0.42;0.033622
-0.74;-0.41;0.0349328
-0.74;-0.4;0.03623
-0.74;-0.39;0.0375213
-0.74;-0.38;0.038788
-0.74;-0.37;0.0400441
-0.74;-0.36;0.0412624
-0.74;-0.35;0.0424816
-0.74;-0.34;0.0436616
-0.74;-0.33;0.0448292
-0.74;-0.32;0.0459775
-0.74;-0.31;0.0470813
-0.74;-0.3;0.0481692
-0.74;-0.29;0.049223
-0.74;-0.28;0.0502592
-0.74;-0.27;0.0512604
-0.74;-0.26;0.052218
-0.74;-0.25;0.0531511
-0.74;-0.24;0.0540612
-0.74;-0.23;0.0549209
-0.74;-0.22;0.0557548
-0.74;-0.21;0.0565624
-0.74;-0.2;0.0573404
-0.74;-0.19;0.0580536
-0.74;-0.18;0.058742
-0.74;-0.17;0.0594104
-0.74;-0.16;0.0600364
-0.74;-0.15;0.0606115
-0.74;-0.14;0.0611469
-0.74;-0.13;0.0616607
-0.74;-0.12;0.0621432
-0.74;-0.11;0.0625781
-0.74;-0.1;0.0629632
-0.74;-0.09;0.0633236
-0.74;-0.08;0.0636407
-0.74;-0.07;0.0639204
-0.74;-0.06;0.0641639
-0.74;-0.05;0.0643784
-0.74;-0.04;0.0645486
-0.74;-0.03;0.0646839
-0.74;-0.02;0.0647722
-0.74;-0.01;0.0648343
-0.74;0;0.064859
-0.74;0.01;0.0648492
-0.74;0.02;0.0647848
-0.74;0.03;0.0646877
-0.74;0.04;0.0645558
-0.74;0.05;0.0643747
-0.74;0.06;0.0641676
-0.74;0.07;0.0639243
-0.74;0.08;0.0636349
-0.74;0.09;0.0633153
-0.74;0.1;0.0629627
-0.74;0.11;0.0625805
-0.74;0.12;0.0621355
-0.74;0.13;0.0616656
-0.74;0.14;0.0611547
-0.74;0.15;0.0606095
-0.74;0.16;0.0600375
-0.74;0.17;0.0594109
-0.74;0.18;0.0587514
-0.74;0.19;0.0580605
-0.74;0.2;0.0573301
-0.74;0.21;0.0565509
-0.74;0.22;0.0557539
-0.74;0.23;0.05493
-0.74;0.24;0.0540613
-0.74;0.25;0.0531455
-0.74;0.26;0.0522159
-0.74;0.27;0.0512554
-0.74;0.28;0.0502463
-0.74;0.29;0.0492213
-0.74;0.3;0.0481706
-0.74;0.31;0.0470655
-0.74;0.32;0.0459704
-0.74;0.33;0.0448242
-0.74;0.34;0.0436594
-0.74;0.35;0.0424801
-0.74;0.36;0.0412647
-0.74;0.37;0.0400494
-0.74;0.38;0.0387983
-0.74;0.39;0.0375303
-0.74;0.4;0.0362419
-0.74;0.41;0.0349395
-0.74;0.42;0.0336304
-0.74;0.43;0.0322929
-0.74;0.44;0.0309605
-0.74;0.45;0.0296153
-0.74;0.46;0.0282648
-0.74;0.47;0.0268917
-0.74;0.48;0.0255318
-0.74;0.49;0.0241566
-0.74;0.5;0.0227855
-0.74;0.51;0.0214039
-0.74;0.52;0.0200396
-0.74;0.53;0.0186699
-0.74;0.54;0.0172993
-0.74;0.55;0.0159289
-0.74;0.56;0.0145761
-0.74;0.57;0.0132089
-0.74;0.58;0.011876
-0.74;0.59;0.0105451
-0.74;0.6;0.00921983
-0.74;0.61;0.00790456
-0.74;0.62;0.00659458
-0.74;0.63;0.00531501
-0.74;0.64;0.00404324
-0.74;0.65;0.00278551
-0.74;0.66;0.00153913
-0.74;0.67;0.000316143
-0.74;0.68;2.21136e-33
-0.74;0.69;2.179e-33
-0.74;0.7;2.14778e-33
-0.74;0.71;2.11599e-33
-0.74;0.72;2.08759e-33
-0.74;0.73;2.05842e-33
-0.74;0.74;2.02916e-33
-0.74;0.75;2.00065e-33
-0.74;0.76;1.97319e-33
-0.74;0.77;1.94915e-33
-0.74;0.78;1.92279e-33
-0.74;0.79;1.90044e-33
-0.74;0.8;1.87487e-33
-0.74;0.81;1.85387e-33
-0.74;0.82;1.82836e-33
-0.74;0.83;1.80823e-33
-0.74;0.84;1.78523e-33
-0.74;0.85;1.76483e-33
-0.74;0.86;1.74552e-33
-0.74;0.87;1.72332e-33
-0.74;0.88;1.70841e-33
-0.74;0.89;1.68787e-33
-0.74;0.9;1.67312e-33
-0.74;0.91;1.65071e-33
-0.74;0.92;1.63642e-33
-0.74;0.93;1.59634e-33
-0.74;0.94;1.59634e-33
-0.74;0.95;1.58402e-33
-0.74;0.96;1.56432e-33
-0.74;0.97;1.55377e-33
-0.74;0.98;1.53653e-33
-0.74;0.99;1.48357e-33
-0.73;-1;1.48776e-33
-0.73;-0.99;1.50437e-33
-0.73;-0.98;1.51933e-33
-0.73;-0.97;1.53098e-33
-0.73;-0.96;1.5493e-33
-0.73;-0.95;1.55753e-33
-0.73;-0.94;1.55753e-33
-0.73;-0.93;1.59668e-33
-0.73;-0.92;1.61062e-33
-0.73;-0.91;9.01952e-20
-0.73;-0.9;1.63591e-33
-0.73;-0.89;9.25966e-20
-0.73;-0.88;1.68145e-33
-0.73;-0.87;-9.25966e-20
-0.73;-0.86;1.72052e-33
-0.73;-0.85;1.74054e-33
-0.73;-0.84;9.1154e-20
-0.73;-0.83;1.78214e-33
-0.73;-0.82;1.80666e-33
-0.73;-0.81;1.82811e-33
-0.73;-0.8;-7.6928e-20
-0.73;-0.79;1.87626e-33
-0.73;-0.78;1.90131e-33
-0.73;-0.77;1.92366e-33
-0.73;-0.76;1.94922e-33
-0.73;-0.75;1.97254e-33
-0.73;-0.74;-9.42452e-20
-0.73;-0.73;2.02788e-33
-0.73;-0.72;2.05836e-33
-0.73;-0.71;2.08923e-33
-0.73;-0.7;2.11863e-33
-0.73;-0.69;2.14689e-33
-0.73;-0.68;0.000414631
-0.73;-0.67;0.00162175
-0.73;-0.66;0.00283554
-0.73;-0.65;0.00408657
-0.73;-0.64;0.00533493
-0.73;-0.63;0.00661754
-0.73;-0.62;0.00790187
-0.73;-0.61;0.00920307
-0.73;-0.6;0.0105141
-0.73;-0.59;0.0118365
-0.73;-0.58;0.0131695
-0.73;-0.57;0.0145041
-0.73;-0.56;0.0158418
-0.73;-0.55;0.017194
-0.73;-0.54;0.0185353
-0.73;-0.53;0.019904
-0.73;-0.52;0.0212568
-0.73;-0.51;0.0226204
-0.73;-0.5;0.0239787
-0.73;-0.49;0.0253447
-0.73;-0.48;0.0267091
-0.73;-0.47;0.0280542
-0.73;-0.46;0.0293972
-0.73;-0.45;0.0307362
-0.73;-0.44;0.0320664
-0.73;-0.43;0.0333846
-0.73;-0.42;0.034689
-0.73;-0.41;0.0359901
-0.73;-0.4;0.0372506
-0.73;-0.39;0.0385233
-0.73;-0.38;0.0397499
-0.73;-0.37;0.0409822
-0.73;-0.36;0.0421811
-0.73;-0.35;0.043363
-0.73;-0.34;0.0445213
-0.73;-0.33;0.0456551
-0.73;-0.32;0.0467757
-0.73;-0.31;0.0478422
-0.73;-0.3;0.0489
-0.73;-0.29;0.0499274
-0.73;-0.28;0.0509194
-0.73;-0.27;0.0518896
-0.73;-0.26;0.0528259
-0.73;-0.25;0.0537163
-0.73;-0.24;0.0546029
-0.73;-0.23;0.0554353
-0.73;-0.22;0.0562314
-0.73;-0.21;0.0570106
-0.73;-0.2;0.0577403
-0.73;-0.19;0.0584339
-0.73;-0.18;0.0590929
-0.73;-0.17;0.0597313
-0.73;-0.16;0.0603187
-0.73;-0.15;0.0608655
-0.73;-0.14;0.061387
-0.73;-0.13;0.0618737
-0.73;-0.12;0.0623303
-0.73;-0.11;0.0627367
-0.73;-0.1;0.0631045
-0.73;-0.09;0.0634422
-0.73;-0.08;0.0637382
-0.73;-0.07;0.0640071
-0.73;-0.06;0.0642423
-0.73;-0.05;0.0644441
-0.73;-0.04;0.0646082
-0.73;-0.03;0.0647344
-0.73;-0.02;0.0648194
-0.73;-0.01;0.0648759
-0.73;0;0.0649072
-0.73;0.01;0.0648798
-0.73;0.02;0.0648211
-0.73;0.03;0.0647325
-0.73;0.04;0.0645988
-0.73;0.05;0.0644401
-0.73;0.06;0.0642487
-0.73;0.07;0.0640026
-0.73;0.08;0.063736
-0.73;0.09;0.0634378
-0.73;0.1;0.0631125
-0.73;0.11;0.0627395
-0.73;0.12;0.0623265
-0.73;0.13;0.0618719
-0.73;0.14;0.0613839
-0.73;0.15;0.0608674
-0.73;0.16;0.0603154
-0.73;0.17;0.0597252
-0.73;0.18;0.0591055
-0.73;0.19;0.0584246
-0.73;0.2;0.0577345
-0.73;0.21;0.057002
-0.73;0.22;0.0562264
-0.73;0.23;0.0554301
-0.73;0.24;0.0545983
-0.73;0.25;0.0537143
-0.73;0.26;0.0528214
-0.73;0.27;0.0518971
-0.73;0.28;0.0509118
-0.73;0.29;0.0499257
-0.73;0.3;0.0489013
-0.73;0.31;0.0478516
-0.73;0.32;0.0467785
-0.73;0.33;0.0456518
-0.73;0.34;0.0445282
-0.73;0.35;0.043365
-0.73;0.36;0.0421866
-0.73;0.37;0.0409795
-0.73;0.38;0.039753
-0.73;0.39;0.03852
-0.73;0.4;0.0372514
-0.73;0.41;0.0359746
-0.73;0.42;0.034678
-0.73;0.43;0.0333804
-0.73;0.44;0.0320628
-0.73;0.45;0.0307411
-0.73;0.46;0.0293979
-0.73;0.47;0.0280497
-0.73;0.48;0.0267002
-0.73;0.49;0.0253442
-0.73;0.5;0.0239861
-0.73;0.51;0.0226295
-0.73;0.52;0.0212717
-0.73;0.53;0.0199115
-0.73;0.54;0.0185496
-0.73;0.55;0.0171935
-0.73;0.56;0.0158381
-0.73;0.57;0.0144981
-0.73;0.58;0.013145
-0.73;0.59;0.011831
-0.73;0.6;0.0105129
-0.73;0.61;0.00920473
-0.73;0.62;0.00790452
-0.73;0.63;0.00662359
-0.73;0.64;0.0053372
-0.73;0.65;0.00409285
-0.73;0.66;0.0028525
-0.73;0.67;0.00162302
-0.73;0.68;0.000414956
-0.73;0.69;2.14934e-33
-0.73;0.7;2.11755e-33
-0.73;0.71;2.08831e-33
-0.73;0.72;2.05914e-33
-0.73;0.73;2.02916e-33
-0.73;0.74;1.99995e-33
-0.73;0.75;1.97249e-33
-0.73;0.76;1.94779e-33
-0.73;0.77;1.92143e-33
-0.73;0.78;1.89844e-33
-0.73;0.79;1.87287e-33
-0.73;0.8;1.85116e-33
-0.73;0.81;1.82566e-33
-0.73;0.82;1.80514e-33
-0.73;0.83;1.78214e-33
-0.73;0.84;1.76408e-33
-0.73;0.85;1.74189e-33
-0.73;0.86;1.72204e-33
-0.73;0.87;1.70444e-33
-0.73;0.88;1.6839e-33
-0.73;0.89;1.66809e-33
-0.73;0.9;1.64568e-33
-0.73;0.91;1.63121e-33
-0.73;0.92;1.59634e-33
-0.73;0.93;1.59634e-33
-0.73;0.94;1.57832e-33
-0.73;0.95;1.55862e-33
-0.73;0.96;1.5482e-33
-0.73;0.97;1.53096e-33
-0.73;0.98;1.48357e-33
-0.73;0.99;1.44786e-33
-0.72;-1;1.47354e-33
-0.72;-0.99;1.48411e-33
-0.72;-0.98;1.49842e-33
-0.72;-0.97;1.51503e-33
-0.72;-0.96;1.52505e-33
-0.72;-0.95;1.54338e-33
-0.72;-0.94;1.55753e-33
-0.72;-0.93;1.55753e-33
-0.72;-0.92;1.5928e-33
-0.72;-0.91;1.60564e-33
-0.72;-0.9;1.62508e-33
-0.72;-0.89;1.63591e-33
-0.72;-0.88;1.66102e-33
-0.72;-0.87;1.67935e-33
-0.72;-0.86;1.69842e-33
-0.72;-0.85;4.62983e-20
-0.72;-0.84;1.73688e-33
-0.72;-0.83;2.43077e-20
-0.72;-0.82;1.77885e-33
-0.72;-0.81;1.80337e-33
-0.72;-0.8;1.8253e-33
-0.72;-0.79;-5.12853e-20
-0.72;-0.78;1.87429e-33
-0.72;-0.77;1.89935e-33
-0.72;-0.76;1.92234e-33
-0.72;-0.75;1.9479e-33
-0.72;-0.74;1.97188e-33
-0.72;-0.73;-5.38544e-20
-0.72;-0.72;2.02788e-33
-0.72;-0.71;2.05912e-33
-0.72;-0.7;2.09e-33
-0.72;-0.69;0.00046331
-0.72;-0.68;0.00165443
-0.72;-0.67;0.00286078
-0.72;-0.66;0.00409696
-0.72;-0.65;0.00532309
-0.72;-0.64;0.00659385
-0.72;-0.63;0.00786454
-0.72;-0.62;0.00914773
-0.72;-0.61;0.0104354
-0.72;-0.6;0.0117418
-0.72;-0.59;0.013045
-0.72;-0.58;0.014376
-0.72;-0.57;0.0156992
-0.72;-0.56;0.017044
-0.72;-0.55;0.0183835
-0.72;-0.54;0.0197255
-0.72;-0.53;0.0210755
-0.72;-0.52;0.0224187
-0.72;-0.51;0.0237757
-0.72;-0.5;0.0251095
-0.72;-0.49;0.0264558
-0.72;-0.48;0.0277856
-0.72;-0.47;0.0291318
-0.72;-0.46;0.0304431
-0.72;-0.45;0.0317687
-0.72;-0.44;0.0330628
-0.72;-0.43;0.0343659
-0.72;-0.42;0.035642
-0.72;-0.41;0.0369168
-0.72;-0.4;0.0381636
-0.72;-0.39;0.0393958
-0.72;-0.38;0.0406077
-0.72;-0.37;0.0418051
-0.72;-0.36;0.0429835
-0.72;-0.35;0.044128
-0.72;-0.34;0.0452597
-0.72;-0.33;0.0463446
-0.72;-0.32;0.0474328
-0.72;-0.31;0.0484716
-0.72;-0.3;0.0494951
-0.72;-0.29;0.0504941
-0.72;-0.28;0.0514429
-0.72;-0.27;0.052384
-0.72;-0.26;0.0532798
-0.72;-0.25;0.0541386
-0.72;-0.24;0.054981
-0.72;-0.23;0.0557732
-0.72;-0.22;0.0565358
-0.72;-0.21;0.0572758
-0.72;-0.2;0.057982
-0.72;-0.19;0.0586377
-0.72;-0.18;0.0592729
-0.72;-0.17;0.0598785
-0.72;-0.16;0.0604274
-0.72;-0.15;0.0609417
-0.72;-0.14;0.061436
-0.72;-0.13;0.0618978
-0.72;-0.12;0.0623238
-0.72;-0.11;0.0627078
-0.72;-0.1;0.0630477
-0.72;-0.09;0.0633658
-0.72;-0.08;0.0636517
-0.72;-0.07;0.0639016
-0.72;-0.06;0.0641192
-0.72;-0.05;0.064301
-0.72;-0.04;0.064468
-0.72;-0.03;0.0645837
-0.72;-0.02;0.0646611
-0.72;-0.01;0.0647032
-0.72;0;0.0647187
-0.72;0.01;0.0647161
-0.72;0.02;0.0646621
-0.72;0.03;0.0645768
-0.72;0.04;0.0644622
-0.72;0.05;0.0643017
-0.72;0.06;0.0641197
-0.72;0.07;0.0638951
-0.72;0.08;0.0636422
-0.72;0.09;0.063366
-0.72;0.1;0.0630625
-0.72;0.11;0.0627046
-0.72;0.12;0.0623303
-0.72;0.13;0.0618917
-0.72;0.14;0.0614384
-0.72;0.15;0.0609384
-0.72;0.16;0.0604231
-0.72;0.17;0.0598749
-0.72;0.18;0.0592591
-0.72;0.19;0.058643
-0.72;0.2;0.0579816
-0.72;0.21;0.0572815
-0.72;0.22;0.0565385
-0.72;0.23;0.0557717
-0.72;0.24;0.0549773
-0.72;0.25;0.0541336
-0.72;0.26;0.0532859
-0.72;0.27;0.0523841
-0.72;0.28;0.0514397
-0.72;0.29;0.0504884
-0.72;0.3;0.049498
-0.72;0.31;0.0484809
-0.72;0.32;0.0474363
-0.72;0.33;0.0463459
-0.72;0.34;0.0452501
-0.72;0.35;0.0441231
-0.72;0.36;0.0429766
-0.72;0.37;0.0418083
-0.72;0.38;0.0406075
-0.72;0.39;0.0393933
-0.72;0.4;0.0381518
-0.72;0.41;0.036916
-0.72;0.42;0.0356416
-0.72;0.43;0.0343746
-0.72;0.44;0.0330742
-0.72;0.45;0.0317674
-0.72;0.46;0.0304349
-0.72;0.47;0.0291259
-0.72;0.48;0.0277829
-0.72;0.49;0.0264573
-0.72;0.5;0.0251078
-0.72;0.51;0.0237731
-0.72;0.52;0.0224189
-0.72;0.53;0.0210738
-0.72;0.54;0.0197214
-0.72;0.55;0.0183802
-0.72;0.56;0.0170325
-0.72;0.57;0.0157004
-0.72;0.58;0.0143736
-0.72;0.59;0.013055
-0.72;0.6;0.0117361
-0.72;0.61;0.0104366
-0.72;0.62;0.00914634
-0.72;0.63;0.00785543
-0.72;0.64;0.00659709
-0.72;0.65;0.00532402
-0.72;0.66;0.00409797
-0.72;0.67;0.00287811
-0.72;0.68;0.00166847
-0.72;0.69;0.00047345
-0.72;0.7;2.08904e-33
-0.72;0.71;2.05986e-33
-0.72;0.72;2.02916e-33
-0.72;0.73;1.99925e-33
-0.72;0.74;1.97179e-33
-0.72;0.75;1.94643e-33
-0.72;0.76;1.92007e-33
-0.72;0.77;1.89643e-33
-0.72;0.78;1.87086e-33
-0.72;0.79;1.84846e-33
-0.72;0.8;1.82295e-33
-0.72;0.81;1.80205e-33
-0.72;0.82;1.77905e-33
-0.72;0.83;1.76046e-33
-0.72;0.84;1.73826e-33
-0.72;0.85;1.72101e-33
-0.72;0.86;1.70047e-33
-0.72;0.87;1.68185e-33
-0.72;0.88;1.66306e-33
-0.72;0.89;1.64065e-33
-0.72;0.9;1.626e-33
-0.72;0.91;1.59634e-33
-0.72;0.92;1.59233e-33
-0.72;0.93;1.57262e-33
-0.72;0.94;1.55593e-33
-0.72;0.95;1.54263e-33
-0.72;0.96;1.52538e-33
-0.72;0.97;1.51556e-33
-0.72;0.98;1.44786e-33
-0.72;0.99;1.44786e-33
-0.71;-1;1.45115e-33
-0.71;-0.99;1.4672e-33
-0.71;-0.98;1.48326e-33
-0.71;-0.97;1.49246e-33
-0.71;-0.96;1.50908e-33
-0.71;-0.95;1.51933e-33
-0.71;-0.94;1.53746e-33
-0.71;-0.93;1.55578e-33
-0.71;-0.92;1.55753e-33
-0.71;-0.91;1.58728e-33
-0.71;-0.9;1.60065e-33
-0.71;-0.89;-9.01952e-20
-0.71;-0.88;1.63591e-33
-0.71;-0.87;1.65611e-33
-0.71;-0.86;1.67798e-33
-0.71;-0.85;1.69435e-33
-0.71;-0.84;1.71539e-33
-0.71;-0.83;1.73323e-33
-0.71;-0.82;4.86155e-20
-0.71;-0.81;1.77555e-33
-0.71;-0.8;1.80008e-33
-0.71;-0.79;1.82248e-33
-0.71;-0.78;5.12853e-20
-0.71;-0.77;1.87233e-33
-0.71;-0.76;1.89738e-33
-0.71;-0.75;1.92102e-33
-0.71;-0.74;1.94658e-33
-0.71;-0.73;1.97123e-33
-0.71;-0.72;9.42452e-20
-0.71;-0.71;2.02788e-33
-0.71;-0.7;0.000489204
-0.71;-0.69;0.00166967
-0.71;-0.68;0.00286391
-0.71;-0.67;0.00407326
-0.71;-0.66;0.0053006
-0.71;-0.65;0.00653531
-0.71;-0.64;0.00778855
-0.71;-0.63;0.00905083
-0.71;-0.62;0.0103244
-0.71;-0.61;0.0116114
-0.71;-0.6;0.0129061
-0.71;-0.59;0.0142038
-0.71;-0.58;0.0155211
-0.71;-0.57;0.0168388
-0.71;-0.56;0.0181714
-0.71;-0.55;0.0195013
-0.71;-0.54;0.0208316
-0.71;-0.53;0.022156
-0.71;-0.52;0.0234921
-0.71;-0.51;0.0248197
-0.71;-0.5;0.0261516
-0.71;-0.49;0.0274702
-0.71;-0.48;0.0287854
-0.71;-0.47;0.0301028
-0.71;-0.46;0.0314053
-0.71;-0.45;0.0326952
-0.71;-0.44;0.0339734
-0.71;-0.43;0.0352482
-0.71;-0.42;0.0364943
-0.71;-0.41;0.0377308
-0.71;-0.4;0.0389558
-0.71;-0.39;0.0401596
-0.71;-0.38;0.0413475
-0.71;-0.37;0.0425052
-0.71;-0.36;0.0436544
-0.71;-0.35;0.0447734
-0.71;-0.34;0.0458658
-0.71;-0.33;0.0469178
-0.71;-0.32;0.0479608
-0.71;-0.31;0.0489662
-0.71;-0.3;0.0499482
-0.71;-0.29;0.0509163
-0.71;-0.28;0.0518188
-0.71;-0.27;0.0527227
-0.71;-0.26;0.0535779
-0.71;-0.25;0.0544045
-0.71;-0.24;0.0552071
-0.71;-0.23;0.0559623
-0.71;-0.22;0.056687
-0.71;-0.21;0.0573886
-0.71;-0.2;0.0580475
-0.71;-0.19;0.0586653
-0.71;-0.18;0.05927
-0.71;-0.17;0.0598293
-0.71;-0.16;0.0603475
-0.71;-0.15;0.0608451
-0.71;-0.14;0.0613017
-0.71;-0.13;0.0617305
-0.71;-0.12;0.0621316
-0.71;-0.11;0.0624759
-0.71;-0.1;0.0628008
-0.71;-0.09;0.0630894
-0.71;-0.08;0.0633569
-0.71;-0.07;0.0635943
-0.71;-0.06;0.0637983
-0.71;-0.05;0.0639779
-0.71;-0.04;0.0641068
-0.71;-0.03;0.0642061
-0.71;-0.02;0.0642809
-0.71;-0.01;0.0643315
-0.71;0;0.0643387
-0.71;0.01;0.0643222
-0.71;0.02;0.0642813
-0.71;0.03;0.0642089
-0.71;0.04;0.0641049
-0.71;0.05;0.0639689
-0.71;0.06;0.0638011
-0.71;0.07;0.0635952
-0.71;0.08;0.0633576
-0.71;0.09;0.0630922
-0.71;0.1;0.0628134
-0.71;0.11;0.0624794
-0.71;0.12;0.0621223
-0.71;0.13;0.0617281
-0.71;0.14;0.0612923
-0.71;0.15;0.060839
-0.71;0.16;0.0603497
-0.71;0.17;0.0598385
-0.71;0.18;0.0592686
-0.71;0.19;0.0586852
-0.71;0.2;0.0580492
-0.71;0.21;0.0573965
-0.71;0.22;0.0566859
-0.71;0.23;0.0559682
-0.71;0.24;0.055205
-0.71;0.25;0.0544046
-0.71;0.26;0.0535696
-0.71;0.27;0.052725
-0.71;0.28;0.0518268
-0.71;0.29;0.0509145
-0.71;0.3;0.049954
-0.71;0.31;0.0489769
-0.71;0.32;0.0479618
-0.71;0.33;0.0469152
-0.71;0.34;0.0458657
-0.71;0.35;0.0447634
-0.71;0.36;0.0436544
-0.71;0.37;0.0425079
-0.71;0.38;0.0413458
-0.71;0.39;0.0401573
-0.71;0.4;0.0389624
-0.71;0.41;0.0377367
-0.71;0.42;0.0364992
-0.71;0.43;0.0352463
-0.71;0.44;0.0339748
-0.71;0.45;0.0326871
-0.71;0.46;0.0313975
-0.71;0.47;0.0300964
-0.71;0.48;0.0287888
-0.71;0.49;0.02747
-0.71;0.5;0.0261409
-0.71;0.51;0.0248049
-0.71;0.52;0.0234822
-0.71;0.53;0.0221514
-0.71;0.54;0.0208256
-0.71;0.55;0.0194777
-0.71;0.56;0.0181685
-0.71;0.57;0.0168327
-0.71;0.58;0.0155255
-0.71;0.59;0.0142089
-0.71;0.6;0.0129008
-0.71;0.61;0.0115988
-0.71;0.62;0.0103135
-0.71;0.63;0.00904331
-0.71;0.64;0.00776927
-0.71;0.65;0.00653431
-0.71;0.66;0.00529869
-0.71;0.67;0.00406979
-0.71;0.68;0.00286203
-0.71;0.69;0.0016687
-0.71;0.7;0.000489168
-0.71;0.71;2.02916e-33
-0.71;0.72;1.99856e-33
-0.71;0.73;1.97109e-33
-0.71;0.74;1.94507e-33
-0.71;0.75;1.91871e-33
-0.71;0.76;1.89443e-33
-0.71;0.77;1.86886e-33
-0.71;0.78;1.84576e-33
-0.71;0.79;1.82025e-33
-0.71;0.8;1.79897e-33
-0.71;0.81;1.77596e-33
-0.71;0.82;1.75683e-33
-0.71;0.83;1.73463e-33
-0.71;0.84;1.71704e-33
-0.71;0.85;1.69649e-33
-0.71;0.86;1.68045e-33
-0.71;0.87;1.65803e-33
-0.71;0.88;1.63732e-33
-0.71;0.89;1.6208e-33
-0.71;0.9;1.59634e-33
-0.71;0.91;1.58663e-33
-0.71;0.92;1.56693e-33
-0.71;0.93;1.55429e-33
-0.71;0.94;1.53705e-33
-0.71;0.95;1.52e-33
-0.71;0.96;1.5094e-33
-0.71;0.97;1.44786e-33
-0.71;0.98;1.4827e-33
-0.71;0.99;1.41397e-33
-0.7;-1;1.38001e-33
-0.7;-0.99;1.44948e-33
-0.7;-0.98;1.46087e-33
-0.7;-0.97;1.47692e-33
-0.7;-0.96;1.48651e-33
-0.7;-0.95;1.50313e-33
-0.7;-0.94;1.51933e-33
-0.7;-0.93;1.53153e-33
-0.7;-0.92;1.54986e-33
-0.7;-0.91;1.55753e-33
-0.7;-0.9;1.58175e-33
-0.7;-0.89;1.59668e-33
-0.7;-0.88;1.61511e-33
-0.7;-0.87;-9.01952e-20
-0.7;-0.86;1.65121e-33
-0.7;-0.85;-4.62983e-20
-0.7;-0.84;1.69028e-33
-0.7;-0.83;1.71132e-33
-0.7;-0.82;1.72957e-33
-0.7;-0.81;1.75196e-33
-0.7;-0.8;1.77226e-33
-0.7;-0.79;1.79679e-33
-0.7;-0.78;1.81967e-33
-0.7;-0.77;1.02571e-19
-0.7;-0.76;1.87037e-33
-0.7;-0.75;1.89542e-33
-0.7;-0.74;1.9197e-33
-0.7;-0.73;1.94526e-33
-0.7;-0.72;1.97057e-33
-0.7;-0.71;0.000469217
-0.7;-0.7;0.00163454
-0.7;-0.69;0.00280989
-0.7;-0.68;0.00400231
-0.7;-0.67;0.00519958
-0.7;-0.66;0.00642925
-0.7;-0.65;0.00766753
-0.7;-0.64;0.00891362
-0.7;-0.63;0.0101756
-0.7;-0.62;0.0114439
-0.7;-0.61;0.0127172
-0.7;-0.6;0.0139883
-0.7;-0.59;0.0153026
-0.7;-0.58;0.0165939
-0.7;-0.57;0.0179028
-0.7;-0.56;0.0192079
-0.7;-0.55;0.0205294
-0.7;-0.54;0.0218445
-0.7;-0.53;0.0231652
-0.7;-0.52;0.0244808
-0.7;-0.51;0.0257875
-0.7;-0.5;0.0271033
-0.7;-0.49;0.0283912
-0.7;-0.48;0.0297029
-0.7;-0.47;0.0309793
-0.7;-0.46;0.032268
-0.7;-0.45;0.033536
-0.7;-0.44;0.0347874
-0.7;-0.43;0.0360219
-0.7;-0.42;0.0372579
-0.7;-0.41;0.0384563
-0.7;-0.4;0.0396495
-0.7;-0.39;0.0408107
-0.7;-0.38;0.0419732
-0.7;-0.37;0.043093
-0.7;-0.36;0.044211
-0.7;-0.35;0.0452789
-0.7;-0.34;0.0463459
-0.7;-0.33;0.0473603
-0.7;-0.32;0.0483637
-0.7;-0.31;0.0493347
-0.7;-0.3;0.050274
-0.7;-0.29;0.0511942
-0.7;-0.28;0.0520671
-0.7;-0.27;0.0529218
-0.7;-0.26;0.0537406
-0.7;-0.25;0.0545142
-0.7;-0.24;0.0552771
-0.7;-0.23;0.0559918
-0.7;-0.22;0.056673
-0.7;-0.21;0.0573355
-0.7;-0.2;0.0579497
-0.7;-0.19;0.0585297
-0.7;-0.18;0.0590853
-0.7;-0.17;0.0596046
-0.7;-0.16;0.0600932
-0.7;-0.15;0.0605516
-0.7;-0.14;0.0609723
-0.7;-0.13;0.0613796
-0.7;-0.12;0.0617352
-0.7;-0.11;0.0620566
-0.7;-0.1;0.062357
-0.7;-0.09;0.0626239
-0.7;-0.08;0.0628639
-0.7;-0.07;0.0630839
-0.7;-0.06;0.063273
-0.7;-0.05;0.0634155
-0.7;-0.04;0.0635383
-0.7;-0.03;0.0636303
-0.7;-0.02;0.0637014
-0.7;-0.01;0.0637439
-0.7;0;0.0637535
-0.7;0.01;0.0637397
-0.7;0.02;0.0637037
-0.7;0.03;0.0636346
-0.7;0.04;0.0635429
-0.7;0.05;0.0634166
-0.7;0.06;0.0632722
-0.7;0.07;0.06309
-0.7;0.08;0.0628674
-0.7;0.09;0.062615
-0.7;0.1;0.0623636
-0.7;0.11;0.0620521
-0.7;0.12;0.0617312
-0.7;0.13;0.0613722
-0.7;0.14;0.0609758
-0.7;0.15;0.0605481
-0.7;0.16;0.060095
-0.7;0.17;0.0596219
-0.7;0.18;0.0590912
-0.7;0.19;0.0585529
-0.7;0.2;0.0579513
-0.7;0.21;0.0573296
-0.7;0.22;0.0566693
-0.7;0.23;0.0559891
-0.7;0.24;0.0552703
-0.7;0.25;0.0545201
-0.7;0.26;0.0537338
-0.7;0.27;0.0529175
-0.7;0.28;0.0520659
-0.7;0.29;0.0511939
-0.7;0.3;0.0502707
-0.7;0.31;0.0493311
-0.7;0.32;0.0483595
-0.7;0.33;0.0473629
-0.7;0.34;0.0463443
-0.7;0.35;0.045278
-0.7;0.36;0.0442076
-0.7;0.37;0.0430889
-0.7;0.38;0.0419775
-0.7;0.39;0.0408191
-0.7;0.4;0.0396517
-0.7;0.41;0.0384571
-0.7;0.42;0.037253
-0.7;0.43;0.0360221
-0.7;0.44;0.0347872
-0.7;0.45;0.0335291
-0.7;0.46;0.0322671
-0.7;0.47;0.03098
-0.7;0.48;0.0297032
-0.7;0.49;0.0284038
-0.7;0.5;0.0271028
-0.7;0.51;0.0257877
-0.7;0.52;0.0244741
-0.7;0.53;0.0231518
-0.7;0.54;0.0218389
-0.7;0.55;0.0205251
-0.7;0.56;0.0192081
-0.7;0.57;0.017906
-0.7;0.58;0.0165951
-0.7;0.59;0.0153004
-0.7;0.6;0.0140053
-0.7;0.61;0.012721
-0.7;0.62;0.0114403
-0.7;0.63;0.0101594
-0.7;0.64;0.00890842
-0.7;0.65;0.0076497
-0.7;0.66;0.0064256
-0.7;0.67;0.00520966
-0.7;0.68;0.00400149
-0.7;0.69;0.00280985
-0.7;0.7;0.00163509
-0.7;0.71;0.000472631
-0.7;0.72;1.97039e-33
-0.7;0.73;1.94371e-33
-0.7;0.74;1.91735e-33
-0.7;0.75;1.89242e-33
-0.7;0.76;1.86685e-33
-0.7;0.77;1.84306e-33
-0.7;0.78;1.81755e-33
-0.7;0.79;1.79588e-33
-0.7;0.8;1.77287e-33
-0.7;0.81;1.7532e-33
-0.7;0.82;1.73101e-33
-0.7;0.83;1.71306e-33
-0.7;0.84;1.69252e-33
-0.7;0.85;1.67542e-33
-0.7;0.86;1.653e-33
-0.7;0.87;1.63591e-33
-0.7;0.88;-9.02712e-20
-0.7;0.89;1.59634e-33
-0.7;0.9;1.58093e-33
-0.7;0.91;1.56123e-33
-0.7;0.92;1.54872e-33
-0.7;0.93;1.53148e-33
-0.7;0.94;1.52e-33
-0.7;0.95;1.50324e-33
-0.7;0.96;1.44786e-33
-0.7;0.97;1.47616e-33
-0.7;0.98;1.41397e-33
-0.7;0.99;1.41397e-33
-0.69;-1;1.38001e-33
-0.69;-0.99;1.38001e-33
-0.69;-0.98;1.44522e-33
-0.69;-0.97;1.45453e-33
-0.69;-0.96;1.47059e-33
-0.69;-0.95;1.48411e-33
-0.69;-0.94;1.49717e-33
-0.69;-0.93;4.09251e-20
-0.69;-0.92;1.52561e-33
-0.69;-0.91;1.54394e-33
-0.69;-0.9;1.55753e-33
-0.69;-0.89;1.57623e-33
-0.69;-0.88;1.59533e-33
-0.69;-0.87;1.61013e-33
-0.69;-0.86;1.62957e-33
-0.69;-0.85;1.6463e-33
-0.69;-0.84;9.25966e-20
-0.69;-0.83;1.68621e-33
-0.69;-0.82;-9.25966e-20
-0.69;-0.81;1.72591e-33
-0.69;-0.8;9.7231e-20
-0.69;-0.79;1.76897e-33
-0.69;-0.78;1.79349e-33
-0.69;-0.77;1.81685e-33
-0.69;-0.76;1.84342e-33
-0.69;-0.75;1.8684e-33
-0.69;-0.74;1.89346e-33
-0.69;-0.73;1.91838e-33
-0.69;-0.72;0.000419749
-0.69;-0.71;0.00156047
-0.69;-0.7;0.0027252
-0.69;-0.69;0.00389867
-0.69;-0.68;0.00508533
-0.69;-0.67;0.00629352
-0.69;-0.66;0.00751053
-0.69;-0.65;0.0087331
-0.69;-0.64;0.00998064
-0.69;-0.63;0.0112237
-0.69;-0.62;0.0124899
-0.69;-0.61;0.0137472
-0.69;-0.6;0.0150372
-0.69;-0.59;0.0163147
-0.69;-0.58;0.0176144
-0.69;-0.57;0.0189025
-0.69;-0.56;0.0201989
-0.69;-0.55;0.0214982
-0.69;-0.54;0.0227912
-0.69;-0.53;0.0240931
-0.69;-0.52;0.0253809
-0.69;-0.51;0.0266758
-0.69;-0.5;0.027963
-0.69;-0.49;0.0292435
-0.69;-0.48;0.0305248
-0.69;-0.47;0.0317859
-0.69;-0.46;0.0330373
-0.69;-0.45;0.0342742
-0.69;-0.44;0.0355101
-0.69;-0.43;0.03671
-0.69;-0.42;0.0379099
-0.69;-0.41;0.0390769
-0.69;-0.4;0.0402381
-0.69;-0.39;0.0413606
-0.69;-0.38;0.0424858
-0.69;-0.37;0.043561
-0.69;-0.36;0.0446403
-0.69;-0.35;0.0456703
-0.69;-0.34;0.0466905
-0.69;-0.33;0.0476707
-0.69;-0.32;0.0486273
-0.69;-0.31;0.0495583
-0.69;-0.3;0.0504509
-0.69;-0.29;0.0513338
-0.69;-0.28;0.0521557
-0.69;-0.27;0.0529694
-0.69;-0.26;0.0537263
-0.69;-0.25;0.0544713
-0.69;-0.24;0.0551912
-0.69;-0.23;0.0558573
-0.69;-0.22;0.0564928
-0.69;-0.21;0.0571102
-0.69;-0.2;0.0576823
-0.69;-0.19;0.0582181
-0.69;-0.18;0.0587367
-0.69;-0.17;0.0592145
-0.69;-0.16;0.0596531
-0.69;-0.15;0.0600789
-0.69;-0.14;0.0604614
-0.69;-0.13;0.0608227
-0.69;-0.12;0.0611426
-0.69;-0.11;0.0614358
-0.69;-0.1;0.061717
-0.69;-0.09;0.0619523
-0.69;-0.08;0.0621728
-0.69;-0.07;0.062369
-0.69;-0.06;0.0625204
-0.69;-0.05;0.0626505
-0.69;-0.04;0.0627595
-0.69;-0.03;0.062844
-0.69;-0.02;0.0629074
-0.69;-0.01;0.0629442
-0.69;0;0.0629567
-0.69;0.01;0.062939
-0.69;0.02;0.0629062
-0.69;0.03;0.0628409
-0.69;0.04;0.0627594
-0.69;0.05;0.0626572
-0.69;0.06;0.0625187
-0.69;0.07;0.0623611
-0.69;0.08;0.0621728
-0.69;0.09;0.06195
-0.69;0.1;0.061706
-0.69;0.11;0.0614309
-0.69;0.12;0.0611411
-0.69;0.13;0.0608274
-0.69;0.14;0.0604615
-0.69;0.15;0.0600691
-0.69;0.16;0.0596575
-0.69;0.17;0.0592162
-0.69;0.18;0.0587331
-0.69;0.19;0.0582172
-0.69;0.2;0.0576775
-0.69;0.21;0.0571106
-0.69;0.22;0.0564892
-0.69;0.23;0.0558499
-0.69;0.24;0.055191
-0.69;0.25;0.0544681
-0.69;0.26;0.053739
-0.69;0.27;0.0529637
-0.69;0.28;0.0521564
-0.69;0.29;0.0513348
-0.69;0.3;0.0504581
-0.69;0.31;0.0495662
-0.69;0.32;0.0486289
-0.69;0.33;0.0476753
-0.69;0.34;0.0466915
-0.69;0.35;0.0456728
-0.69;0.36;0.0446368
-0.69;0.37;0.0435673
-0.69;0.38;0.0424904
-0.69;0.39;0.0413642
-0.69;0.4;0.0402368
-0.69;0.41;0.0390693
-0.69;0.42;0.0379053
-0.69;0.43;0.0367027
-0.69;0.44;0.0355048
-0.69;0.45;0.0342722
-0.69;0.46;0.0330334
-0.69;0.47;0.0317761
-0.69;0.48;0.0305155
-0.69;0.49;0.0292405
-0.69;0.5;0.0279666
-0.69;0.51;0.0266848
-0.69;0.52;0.0253906
-0.69;0.53;0.0240986
-0.69;0.54;0.0227924
-0.69;0.55;0.0214996
-0.69;0.56;0.0201982
-0.69;0.57;0.0189014
-0.69;0.58;0.0176029
-0.69;0.59;0.0163131
-0.69;0.6;0.0150356
-0.69;0.61;0.0137459
-0.69;0.62;0.0124899
-0.69;0.63;0.0112291
-0.69;0.64;0.00997482
-0.69;0.65;0.00873875
-0.69;0.66;0.00749898
-0.69;0.67;0.00628859
-0.69;0.68;0.00508844
-0.69;0.69;0.00389882
-0.69;0.7;0.00272591
-0.69;0.71;0.00156992
-0.69;0.72;0.000419191
-0.69;0.73;1.91599e-33
-0.69;0.74;1.89042e-33
-0.69;0.75;1.86485e-33
-0.69;0.76;1.84035e-33
-0.69;0.77;1.81485e-33
-0.69;0.78;1.79279e-33
-0.69;0.79;1.76978e-33
-0.69;0.8;1.74958e-33
-0.69;0.81;1.72738e-33
-0.69;0.82;1.70909e-33
-0.69;0.83;1.68855e-33
-0.69;0.84;1.67039e-33
-0.69;0.85;1.64797e-33
-0.69;0.86;1.6307e-33
-0.69;0.87;9.02712e-20
-0.69;0.88;1.59494e-33
-0.69;0.89;-8.79979e-20
-0.69;0.9;1.55593e-33
-0.69;0.91;1.54315e-33
-0.69;0.92;1.52591e-33
-0.69;0.93;1.51427e-33
-0.69;0.94;1.49708e-33
-0.69;0.95;1.48357e-33
-0.69;0.96;1.46963e-33
-0.69;0.97;1.41397e-33
-0.69;0.98;1.44381e-33
-0.69;0.99;1.42838e-33
-0.68;-1;1.3978e-33
-0.68;-0.99;1.41291e-33
-0.68;-0.98;1.38001e-33
-0.68;-0.97;1.43819e-33
-0.68;-0.96;1.44948e-33
-0.68;-0.95;1.46425e-33
-0.68;-0.94;1.48031e-33
-0.68;-0.93;1.49122e-33
-0.68;-0.92;1.50783e-33
-0.68;-0.91;1.51969e-33
-0.68;-0.9;1.53801e-33
-0.68;-0.89;1.55634e-33
-0.68;-0.88;1.57071e-33
-0.68;-0.87;1.58981e-33
-0.68;-0.86;1.60515e-33
-0.68;-0.85;9.01952e-20
-0.68;-0.84;1.6414e-33
-0.68;-0.83;1.66326e-33
-0.68;-0.82;1.68214e-33
-0.68;-0.81;-9.25966e-20
-0.68;-0.8;1.72225e-33
-0.68;-0.79;9.7231e-20
-0.68;-0.78;1.76568e-33
-0.68;-0.77;9.98262e-20
-0.68;-0.76;1.81404e-33
-0.68;-0.75;1.8406e-33
-0.68;-0.74;1.86644e-33
-0.68;-0.73;0.000347895
-0.68;-0.72;0.00147072
-0.68;-0.71;0.00261969
-0.68;-0.7;0.00377373
-0.68;-0.69;0.00494531
-0.68;-0.68;0.00613054
-0.68;-0.67;0.007324
-0.68;-0.66;0.00852455
-0.68;-0.65;0.00975019
-0.68;-0.64;0.0109845
-0.68;-0.63;0.0122336
-0.68;-0.62;0.0134751
-0.68;-0.61;0.0147412
-0.68;-0.6;0.0160107
-0.68;-0.59;0.0172819
-0.68;-0.58;0.0185591
-0.68;-0.57;0.0198342
-0.68;-0.56;0.021117
-0.68;-0.55;0.0223963
-0.68;-0.54;0.0236765
-0.68;-0.53;0.0249442
-0.68;-0.52;0.0262211
-0.68;-0.51;0.0274957
-0.68;-0.5;0.0287441
-0.68;-0.49;0.0300135
-0.68;-0.48;0.0312491
-0.68;-0.47;0.0324921
-0.68;-0.46;0.0337047
-0.68;-0.45;0.0349184
-0.68;-0.44;0.0361133
-0.68;-0.43;0.0372873
-0.68;-0.42;0.03845
-0.68;-0.41;0.0395839
-0.68;-0.4;0.0407126
-0.68;-0.39;0.0418067
-0.68;-0.38;0.0428824
-0.68;-0.37;0.0439253
-0.68;-0.36;0.0449504
-0.68;-0.35;0.045944
-0.68;-0.34;0.0469195
-0.68;-0.33;0.0478602
-0.68;-0.32;0.0487675
-0.68;-0.31;0.0496593
-0.68;-0.3;0.0505015
-0.68;-0.29;0.051331
-0.68;-0.28;0.052103
-0.68;-0.27;0.0528647
-0.68;-0.26;0.0535861
-0.68;-0.25;0.0542828
-0.68;-0.24;0.0549398
-0.68;-0.23;0.0555577
-0.68;-0.22;0.0561431
-0.68;-0.21;0.0567194
-0.68;-0.2;0.0572295
-0.68;-0.19;0.057724
-0.68;-0.18;0.0581999
-0.68;-0.17;0.0586173
-0.68;-0.16;0.0590129
-0.68;-0.15;0.059409
-0.68;-0.14;0.0597612
-0.68;-0.13;0.0600736
-0.68;-0.12;0.0603493
-0.68;-0.11;0.0606122
-0.68;-0.1;0.0608563
-0.68;-0.09;0.0610762
-0.68;-0.08;0.0612694
-0.68;-0.07;0.0614278
-0.68;-0.06;0.0615582
-0.68;-0.05;0.061676
-0.68;-0.04;0.0617721
-0.68;-0.03;0.0618467
-0.68;-0.02;0.0618994
-0.68;-0.01;0.0619307
-0.68;0;0.0619432
-0.68;0.01;0.0619281
-0.68;0.02;0.0618997
-0.68;0.03;0.0618439
-0.68;0.04;0.061771
-0.68;0.05;0.0616753
-0.68;0.06;0.0615644
-0.68;0.07;0.0614284
-0.68;0.08;0.0612669
-0.68;0.09;0.0610749
-0.68;0.1;0.0608507
-0.68;0.11;0.0606161
-0.68;0.12;0.0603508
-0.68;0.13;0.0600707
-0.68;0.14;0.0597655
-0.68;0.15;0.0594057
-0.68;0.16;0.059026
-0.68;0.17;0.0586345
-0.68;0.18;0.0582024
-0.68;0.19;0.0577275
-0.68;0.2;0.0572323
-0.68;0.21;0.0567214
-0.68;0.22;0.0561465
-0.68;0.23;0.0555543
-0.68;0.24;0.0549329
-0.68;0.25;0.0542732
-0.68;0.26;0.0535909
-0.68;0.27;0.0528763
-0.68;0.28;0.0521074
-0.68;0.29;0.0513326
-0.68;0.3;0.0504978
-0.68;0.31;0.0496557
-0.68;0.32;0.0487684
-0.68;0.33;0.047857
-0.68;0.34;0.0469217
-0.68;0.35;0.0459642
-0.68;0.36;0.0449581
-0.68;0.37;0.0439309
-0.68;0.38;0.0428854
-0.68;0.39;0.0418126
-0.68;0.4;0.0407093
-0.68;0.41;0.0395899
-0.68;0.42;0.0384498
-0.68;0.43;0.0372982
-0.68;0.44;0.0361217
-0.68;0.45;0.0349215
-0.68;0.46;0.0337121
-0.68;0.47;0.0324932
-0.68;0.48;0.0312523
-0.68;0.49;0.0300197
-0.68;0.5;0.02876
-0.68;0.51;0.027497
-0.68;0.52;0.0262233
-0.68;0.53;0.0249522
-0.68;0.54;0.023675
-0.68;0.55;0.0223923
-0.68;0.56;0.0211157
-0.68;0.57;0.0198376
-0.68;0.58;0.0185608
-0.68;0.59;0.0172796
-0.68;0.6;0.0159999
-0.68;0.61;0.0147415
-0.68;0.62;0.0134821
-0.68;0.63;0.0122333
-0.68;0.64;0.0109878
-0.68;0.65;0.00975992
-0.68;0.66;0.00852553
-0.68;0.67;0.00732
-0.68;0.68;0.00612388
-0.68;0.69;0.00494431
-0.68;0.7;0.00377177
-0.68;0.71;0.00260818
-0.68;0.72;0.00146858
-0.68;0.73;0.000347311
-0.68;0.74;1.86285e-33
-0.68;0.75;1.83765e-33
-0.68;0.76;1.81214e-33
-0.68;0.77;1.7897e-33
-0.68;0.78;1.76669e-33
-0.68;0.79;1.74595e-33
-0.68;0.8;1.72375e-33
-0.68;0.81;1.70511e-33
-0.68;0.82;1.68457e-33
-0.68;0.83;1.66536e-33
-0.68;0.84;1.64294e-33
-0.68;0.85;1.62549e-33
-0.68;0.86;9.02712e-20
-0.68;0.87;1.58924e-33
-0.68;0.88;1.56954e-33
-0.68;0.89;1.55482e-33
-0.68;0.9;1.53758e-33
-0.68;0.91;1.52034e-33
-0.68;0.92;1.50811e-33
-0.68;0.93;1.49092e-33
-0.68;0.94;1.47965e-33
-0.68;0.95;1.46309e-33
-0.68;0.96;1.41397e-33
-0.68;0.97;1.43714e-33
-0.68;0.98;1.4217e-33
-0.68;0.99;1.41308e-33
-0.67;-1;1.31568e-33
-0.67;-0.99;1.39067e-33
-0.67;-0.98;1.40579e-33
-0.67;-0.97;1.38001e-33
-0.67;-0.96;1.43117e-33
-0.67;-0.95;1.44742e-33
-0.67;-0.94;1.45791e-33
-0.67;-0.93;1.47397e-33
-0.67;-0.92;1.48526e-33
-0.67;-0.91;1.50188e-33
-0.67;-0.9;2.04625e-20
-0.67;-0.89;1.53209e-33
-0.67;-0.88;1.55042e-33
-0.67;-0.87;1.56519e-33
-0.67;-0.86;1.58428e-33
-0.67;-0.85;1.60017e-33
-0.67;-0.84;-9.01952e-20
-0.67;-0.83;1.63649e-33
-0.67;-0.82;1.65835e-33
-0.67;-0.81;1.67935e-33
-0.67;-0.8;1.69911e-33
-0.67;-0.79;-7.81283e-20
-0.67;-0.78;1.74098e-33
-0.67;-0.77;4.86155e-20
-0.67;-0.76;1.78691e-33
-0.67;-0.75;1.81123e-33
-0.67;-0.74;0.000257952
-0.67;-0.73;0.00136072
-0.67;-0.72;0.00247308
-0.67;-0.71;0.00362006
-0.67;-0.7;0.00477327
-0.67;-0.69;0.00593989
-0.67;-0.68;0.00711834
-0.67;-0.67;0.00830939
-0.67;-0.66;0.00950421
-0.67;-0.65;0.0107245
-0.67;-0.64;0.0119461
-0.67;-0.63;0.0131737
-0.67;-0.62;0.0144167
-0.67;-0.61;0.0156629
-0.67;-0.6;0.0169103
-0.67;-0.59;0.0181719
-0.67;-0.58;0.0194268
-0.67;-0.57;0.0206914
-0.67;-0.56;0.0219486
-0.67;-0.55;0.0232179
-0.67;-0.54;0.0244804
-0.67;-0.53;0.025733
-0.67;-0.52;0.0269872
-0.67;-0.51;0.0282227
-0.67;-0.5;0.0294622
-0.67;-0.49;0.0306881
-0.67;-0.48;0.0318969
-0.67;-0.47;0.033109
-0.67;-0.46;0.0342946
-0.67;-0.45;0.0354813
-0.67;-0.44;0.036635
-0.67;-0.43;0.037784
-0.67;-0.42;0.0389023
-0.67;-0.41;0.0400046
-0.67;-0.4;0.0410775
-0.67;-0.39;0.0421354
-0.67;-0.38;0.0431666
-0.67;-0.37;0.0441725
-0.67;-0.36;0.0451552
-0.67;-0.35;0.0461102
-0.67;-0.34;0.0470201
-0.67;-0.33;0.0479183
-0.67;-0.32;0.0487744
-0.67;-0.31;0.0496158
-0.67;-0.3;0.050404
-0.67;-0.29;0.0511748
-0.67;-0.28;0.0519081
-0.67;-0.27;0.0526127
-0.67;-0.26;0.0532865
-0.67;-0.25;0.0539141
-0.67;-0.24;0.0545335
-0.67;-0.23;0.0550984
-0.67;-0.22;0.0556363
-0.67;-0.21;0.0561543
-0.67;-0.2;0.0566102
-0.67;-0.19;0.0570578
-0.67;-0.18;0.0574864
-0.67;-0.17;0.0578706
-0.67;-0.16;0.0582276
-0.67;-0.15;0.0585518
-0.67;-0.14;0.05885
-0.67;-0.13;0.0591159
-0.67;-0.12;0.0593631
-0.67;-0.11;0.0595939
-0.67;-0.1;0.0598045
-0.67;-0.09;0.0599843
-0.67;-0.08;0.0601395
-0.67;-0.07;0.0602744
-0.67;-0.06;0.0603883
-0.67;-0.05;0.0604851
-0.67;-0.04;0.0605718
-0.67;-0.03;0.0606295
-0.67;-0.02;0.0606713
-0.67;-0.01;0.0606998
-0.67;0;0.0607153
-0.67;0.01;0.0607028
-0.67;0.02;0.0606738
-0.67;0.03;0.0606352
-0.67;0.04;0.0605689
-0.67;0.05;0.0604822
-0.67;0.06;0.0603898
-0.67;0.07;0.0602736
-0.67;0.08;0.0601375
-0.67;0.09;0.0599822
-0.67;0.1;0.0598048
-0.67;0.11;0.0595948
-0.67;0.12;0.0593655
-0.67;0.13;0.0591216
-0.67;0.14;0.0588508
-0.67;0.15;0.058549
-0.67;0.16;0.0582114
-0.67;0.17;0.0578577
-0.67;0.18;0.0574771
-0.67;0.19;0.0570677
-0.67;0.2;0.0566112
-0.67;0.21;0.0561542
-0.67;0.22;0.0556325
-0.67;0.23;0.055089
-0.67;0.24;0.0545353
-0.67;0.25;0.0539172
-0.67;0.26;0.0532826
-0.67;0.27;0.0526173
-0.67;0.28;0.0519085
-0.67;0.29;0.0511828
-0.67;0.3;0.050405
-0.67;0.31;0.0496165
-0.67;0.32;0.0487778
-0.67;0.33;0.0479207
-0.67;0.34;0.0470148
-0.67;0.35;0.0461006
-0.67;0.36;0.0451486
-0.67;0.37;0.0441724
-0.67;0.38;0.0431626
-0.67;0.39;0.0421353
-0.67;0.4;0.0410765
-0.67;0.41;0.0399955
-0.67;0.42;0.0388967
-0.67;0.43;0.0377813
-0.67;0.44;0.0366348
-0.67;0.45;0.0354824
-0.67;0.46;0.0342971
-0.67;0.47;0.0331133
-0.67;0.48;0.0319076
-0.67;0.49;0.0306898
-0.67;0.5;0.0294639
-0.67;0.51;0.0282238
-0.67;0.52;0.0269812
-0.67;0.53;0.0257215
-0.67;0.54;0.0244754
-0.67;0.55;0.0232165
-0.67;0.56;0.0219539
-0.67;0.57;0.020693
-0.67;0.58;0.0194313
-0.67;0.59;0.0181758
-0.67;0.6;0.0169136
-0.67;0.61;0.0156639
-0.67;0.62;0.0144152
-0.67;0.63;0.0131715
-0.67;0.64;0.0119449
-0.67;0.65;0.010711
-0.67;0.66;0.0095043
-0.67;0.67;0.00829619
-0.67;0.68;0.00711074
-0.67;0.69;0.00593163
-0.67;0.7;0.00477028
-0.67;0.71;0.00361654
-0.67;0.72;0.00247103
-0.67;0.73;0.00135844
-0.67;0.74;0.000250886
-0.67;0.75;1.80944e-33
-0.67;0.76;1.78661e-33
-0.67;0.77;1.76452e-33
-0.67;0.78;1.74232e-33
-0.67;0.79;1.72168e-33
-0.67;0.8;1.70114e-33
-0.67;0.81;1.68185e-33
-0.67;0.82;1.66033e-33
-0.67;0.83;1.63792e-33
-0.67;0.84;1.62029e-33
-0.67;0.85;9.02712e-20
-0.67;0.86;1.58354e-33
-0.67;0.87;-8.79979e-20
-0.67;0.88;1.54925e-33
-0.67;0.89;1.53201e-33
-0.67;0.9;1.51914e-33
-0.67;0.91;1.50195e-33
-0.67;0.92;1.48477e-33
-0.67;0.93;1.47311e-33
-0.67;0.94;1.45655e-33
-0.67;0.95;1.4459e-33
-0.67;0.96;1.43046e-33
-0.67;0.97;1.41503e-33
-0.67;0.98;1.40593e-33
-0.67;0.99;1.34883e-33
-0.66;-1;1.36072e-33
-0.66;-0.99;1.37503e-33
-0.66;-0.98;1.38355e-33
-0.66;-0.97;1.39866e-33
-0.66;-0.96;1.41377e-33
-0.66;-0.95;1.42414e-33
-0.66;-0.94;1.44039e-33
-0.66;-0.93;1.45157e-33
-0.66;-0.92;1.46763e-33
-0.66;-0.91;1.48369e-33
-0.66;-0.9;1.49592e-33
-0.66;-0.89;4.09251e-20
-0.66;-0.88;1.52617e-33
-0.66;-0.87;1.54449e-33
-0.66;-0.86;1.55966e-33
-0.66;-0.85;1.57876e-33
-0.66;-0.84;1.59668e-33
-0.66;-0.83;1.61463e-33
-0.66;-0.82;9.01952e-20
-0.66;-0.81;1.65345e-33
-0.66;-0.8;4.62983e-20
-0.66;-0.79;1.69504e-33
-0.66;-0.78;1.71608e-33
-0.66;-0.77;1.73732e-33
-0.66;-0.76;-2.43077e-20
-0.66;-0.75;0.000134986
-0.66;-0.74;0.00122242
-0.66;-0.73;0.00231715
-0.66;-0.72;0.00344309
-0.66;-0.71;0.00458005
-0.66;-0.7;0.00572403
-0.66;-0.69;0.00688385
-0.66;-0.68;0.00804549
-0.66;-0.67;0.00923326
-0.66;-0.66;0.0104327
-0.66;-0.65;0.0116328
-0.66;-0.64;0.0128373
-0.66;-0.63;0.0140564
-0.66;-0.62;0.015287
-0.66;-0.61;0.0165134
-0.66;-0.6;0.017762
-0.66;-0.59;0.0190002
-0.66;-0.58;0.0202409
-0.66;-0.57;0.021481
-0.66;-0.56;0.0227232
-0.66;-0.55;0.0239672
-0.66;-0.54;0.025194
-0.66;-0.53;0.0264334
-0.66;-0.52;0.027658
-0.66;-0.51;0.0288766
-0.66;-0.5;0.0300934
-0.66;-0.49;0.0312863
-0.66;-0.48;0.0324741
-0.66;-0.47;0.0336482
-0.66;-0.46;0.034801
-0.66;-0.45;0.0359415
-0.66;-0.44;0.0370594
-0.66;-0.43;0.0381745
-0.66;-0.42;0.0392445
-0.66;-0.41;0.0403186
-0.66;-0.4;0.04134
-0.66;-0.39;0.0423646
-0.66;-0.38;0.0433401
-0.66;-0.37;0.0443063
-0.66;-0.36;0.0452274
-0.66;-0.35;0.0461182
-0.66;-0.34;0.047005
-0.66;-0.33;0.0478549
-0.66;-0.32;0.0486546
-0.66;-0.31;0.0494404
-0.66;-0.3;0.0501721
-0.66;-0.29;0.0508897
-0.66;-0.28;0.0515677
-0.66;-0.27;0.0522208
-0.66;-0.26;0.0528269
-0.66;-0.25;0.0534056
-0.66;-0.24;0.0539701
-0.66;-0.23;0.0544666
-0.66;-0.22;0.0549568
-0.66;-0.21;0.0554026
-0.66;-0.2;0.0558132
-0.66;-0.19;0.0562125
-0.66;-0.18;0.0565721
-0.66;-0.17;0.0568878
-0.66;-0.16;0.057193
-0.66;-0.15;0.0574724
-0.66;-0.14;0.0577387
-0.66;-0.13;0.0579615
-0.66;-0.12;0.0581777
-0.66;-0.11;0.0583649
-0.66;-0.1;0.058535
-0.66;-0.09;0.058676
-0.66;-0.08;0.0587979
-0.66;-0.07;0.0589288
-0.66;-0.06;0.0589974
-0.66;-0.05;0.0590798
-0.66;-0.04;0.0591449
-0.66;-0.03;0.0591982
-0.66;-0.02;0.0592272
-0.66;-0.01;0.0592605
-0.66;0;0.0592589
-0.66;0.01;0.0592568
-0.66;0.02;0.0592298
-0.66;0.03;0.0591964
-0.66;0.04;0.0591468
-0.66;0.05;0.0590811
-0.66;0.06;0.0589994
-0.66;0.07;0.0589047
-0.66;0.08;0.058799
-0.66;0.09;0.058672
-0.66;0.1;0.0585367
-0.66;0.11;0.0583696
-0.66;0.12;0.058176
-0.66;0.13;0.0579691
-0.66;0.14;0.0577435
-0.66;0.15;0.0574967
-0.66;0.16;0.0572098
-0.66;0.17;0.0568988
-0.66;0.18;0.0565738
-0.66;0.19;0.056212
-0.66;0.2;0.0558163
-0.66;0.21;0.0554077
-0.66;0.22;0.0549546
-0.66;0.23;0.054467
-0.66;0.24;0.0539638
-0.66;0.25;0.0534064
-0.66;0.26;0.0528281
-0.66;0.27;0.0522206
-0.66;0.28;0.0515719
-0.66;0.29;0.0509049
-0.66;0.3;0.0501761
-0.66;0.31;0.0494431
-0.66;0.32;0.0486524
-0.66;0.33;0.0478544
-0.66;0.34;0.0470042
-0.66;0.35;0.0461359
-0.66;0.36;0.0452267
-0.66;0.37;0.0443033
-0.66;0.38;0.0433371
-0.66;0.39;0.0423611
-0.66;0.4;0.0413369
-0.66;0.41;0.0403143
-0.66;0.42;0.0392395
-0.66;0.43;0.0381705
-0.66;0.44;0.037059
-0.66;0.45;0.0359456
-0.66;0.46;0.0347995
-0.66;0.47;0.0336461
-0.66;0.48;0.032475
-0.66;0.49;0.0312826
-0.66;0.5;0.0300914
-0.66;0.51;0.0288679
-0.66;0.52;0.0276584
-0.66;0.53;0.0264339
-0.66;0.54;0.0252038
-0.66;0.55;0.023968
-0.66;0.56;0.0227235
-0.66;0.57;0.0214843
-0.66;0.58;0.0202335
-0.66;0.59;0.0189977
-0.66;0.6;0.0177596
-0.66;0.61;0.0165225
-0.66;0.62;0.0152909
-0.66;0.63;0.0140677
-0.66;0.64;0.0128368
-0.66;0.65;0.0116329
-0.66;0.66;0.0104167
-0.66;0.67;0.00923171
-0.66;0.68;0.00804505
-0.66;0.69;0.00688302
-0.66;0.7;0.00572106
-0.66;0.71;0.00456129
-0.66;0.72;0.00344222
-0.66;0.73;0.0023146
-0.66;0.74;0.00121905
-0.66;0.75;0.000131605
-0.66;0.76;1.76089e-33
-0.66;0.77;1.73869e-33
-0.66;0.78;1.71771e-33
-0.66;0.79;1.69717e-33
-0.66;0.8;1.67771e-33
-0.66;0.81;1.6553e-33
-0.66;0.82;1.6354e-33
-0.66;0.83;1.61508e-33
-0.66;0.84;1.59634e-33
-0.66;0.85;1.57784e-33
-0.66;0.86;1.09997e-20
-0.66;0.87;1.54367e-33
-0.66;0.88;1.52643e-33
-0.66;0.89;1.51298e-33
-0.66;0.9;1.49579e-33
-0.66;0.91;1.48314e-33
-0.66;0.92;1.46658e-33
-0.66;0.93;1.45002e-33
-0.66;0.94;1.43923e-33
-0.66;0.95;1.42379e-33
-0.66;0.96;1.41395e-33
-0.66;0.97;1.39878e-33
-0.66;0.98;1.34883e-33
-0.66;0.99;1.37529e-33
-0.65;-1;1.34542e-33
-0.65;-0.99;1.3534e-33
-0.65;-0.98;1.3677e-33
-0.65;-0.97;1.38001e-33
-0.65;-0.96;1.39153e-33
-0.65;-0.95;1.40665e-33
-0.65;-0.94;1.41711e-33
-0.65;-0.93;1.43336e-33
-0.65;-0.92;1.44948e-33
-0.65;-0.91;1.46129e-33
-0.65;-0.9;1.47735e-33
-0.65;-0.89;1.48997e-33
-0.65;-0.88;1.50659e-33
-0.65;-0.87;1.52024e-33
-0.65;-0.86;1.53857e-33
-0.65;-0.85;1.5569e-33
-0.65;-0.84;1.57324e-33
-0.65;-0.83;1.59234e-33
-0.65;-0.82;1.60964e-33
-0.65;-0.81;-4.50976e-20
-0.65;-0.8;1.64854e-33
-0.65;-0.79;-4.62983e-20
-0.65;-0.78;1.69097e-33
-0.65;-0.77;-4.62983e-20
-0.65;-0.76;1.73366e-33
-0.65;-0.75;0.00106141
-0.65;-0.74;0.00213766
-0.65;-0.73;0.00324257
-0.65;-0.72;0.00436331
-0.65;-0.71;0.00548311
-0.65;-0.7;0.00661115
-0.65;-0.69;0.00776786
-0.65;-0.68;0.00893511
-0.65;-0.67;0.0101148
-0.65;-0.66;0.0112928
-0.65;-0.65;0.0124801
-0.65;-0.64;0.0136897
-0.65;-0.63;0.0148993
-0.65;-0.62;0.0161109
-0.65;-0.61;0.0173258
-0.65;-0.6;0.0185477
-0.65;-0.59;0.0197688
-0.65;-0.58;0.0209924
-0.65;-0.57;0.0222112
-0.65;-0.56;0.0234279
-0.65;-0.55;0.0246458
-0.65;-0.54;0.0258588
-0.65;-0.53;0.027072
-0.65;-0.52;0.0282626
-0.65;-0.51;0.0294564
-0.65;-0.5;0.0306365
-0.65;-0.49;0.031799
-0.65;-0.48;0.0329588
-0.65;-0.47;0.0340954
-0.65;-0.46;0.0352161
-0.65;-0.45;0.0363133
-0.65;-0.44;0.037399
-0.65;-0.43;0.038462
-0.65;-0.42;0.0394954
-0.65;-0.41;0.0405193
-0.65;-0.4;0.0415017
-0.65;-0.39;0.0424902
-0.65;-0.38;0.0434079
-0.65;-0.37;0.0443274
-0.65;-0.36;0.045196
-0.65;-0.35;0.0460578
-0.65;-0.34;0.0468654
-0.65;-0.33;0.0476562
-0.65;-0.32;0.0484043
-0.65;-0.31;0.0491336
-0.65;-0.3;0.049809
-0.65;-0.29;0.0504747
-0.65;-0.28;0.0510787
-0.65;-0.27;0.0516705
-0.65;-0.26;0.0522204
-0.65;-0.25;0.0527384
-0.65;-0.24;0.0532261
-0.65;-0.23;0.0536749
-0.65;-0.22;0.0541021
-0.65;-0.21;0.0544875
-0.65;-0.2;0.054845
-0.65;-0.19;0.0551889
-0.65;-0.18;0.0554804
-0.65;-0.17;0.0557554
-0.65;-0.16;0.0560071
-0.65;-0.15;0.0562423
-0.65;-0.14;0.0564313
-0.65;-0.13;0.0566094
-0.65;-0.12;0.0567765
-0.65;-0.11;0.0569305
-0.65;-0.1;0.0570415
-0.65;-0.09;0.0571413
-0.65;-0.08;0.0572363
-0.65;-0.07;0.0573216
-0.65;-0.06;0.0573961
-0.65;-0.05;0.0574544
-0.65;-0.04;0.0574899
-0.65;-0.03;0.057523
-0.65;-0.02;0.0575441
-0.65;-0.01;0.0575448
-0.65;0;0.0575565
-0.65;0.01;0.0575564
-0.65;0.02;0.057548
-0.65;0.03;0.0575254
-0.65;0.04;0.0575012
-0.65;0.05;0.0574543
-0.65;0.06;0.0573873
-0.65;0.07;0.0573224
-0.65;0.08;0.0572396
-0.65;0.09;0.0571537
-0.65;0.1;0.057043
-0.65;0.11;0.0569283
-0.65;0.12;0.0567802
-0.65;0.13;0.0566167
-0.65;0.14;0.0564326
-0.65;0.15;0.0562369
-0.65;0.16;0.0560158
-0.65;0.17;0.0557534
-0.65;0.18;0.0554768
-0.65;0.19;0.0551833
-0.65;0.2;0.0548451
-0.65;0.21;0.0544936
-0.65;0.22;0.0541055
-0.65;0.23;0.0536777
-0.65;0.24;0.0532318
-0.65;0.25;0.0527407
-0.65;0.26;0.0522203
-0.65;0.27;0.0516744
-0.65;0.28;0.0510846
-0.65;0.29;0.0504778
-0.65;0.3;0.0498108
-0.65;0.31;0.0491332
-0.65;0.32;0.0484033
-0.65;0.33;0.0476617
-0.65;0.34;0.0468646
-0.65;0.35;0.0460383
-0.65;0.36;0.0451965
-0.65;0.37;0.0443263
-0.65;0.38;0.0434059
-0.65;0.39;0.042478
-0.65;0.4;0.0415006
-0.65;0.41;0.040521
-0.65;0.42;0.0394988
-0.65;0.43;0.0384648
-0.65;0.44;0.0373996
-0.65;0.45;0.0363137
-0.65;0.46;0.035213
-0.65;0.47;0.0340865
-0.65;0.48;0.0329568
-0.65;0.49;0.0317944
-0.65;0.5;0.0306261
-0.65;0.51;0.0294517
-0.65;0.52;0.028258
-0.65;0.53;0.0270718
-0.65;0.54;0.0258589
-0.65;0.55;0.0246487
-0.65;0.56;0.0234267
-0.65;0.57;0.0222006
-0.65;0.58;0.0209911
-0.65;0.59;0.0197724
-0.65;0.6;0.018551
-0.65;0.61;0.0173242
-0.65;0.62;0.0161103
-0.65;0.63;0.014898
-0.65;0.64;0.0136894
-0.65;0.65;0.0124788
-0.65;0.66;0.0112953
-0.65;0.67;0.010114
-0.65;0.68;0.0089346
-0.65;0.69;0.0077681
-0.65;0.7;0.00660968
-0.65;0.71;0.00548214
-0.65;0.72;0.00434491
-0.65;0.73;0.00324569
-0.65;0.74;0.00214716
-0.65;0.75;0.00105491
-0.65;0.76;1.73507e-33
-0.65;0.77;1.71373e-33
-0.65;0.78;1.69319e-33
-0.65;0.79;1.67268e-33
-0.65;0.8;1.65027e-33
-0.65;0.81;1.63019e-33
-0.65;0.82;1.60988e-33
-0.65;0.83;1.59185e-33
-0.65;0.84;-8.79979e-20
-0.65;0.85;1.55534e-33
-0.65;0.86;1.5381e-33
-0.65;0.87;1.52086e-33
-0.65;0.88;1.50682e-33
-0.65;0.89;1.48963e-33
-0.65;0.9;1.4766e-33
-0.65;0.91;1.46004e-33
-0.65;0.92;1.44786e-33
-0.65;0.93;1.43255e-33
-0.65;0.94;1.41712e-33
-0.65;0.95;1.40679e-33
-0.65;0.96;1.39163e-33
-0.65;0.97;1.38006e-33
-0.65;0.98;1.36827e-33
-0.65;0.99;1.35456e-33
-0.64;-1;1.32418e-33
-0.64;-0.99;1.33785e-33
-0.64;-0.98;1.34742e-33
-0.64;-0.97;1.36038e-33
-0.64;-0.96;1.34742e-33
-0.64;-0.95;1.38441e-33
-0.64;-0.94;1.39952e-33
-0.64;-0.93;1.4138e-33
-0.64;-0.92;1.42634e-33
-0.64;-0.91;1.44259e-33
-0.64;-0.9;1.45495e-33
-0.64;-0.89;1.47101e-33
-0.64;-0.88;1.48411e-33
-0.64;-0.87;1.50063e-33
-0.64;-0.86;2.04625e-20
-0.64;-0.85;1.53265e-33
-0.64;-0.84;1.55098e-33
-0.64;-0.83;1.56772e-33
-0.64;-0.82;1.58681e-33
-0.64;-0.81;1.60466e-33
-0.64;-0.8;-9.01952e-20
-0.64;-0.79;1.64364e-33
-0.64;-0.78;-9.25966e-20
-0.64;-0.77;1.6869e-33
-0.64;-0.76;0.000869742
-0.64;-0.75;0.00194629
-0.64;-0.74;0.0030295
-0.64;-0.73;0.00410999
-0.64;-0.72;0.00522279
-0.64;-0.71;0.00633284
-0.64;-0.7;0.0074735
-0.64;-0.69;0.00862056
-0.64;-0.68;0.00976985
-0.64;-0.67;0.0109358
-0.64;-0.66;0.0121028
-0.64;-0.65;0.013285
-0.64;-0.64;0.0144788
-0.64;-0.63;0.0156712
-0.64;-0.62;0.0168671
-0.64;-0.61;0.0180629
-0.64;-0.6;0.0192672
-0.64;-0.59;0.0204759
-0.64;-0.58;0.0216773
-0.64;-0.57;0.0228782
-0.64;-0.56;0.0240771
-0.64;-0.55;0.0252518
-0.64;-0.54;0.0264505
-0.64;-0.53;0.0276221
-0.64;-0.52;0.0287914
-0.64;-0.51;0.0299546
-0.64;-0.5;0.031096
-0.64;-0.49;0.0322359
-0.64;-0.48;0.0333498
-0.64;-0.47;0.0344486
-0.64;-0.46;0.0355401
-0.64;-0.45;0.0365928
-0.64;-0.44;0.0376472
-0.64;-0.43;0.038654
-0.64;-0.42;0.0396544
-0.64;-0.41;0.0406263
-0.64;-0.4;0.0415675
-0.64;-0.39;0.0424899
-0.64;-0.38;0.0433646
-0.64;-0.37;0.0442323
-0.64;-0.36;0.0450471
-0.64;-0.35;0.0458526
-0.64;-0.34;0.0466008
-0.64;-0.33;0.0473419
-0.64;-0.32;0.0480257
-0.64;-0.31;0.048695
-0.64;-0.3;0.0493056
-0.64;-0.29;0.0499119
-0.64;-0.28;0.0504493
-0.64;-0.27;0.0509856
-0.64;-0.26;0.0514613
-0.64;-0.25;0.0519178
-0.64;-0.24;0.0523334
-0.64;-0.23;0.0527198
-0.64;-0.22;0.0530847
-0.64;-0.21;0.0533995
-0.64;-0.2;0.0536978
-0.64;-0.19;0.053975
-0.64;-0.18;0.0542024
-0.64;-0.17;0.054422
-0.64;-0.16;0.0546297
-0.64;-0.15;0.0547743
-0.64;-0.14;0.054913
-0.64;-0.13;0.0550529
-0.64;-0.12;0.055176
-0.64;-0.11;0.0552617
-0.64;-0.1;0.0553368
-0.64;-0.09;0.0554193
-0.64;-0.08;0.0554602
-0.64;-0.07;0.0555233
-0.64;-0.06;0.0555585
-0.64;-0.05;0.0555778
-0.64;-0.04;0.0555974
-0.64;-0.03;0.0556106
-0.64;-0.02;0.0556198
-0.64;-0.01;0.0556268
-0.64;0;0.0556372
-0.64;0.01;0.0556291
-0.64;0.02;0.0556254
-0.64;0.03;0.0556117
-0.64;0.04;0.0555954
-0.64;0.05;0.0555784
-0.64;0.06;0.0555515
-0.64;0.07;0.0555156
-0.64;0.08;0.0554673
-0.64;0.09;0.0554068
-0.64;0.1;0.0553389
-0.64;0.11;0.0552618
-0.64;0.12;0.0551745
-0.64;0.13;0.0550515
-0.64;0.14;0.0549226
-0.64;0.15;0.0547764
-0.64;0.16;0.054626
-0.64;0.17;0.0544199
-0.64;0.18;0.0542044
-0.64;0.19;0.0539797
-0.64;0.2;0.0536972
-0.64;0.21;0.0534017
-0.64;0.22;0.0530847
-0.64;0.23;0.0527201
-0.64;0.24;0.0523327
-0.64;0.25;0.0519177
-0.64;0.26;0.0514592
-0.64;0.27;0.0509813
-0.64;0.28;0.0504493
-0.64;0.29;0.049911
-0.64;0.3;0.0493066
-0.64;0.31;0.048695
-0.64;0.32;0.0480222
-0.64;0.33;0.0473362
-0.64;0.34;0.0466031
-0.64;0.35;0.0458482
-0.64;0.36;0.0450439
-0.64;0.37;0.0442339
-0.64;0.38;0.0433644
-0.64;0.39;0.0424876
-0.64;0.4;0.0415668
-0.64;0.41;0.0406294
-0.64;0.42;0.0396574
-0.64;0.43;0.0386569
-0.64;0.44;0.0376468
-0.64;0.45;0.0365973
-0.64;0.46;0.0355386
-0.64;0.47;0.0344487
-0.64;0.48;0.0333491
-0.64;0.49;0.0322328
-0.64;0.5;0.0310953
-0.64;0.51;0.0299576
-0.64;0.52;0.028796
-0.64;0.53;0.0276258
-0.64;0.54;0.0264517
-0.64;0.55;0.0252632
-0.64;0.56;0.0240749
-0.64;0.57;0.0228696
-0.64;0.58;0.0216708
-0.64;0.59;0.0204738
-0.64;0.6;0.0192652
-0.64;0.61;0.0180657
-0.64;0.62;0.0168655
-0.64;0.63;0.0156683
-0.64;0.64;0.0144784
-0.64;0.65;0.0132892
-0.64;0.66;0.012103
-0.64;0.67;0.0109368
-0.64;0.68;0.00977341
-0.64;0.69;0.00862143
-0.64;0.7;0.00747531
-0.64;0.71;0.00633445
-0.64;0.72;0.00522757
-0.64;0.73;0.00412336
-0.64;0.74;0.00303042
-0.64;0.75;0.0019476
-0.64;0.76;0.000870742
-0.64;0.77;1.68922e-33
-0.64;0.78;1.66766e-33
-0.64;0.79;1.64524e-33
-0.64;0.8;1.62498e-33
-0.64;0.81;4.51356e-20
-0.64;0.82;1.58615e-33
-0.64;0.83;1.56645e-33
-0.64;0.84;1.54977e-33
-0.64;0.85;1.53253e-33
-0.64;0.86;1.51785e-33
-0.64;0.87;-8.18033e-20
-0.64;0.88;1.48357e-33
-0.64;0.89;1.47006e-33
-0.64;0.9;1.4535e-33
-0.64;0.91;1.44131e-33
-0.64;0.92;1.42588e-33
-0.64;0.93;1.41397e-33
-0.64;0.94;1.39964e-33
-0.64;0.95;1.38448e-33
-0.64;0.96;1.37496e-33
-0.64;0.97;1.36125e-33
-0.64;0.98;1.34883e-33
-0.64;0.99;1.28652e-33
-0.63;-1;1.30935e-33
-0.63;-0.99;1.31661e-33
-0.63;-0.98;1.33028e-33
-0.63;-0.97;1.34394e-33
-0.63;-0.96;1.35305e-33
-0.63;-0.95;1.34742e-33
-0.63;-0.94;1.38001e-33
-0.63;-0.93;1.3924e-33
-0.63;-0.92;-7.79498e-20
-0.63;-0.91;1.41931e-33
-0.63;-0.9;1.43556e-33
-0.63;-0.89;1.44948e-33
-0.63;-0.88;1.46467e-33
-0.63;-0.87;1.48073e-33
-0.63;-0.86;1.49468e-33
-0.63;-0.85;4.09251e-20
-0.63;-0.84;1.52673e-33
-0.63;-0.83;1.54505e-33
-0.63;-0.82;1.56219e-33
-0.63;-0.81;1.58129e-33
-0.63;-0.8;1.59968e-33
-0.63;-0.79;9.01952e-20
-0.63;-0.78;1.63873e-33
-0.63;-0.77;0.000684966
-0.63;-0.76;0.00172734
-0.63;-0.75;0.00277686
-0.63;-0.74;0.0038576
-0.63;-0.73;0.00494511
-0.63;-0.72;0.00604144
-0.63;-0.71;0.00715637
-0.63;-0.7;0.00827609
-0.63;-0.69;0.00941711
-0.63;-0.68;0.0105631
-0.63;-0.67;0.0117115
-0.63;-0.66;0.012866
-0.63;-0.65;0.014038
-0.63;-0.64;0.0152101
-0.63;-0.63;0.0163858
-0.63;-0.62;0.017567
-0.63;-0.61;0.0187465
-0.63;-0.6;0.0199344
-0.63;-0.59;0.0211132
-0.63;-0.58;0.0222907
-0.63;-0.57;0.0234725
-0.63;-0.56;0.024641
-0.63;-0.55;0.0258103
-0.63;-0.54;0.026967
-0.63;-0.53;0.0281142
-0.63;-0.52;0.0292613
-0.63;-0.51;0.0303851
-0.63;-0.5;0.0314899
-0.63;-0.49;0.0325911
-0.63;-0.48;0.0336622
-0.63;-0.47;0.0347326
-0.63;-0.46;0.0357735
-0.63;-0.45;0.03679
-0.63;-0.44;0.0377984
-0.63;-0.43;0.0387646
-0.63;-0.42;0.0397146
-0.63;-0.41;0.0406369
-0.63;-0.4;0.0415245
-0.63;-0.39;0.0423895
-0.63;-0.38;0.0432247
-0.63;-0.37;0.0440242
-0.63;-0.36;0.0447829
-0.63;-0.35;0.0455303
-0.63;-0.34;0.0462179
-0.63;-0.33;0.0468959
-0.63;-0.32;0.0475109
-0.63;-0.31;0.0481218
-0.63;-0.3;0.0486648
-0.63;-0.29;0.0492038
-0.63;-0.28;0.0496772
-0.63;-0.27;0.050144
-0.63;-0.26;0.0505432
-0.63;-0.25;0.0509401
-0.63;-0.24;0.0512796
-0.63;-0.23;0.0515996
-0.63;-0.22;0.0518882
-0.63;-0.21;0.0521347
-0.63;-0.2;0.0523743
-0.63;-0.19;0.0525641
-0.63;-0.18;0.0527388
-0.63;-0.17;0.0528958
-0.63;-0.16;0.0530242
-0.63;-0.15;0.0531122
-0.63;-0.14;0.0532145
-0.63;-0.13;0.0532908
-0.63;-0.12;0.0533336
-0.63;-0.11;0.0533794
-0.63;-0.1;0.0534098
-0.63;-0.09;0.0534451
-0.63;-0.08;0.0534451
-0.63;-0.07;0.0534662
-0.63;-0.06;0.0534669
-0.63;-0.05;0.0534688
-0.63;-0.04;0.0534631
-0.63;-0.03;0.0534605
-0.63;-0.02;0.053466
-0.63;-0.01;0.0534628
-0.63;0;0.0534636
-0.63;0.01;0.0534647
-0.63;0.02;0.0534651
-0.63;0.03;0.0534656
-0.63;0.04;0.0534653
-0.63;0.05;0.0534679
-0.63;0.06;0.0534695
-0.63;0.07;0.0534629
-0.63;0.08;0.0534643
-0.63;0.09;0.0534467
-0.63;0.1;0.053417
-0.63;0.11;0.0533741
-0.63;0.12;0.0533339
-0.63;0.13;0.053294
-0.63;0.14;0.0532102
-0.63;0.15;0.0531186
-0.63;0.16;0.053016
-0.63;0.17;0.0528984
-0.63;0.18;0.0527337
-0.63;0.19;0.0525626
-0.63;0.2;0.0523673
-0.63;0.21;0.0521371
-0.63;0.22;0.0518862
-0.63;0.23;0.0516002
-0.63;0.24;0.0512806
-0.63;0.25;0.0509368
-0.63;0.26;0.0505486
-0.63;0.27;0.0501428
-0.63;0.28;0.049674
-0.63;0.29;0.0491993
-0.63;0.3;0.048664
-0.63;0.31;0.0481202
-0.63;0.32;0.0475108
-0.63;0.33;0.0468897
-0.63;0.34;0.0462157
-0.63;0.35;0.0455314
-0.63;0.36;0.0447792
-0.63;0.37;0.0440265
-0.63;0.38;0.0432148
-0.63;0.39;0.0423888
-0.63;0.4;0.041527
-0.63;0.41;0.0406371
-0.63;0.42;0.0397181
-0.63;0.43;0.0387615
-0.63;0.44;0.0377951
-0.63;0.45;0.0367904
-0.63;0.46;0.0357732
-0.63;0.47;0.0347389
-0.63;0.48;0.0336708
-0.63;0.49;0.0325965
-0.63;0.5;0.0314937
-0.63;0.51;0.0303851
-0.63;0.52;0.0292567
-0.63;0.53;0.0281087
-0.63;0.54;0.0269655
-0.63;0.55;0.0258038
-0.63;0.56;0.024635
-0.63;0.57;0.0234711
-0.63;0.58;0.0222894
-0.63;0.59;0.0211106
-0.63;0.6;0.0199337
-0.63;0.61;0.0187439
-0.63;0.62;0.0175655
-0.63;0.63;0.0163843
-0.63;0.64;0.0152108
-0.63;0.65;0.0140419
-0.63;0.66;0.0128679
-0.63;0.67;0.0117127
-0.63;0.68;0.0105631
-0.63;0.69;0.00941794
-0.63;0.7;0.00828558
-0.63;0.71;0.00715791
-0.63;0.72;0.00604192
-0.63;0.73;0.00494597
-0.63;0.74;0.00385801
-0.63;0.75;0.0027931
-0.63;0.76;0.00173114
-0.63;0.77;0.000685987
-0.63;0.78;1.64021e-33
-0.63;0.79;1.61978e-33
-0.63;0.8;-2.25678e-20
-0.63;0.81;1.58045e-33
-0.63;0.82;4.3999e-20
-0.63;0.83;1.5442e-33
-0.63;0.84;1.52696e-33
-0.63;0.85;1.51169e-33
-0.63;0.86;-8.18033e-20
-0.63;0.87;1.48009e-33
-0.63;0.88;1.46353e-33
-0.63;0.89;1.44786e-33
-0.63;0.9;1.43464e-33
-0.63;0.91;1.4192e-33
-0.63;0.92;1.40766e-33
-0.63;0.93;1.39249e-33
-0.63;0.94;1.38006e-33
-0.63;0.95;1.36794e-33
-0.63;0.96;1.35423e-33
-0.63;0.97;1.34547e-33
-0.63;0.98;1.28652e-33
-0.63;0.99;1.28652e-33
-0.62;-1;1.28991e-33
-0.62;-0.99;1.30208e-33
-0.62;-0.98;1.31425e-33
-0.62;-0.97;1.3227e-33
-0.62;-0.96;1.33637e-33
-0.62;-0.95;1.34742e-33
-0.62;-0.94;1.34742e-33
-0.62;-0.93;1.37434e-33
-0.62;-0.92;1.38527e-33
-0.62;-0.91;1.40039e-33
-0.62;-0.9;1.4138e-33
-0.62;-0.89;1.42853e-33
-0.62;-0.88;1.44478e-33
-0.62;-0.87;1.45833e-33
-0.62;-0.86;1.47439e-33
-0.62;-0.85;1.48872e-33
-0.62;-0.84;1.50534e-33
-0.62;-0.83;1.5208e-33
-0.62;-0.82;1.53913e-33
-0.62;-0.81;1.55746e-33
-0.62;-0.8;1.57577e-33
-0.62;-0.79;1.59486e-33
-0.62;-0.78;0.000469839
-0.62;-0.77;0.00149464
-0.62;-0.76;0.00252292
-0.62;-0.75;0.0035896
-0.62;-0.74;0.00465236
-0.62;-0.73;0.00573728
-0.62;-0.72;0.0068323
-0.62;-0.71;0.0079323
-0.62;-0.7;0.00904989
-0.62;-0.69;0.0101711
-0.62;-0.68;0.0112976
-0.62;-0.67;0.0124386
-0.62;-0.66;0.0135927
-0.62;-0.65;0.0147431
-0.62;-0.64;0.0158985
-0.62;-0.63;0.0170608
-0.62;-0.62;0.0182181
-0.62;-0.61;0.0193766
-0.62;-0.6;0.0205356
-0.62;-0.59;0.0216903
-0.62;-0.58;0.0228615
-0.62;-0.57;0.0240045
-0.62;-0.56;0.0251551
-0.62;-0.55;0.0262959
-0.62;-0.54;0.027417
-0.62;-0.53;0.0285375
-0.62;-0.52;0.0296464
-0.62;-0.51;0.030734
-0.62;-0.5;0.031816
-0.62;-0.49;0.0328666
-0.62;-0.48;0.0339094
-0.62;-0.47;0.0349348
-0.62;-0.46;0.0359256
-0.62;-0.45;0.0369085
-0.62;-0.44;0.0378566
-0.62;-0.43;0.0387769
-0.62;-0.42;0.0396778
-0.62;-0.41;0.0405421
-0.62;-0.4;0.0413855
-0.62;-0.39;0.0421918
-0.62;-0.38;0.0429601
-0.62;-0.37;0.0437102
-0.62;-0.36;0.0444068
-0.62;-0.35;0.0450904
-0.62;-0.34;0.0457119
-0.62;-0.33;0.0463226
-0.62;-0.32;0.0468749
-0.62;-0.31;0.0474107
-0.62;-0.3;0.0478854
-0.62;-0.29;0.0483481
-0.62;-0.28;0.0487501
-0.62;-0.27;0.0491448
-0.62;-0.26;0.0494781
-0.62;-0.25;0.0497992
-0.62;-0.24;0.0500588
-0.62;-0.23;0.0503099
-0.62;-0.22;0.0505188
-0.62;-0.21;0.0506991
-0.62;-0.2;0.0508665
-0.62;-0.19;0.0509745
-0.62;-0.18;0.0510821
-0.62;-0.17;0.0511723
-0.62;-0.16;0.0512166
-0.62;-0.15;0.0512552
-0.62;-0.14;0.0512958
-0.62;-0.13;0.0512972
-0.62;-0.12;0.0512858
-0.62;-0.11;0.0512756
-0.62;-0.1;0.051264
-0.62;-0.09;0.0512434
-0.62;-0.08;0.051205
-0.62;-0.07;0.0511755
-0.62;-0.06;0.0511499
-0.62;-0.05;0.0511208
-0.62;-0.04;0.0511004
-0.62;-0.03;0.0510765
-0.62;-0.02;0.0510685
-0.62;-0.01;0.051064
-0.62;0;0.0510622
-0.62;0.01;0.0510653
-0.62;0.02;0.0510746
-0.62;0.03;0.0510837
-0.62;0.04;0.0511029
-0.62;0.05;0.0511215
-0.62;0.06;0.0511458
-0.62;0.07;0.0511759
-0.62;0.08;0.0512079
-0.62;0.09;0.0512446
-0.62;0.1;0.0512648
-0.62;0.11;0.0512709
-0.62;0.12;0.0512898
-0.62;0.13;0.0512912
-0.62;0.14;0.0512964
-0.62;0.15;0.0512565
-0.62;0.16;0.0512159
-0.62;0.17;0.0511713
-0.62;0.18;0.051078
-0.62;0.19;0.0509704
-0.62;0.2;0.0508619
-0.62;0.21;0.0506952
-0.62;0.22;0.0505192
-0.62;0.23;0.0503118
-0.62;0.24;0.0500613
-0.62;0.25;0.0498014
-0.62;0.26;0.049479
-0.62;0.27;0.0491463
-0.62;0.28;0.0487539
-0.62;0.29;0.0483503
-0.62;0.3;0.0478877
-0.62;0.31;0.0474129
-0.62;0.32;0.0468758
-0.62;0.33;0.0463098
-0.62;0.34;0.0457123
-0.62;0.35;0.0450904
-0.62;0.36;0.0444076
-0.62;0.37;0.0437084
-0.62;0.38;0.0429634
-0.62;0.39;0.0421935
-0.62;0.4;0.0413855
-0.62;0.41;0.0405428
-0.62;0.42;0.0396881
-0.62;0.43;0.0387794
-0.62;0.44;0.0378571
-0.62;0.45;0.0369065
-0.62;0.46;0.0359256
-0.62;0.47;0.0349356
-0.62;0.48;0.0339061
-0.62;0.49;0.0328649
-0.62;0.5;0.0318111
-0.62;0.51;0.0307318
-0.62;0.52;0.0296445
-0.62;0.53;0.0285388
-0.62;0.54;0.0274164
-0.62;0.55;0.0262929
-0.62;0.56;0.0251514
-0.62;0.57;0.0240026
-0.62;0.58;0.0228575
-0.62;0.59;0.0216921
-0.62;0.6;0.0205362
-0.62;0.61;0.0193793
-0.62;0.62;0.0182058
-0.62;0.63;0.0170581
-0.62;0.64;0.0158984
-0.62;0.65;0.0147312
-0.62;0.66;0.0135907
-0.62;0.67;0.0124391
-0.62;0.68;0.0113048
-0.62;0.69;0.0101723
-0.62;0.7;0.00904953
-0.62;0.71;0.00793243
-0.62;0.72;0.00683186
-0.62;0.73;0.00573848
-0.62;0.74;0.00465987
-0.62;0.75;0.00358845
-0.62;0.76;0.00252299
-0.62;0.77;0.00149592
-0.62;0.78;0.000470242
-0.62;0.79;1.59446e-33
-0.62;0.8;8.79979e-20
-0.62;0.81;1.55587e-33
-0.62;0.82;1.53863e-33
-0.62;0.83;1.52139e-33
-0.62;0.84;1.50553e-33
-0.62;0.85;-4.09016e-20
-0.62;0.86;1.47355e-33
-0.62;0.87;1.45699e-33
-0.62;0.88;1.4434e-33
-0.62;0.89;7.79836e-20
-0.62;0.9;1.41397e-33
-0.62;0.91;1.40051e-33
-0.62;0.92;1.38534e-33
-0.62;0.93;1.37463e-33
-0.62;0.94;1.36092e-33
-0.62;0.95;1.34883e-33
-0.62;0.96;1.33815e-33
-0.62;0.97;1.28652e-33
-0.62;0.98;1.31656e-33
-0.62;0.99;1.30322e-33
-0.61;-1;1.22997e-33
-0.61;-0.99;1.28685e-33
-0.61;-0.98;1.2948e-33
-0.61;-0.97;1.30697e-33
-0.61;-0.96;1.31568e-33
-0.61;-0.95;1.3288e-33
-0.61;-0.94;1.34247e-33
-0.61;-0.93;1.34742e-33
-0.61;-0.92;1.36702e-33
-0.61;-0.91;1.38001e-33
-0.61;-0.9;1.39326e-33
-0.61;-0.89;-3.89749e-20
-0.61;-0.88;1.42151e-33
-0.61;-0.87;1.43776e-33
-0.61;-0.86;1.45199e-33
-0.61;-0.85;1.46805e-33
-0.61;-0.84;1.48411e-33
-0.61;-0.83;1.49938e-33
-0.61;-0.82;6.13876e-20
-0.61;-0.81;1.53321e-33
-0.61;-0.8;1.55153e-33
-0.61;-0.79;0.000240885
-0.61;-0.78;0.00125089
-0.61;-0.77;0.00227456
-0.61;-0.76;0.00330656
-0.61;-0.75;0.00435686
-0.61;-0.74;0.00541655
-0.61;-0.73;0.00648913
-0.61;-0.72;0.00757046
-0.61;-0.71;0.0086613
-0.61;-0.7;0.00976957
-0.61;-0.69;0.0108835
-0.61;-0.68;0.0120027
-0.61;-0.67;0.013129
-0.61;-0.66;0.0142504
-0.61;-0.65;0.0153898
-0.61;-0.64;0.0165312
-0.61;-0.63;0.0176645
-0.61;-0.62;0.0188116
-0.61;-0.61;0.0199549
-0.61;-0.6;0.0210928
-0.61;-0.59;0.0222315
-0.61;-0.58;0.0233501
-0.61;-0.57;0.0244828
-0.61;-0.56;0.0256047
-0.61;-0.55;0.0267019
-0.61;-0.54;0.0278017
-0.61;-0.53;0.0288888
-0.61;-0.52;0.0299573
-0.61;-0.51;0.0310162
-0.61;-0.5;0.032057
-0.61;-0.49;0.0330703
-0.61;-0.48;0.0340731
-0.61;-0.47;0.0350446
-0.61;-0.46;0.0359999
-0.61;-0.45;0.0369396
-0.61;-0.44;0.0378293
-0.61;-0.43;0.0387077
-0.61;-0.42;0.0395518
-0.61;-0.41;0.0403527
-0.61;-0.4;0.04115
-0.61;-0.39;0.0418846
-0.61;-0.38;0.0426038
-0.61;-0.37;0.0432814
-0.61;-0.36;0.0439206
-0.61;-0.35;0.044536
-0.61;-0.34;0.0450886
-0.61;-0.33;0.0456291
-0.61;-0.32;0.0461084
-0.61;-0.31;0.0465729
-0.61;-0.3;0.0469752
-0.61;-0.29;0.0473601
-0.61;-0.28;0.0477048
-0.61;-0.27;0.0479989
-0.61;-0.26;0.0482557
-0.61;-0.25;0.0485013
-0.61;-0.24;0.0486775
-0.61;-0.23;0.0488585
-0.61;-0.22;0.0489715
-0.61;-0.21;0.0490827
-0.61;-0.2;0.0491532
-0.61;-0.19;0.0491989
-0.61;-0.18;0.0492358
-0.61;-0.17;0.0492353
-0.61;-0.16;0.0492105
-0.61;-0.15;0.0491955
-0.61;-0.14;0.0491439
-0.61;-0.13;0.0490814
-0.61;-0.12;0.0490192
-0.61;-0.11;0.0489598
-0.61;-0.1;0.0488759
-0.61;-0.09;0.0487955
-0.61;-0.08;0.0487194
-0.61;-0.07;0.0486505
-0.61;-0.06;0.0485914
-0.61;-0.05;0.048541
-0.61;-0.04;0.0484915
-0.61;-0.03;0.0484394
-0.61;-0.02;0.0484112
-0.61;-0.01;0.0483894
-0.61;0;0.0483871
-0.61;0.01;0.0483921
-0.61;0.02;0.0484089
-0.61;0.03;0.0484397
-0.61;0.04;0.0484933
-0.61;0.05;0.048539
-0.61;0.06;0.048592
-0.61;0.07;0.0486549
-0.61;0.08;0.0487266
-0.61;0.09;0.0487932
-0.61;0.1;0.0488775
-0.61;0.11;0.0489609
-0.61;0.12;0.0490182
-0.61;0.13;0.049077
-0.61;0.14;0.0491403
-0.61;0.15;0.0491939
-0.61;0.16;0.0492126
-0.61;0.17;0.0492346
-0.61;0.18;0.0492367
-0.61;0.19;0.0492062
-0.61;0.2;0.0491589
-0.61;0.21;0.0490851
-0.61;0.22;0.0489794
-0.61;0.23;0.0488575
-0.61;0.24;0.0486808
-0.61;0.25;0.0485005
-0.61;0.26;0.0482565
-0.61;0.27;0.0480026
-0.61;0.28;0.0476907
-0.61;0.29;0.0473597
-0.61;0.3;0.0469772
-0.61;0.31;0.046571
-0.61;0.32;0.0461111
-0.61;0.33;0.0456315
-0.61;0.34;0.0450935
-0.61;0.35;0.0445319
-0.61;0.36;0.0439178
-0.61;0.37;0.0432855
-0.61;0.38;0.0426043
-0.61;0.39;0.0418933
-0.61;0.4;0.0411512
-0.61;0.41;0.0403584
-0.61;0.42;0.0395512
-0.61;0.43;0.0387028
-0.61;0.44;0.0378349
-0.61;0.45;0.0369385
-0.61;0.46;0.0359996
-0.61;0.47;0.0350485
-0.61;0.48;0.0340733
-0.61;0.49;0.033069
-0.61;0.5;0.0320552
-0.61;0.51;0.0310147
-0.61;0.52;0.0299576
-0.61;0.53;0.0288954
-0.61;0.54;0.02781
-0.61;0.55;0.0267085
-0.61;0.56;0.0256048
-0.61;0.57;0.0244824
-0.61;0.58;0.0233594
-0.61;0.59;0.0222323
-0.61;0.6;0.0210931
-0.61;0.61;0.0199469
-0.61;0.62;0.0188108
-0.61;0.63;0.0176703
-0.61;0.64;0.0165328
-0.61;0.65;0.0153927
-0.61;0.66;0.0142487
-0.61;0.67;0.0131218
-0.61;0.68;0.0119971
-0.61;0.69;0.0108825
-0.61;0.7;0.00976956
-0.61;0.71;0.00866061
-0.61;0.72;0.00757064
-0.61;0.73;0.00648723
-0.61;0.74;0.00540819
-0.61;0.75;0.00434186
-0.61;0.76;0.00330279
-0.61;0.77;0.00226119
-0.61;0.78;0.00125061
-0.61;0.79;0.000240829
-0.61;0.8;1.55029e-33
-0.61;0.81;1.53305e-33
-0.61;0.82;1.51656e-33
-0.61;0.83;8.18033e-20
-0.61;0.84;1.48357e-33
-0.61;0.85;1.46701e-33
-0.61;0.86;1.45045e-33
-0.61;0.87;1.43673e-33
-0.61;0.88;7.79836e-20
-0.61;0.89;1.40853e-33
-0.61;0.9;1.39336e-33
-0.61;0.91;1.38006e-33
-0.61;0.92;1.36761e-33
-0.61;0.93;1.35391e-33
-0.61;0.94;1.34404e-33
-0.61;0.95;1.33082e-33
-0.61;0.96;1.28652e-33
-0.61;0.97;1.30858e-33
-0.61;0.98;1.29524e-33
-0.61;0.99;1.22966e-33
-0.6;-1;1.25768e-33
-0.6;-0.99;1.22997e-33
-0.6;-0.98;1.22997e-33
-0.6;-0.97;1.28753e-33
-0.6;-0.96;1.2997e-33
-0.6;-0.95;1.31186e-33
-0.6;-0.94;1.32122e-33
-0.6;-0.93;1.33489e-33
-0.6;-0.92;1.34742e-33
-0.6;-0.91;1.35969e-33
-0.6;-0.9;1.374e-33
-0.6;-0.89;1.38613e-33
-0.6;-0.88;1.40125e-33
-0.6;-0.87;1.41448e-33
-0.6;-0.86;1.43073e-33
-0.6;-0.85;1.44698e-33
-0.6;-0.84;1.46171e-33
-0.6;-0.83;1.47777e-33
-0.6;-0.82;1.49343e-33
-0.6;-0.81;1.51005e-33
-0.6;-0.8;1.52728e-33
-0.6;-0.79;0.000981528
-0.6;-0.78;0.00199467
-0.6;-0.77;0.0030099
-0.6;-0.76;0.00403979
-0.6;-0.75;0.00508015
-0.6;-0.74;0.00613343
-0.6;-0.73;0.00718907
-0.6;-0.72;0.00826644
-0.6;-0.71;0.009351
-0.6;-0.7;0.0104365
-0.6;-0.69;0.0115424
-0.6;-0.68;0.01265
-0.6;-0.67;0.0137551
-0.6;-0.66;0.0148755
-0.6;-0.65;0.0159913
-0.6;-0.64;0.0171092
-0.6;-0.63;0.0182358
-0.6;-0.62;0.0193533
-0.6;-0.61;0.0204648
-0.6;-0.6;0.0215873
-0.6;-0.59;0.0226922
-0.6;-0.58;0.0238
-0.6;-0.57;0.0249007
-0.6;-0.56;0.0259763
-0.6;-0.55;0.0270592
-0.6;-0.54;0.0281311
-0.6;-0.53;0.0291753
-0.6;-0.52;0.0302095
-0.6;-0.51;0.0312325
-0.6;-0.5;0.0322189
-0.6;-0.49;0.0331989
-0.6;-0.48;0.0341623
-0.6;-0.47;0.0350844
-0.6;-0.46;0.0359924
-0.6;-0.45;0.0368721
-0.6;-0.44;0.037716
-0.6;-0.43;0.0385438
-0.6;-0.42;0.0393275
-0.6;-0.41;0.0400803
-0.6;-0.4;0.0408014
-0.6;-0.39;0.0414851
-0.6;-0.38;0.0421426
-0.6;-0.37;0.0427494
-0.6;-0.36;0.0433238
-0.6;-0.35;0.0438685
-0.6;-0.34;0.0443443
-0.6;-0.33;0.0447945
-0.6;-0.32;0.0452211
-0.6;-0.31;0.0456018
-0.6;-0.3;0.0459308
-0.6;-0.29;0.0462263
-0.6;-0.28;0.0464854
-0.6;-0.27;0.0467059
-0.6;-0.26;0.0468843
-0.6;-0.25;0.0470312
-0.6;-0.24;0.0471409
-0.6;-0.23;0.0472269
-0.6;-0.22;0.047261
-0.6;-0.21;0.0472921
-0.6;-0.2;0.0472672
-0.6;-0.19;0.0472407
-0.6;-0.18;0.0471855
-0.6;-0.17;0.0471006
-0.6;-0.16;0.0470108
-0.6;-0.15;0.0469105
-0.6;-0.14;0.0467761
-0.6;-0.13;0.0466489
-0.6;-0.12;0.0465334
-0.6;-0.11;0.0463914
-0.6;-0.1;0.0462484
-0.6;-0.09;0.046116
-0.6;-0.08;0.0460018
-0.6;-0.07;0.045897
-0.6;-0.06;0.0457762
-0.6;-0.05;0.0456806
-0.6;-0.04;0.0455973
-0.6;-0.03;0.0455195
-0.6;-0.02;0.0454891
-0.6;-0.01;0.045463
-0.6;0;0.0454515
-0.6;0.01;0.0454603
-0.6;0.02;0.0454856
-0.6;0.03;0.0455215
-0.6;0.04;0.0455981
-0.6;0.05;0.0456817
-0.6;0.06;0.0457821
-0.6;0.07;0.0458962
-0.6;0.08;0.0460013
-0.6;0.09;0.0461268
-0.6;0.1;0.0462452
-0.6;0.11;0.0463893
-0.6;0.12;0.0465345
-0.6;0.13;0.0466521
-0.6;0.14;0.0467844
-0.6;0.15;0.0469059
-0.6;0.16;0.0470075
-0.6;0.17;0.0470967
-0.6;0.18;0.0471874
-0.6;0.19;0.0472327
-0.6;0.2;0.0472664
-0.6;0.21;0.0472822
-0.6;0.22;0.0472661
-0.6;0.23;0.0472275
-0.6;0.24;0.0471386
-0.6;0.25;0.047033
-0.6;0.26;0.0468831
-0.6;0.27;0.046707
-0.6;0.28;0.0464851
-0.6;0.29;0.0462305
-0.6;0.3;0.0459324
-0.6;0.31;0.0455977
-0.6;0.32;0.045221
-0.6;0.33;0.0448177
-0.6;0.34;0.0443513
-0.6;0.35;0.0438664
-0.6;0.36;0.0433207
-0.6;0.37;0.0427489
-0.6;0.38;0.0421437
-0.6;0.39;0.0414916
-0.6;0.4;0.0408091
-0.6;0.41;0.0400806
-0.6;0.42;0.0393269
-0.6;0.43;0.0385441
-0.6;0.44;0.0377158
-0.6;0.45;0.036871
-0.6;0.46;0.0359932
-0.6;0.47;0.0350907
-0.6;0.48;0.0341622
-0.6;0.49;0.0332001
-0.6;0.5;0.0322187
-0.6;0.51;0.031233
-0.6;0.52;0.0302086
-0.6;0.53;0.0291709
-0.6;0.54;0.0281333
-0.6;0.55;0.0270622
-0.6;0.56;0.0259842
-0.6;0.57;0.024895
-0.6;0.58;0.0237991
-0.6;0.59;0.0226962
-0.6;0.6;0.0215906
-0.6;0.61;0.0204728
-0.6;0.62;0.0193538
-0.6;0.63;0.0182347
-0.6;0.64;0.0171099
-0.6;0.65;0.0159899
-0.6;0.66;0.0148757
-0.6;0.67;0.0137578
-0.6;0.68;0.0126446
-0.6;0.69;0.0115416
-0.6;0.7;0.0104368
-0.6;0.71;0.00935835
-0.6;0.72;0.00827281
-0.6;0.73;0.00718929
-0.6;0.74;0.00612623
-0.6;0.75;0.00507907
-0.6;0.76;0.00403174
-0.6;0.77;0.00300556
-0.6;0.78;0.00198664
-0.6;0.79;0.000981185
-0.6;0.8;1.52748e-33
-0.6;0.81;1.5104e-33
-0.6;0.82;-8.18033e-20
-0.6;0.83;1.47704e-33
-0.6;0.84;1.46048e-33
-0.6;0.85;1.44549e-33
-0.6;0.86;-7.79836e-20
-0.6;0.87;-4.38658e-20
-0.6;0.88;1.40138e-33
-0.6;0.89;1.38621e-33
-0.6;0.9;1.37431e-33
-0.6;0.91;1.3606e-33
-0.6;0.92;1.34883e-33
-0.6;0.93;1.33672e-33
-0.6;0.94;1.3235e-33
-0.6;0.95;1.31395e-33
-0.6;0.96;1.30061e-33
-0.6;0.97;1.28726e-33
-0.6;0.98;1.27947e-33
-0.6;0.99;1.26778e-33
-0.59;-1;1.24117e-33
-0.59;-0.99;1.25239e-33
-0.59;-0.98;1.22997e-33
-0.59;-0.97;1.22997e-33
-0.59;-0.96;1.25768e-33
-0.59;-0.95;1.29242e-33
-0.59;-0.94;1.30459e-33
-0.59;-0.93;1.31568e-33
-0.59;-0.92;1.32732e-33
-0.59;-0.91;1.34099e-33
-0.59;-0.9;1.35237e-33
-0.59;-0.89;1.36668e-33
-0.59;-0.88;1.38001e-33
-0.59;-0.87;1.39412e-33
-0.59;-0.86;-7.79498e-20
-0.59;-0.85;1.4237e-33
-0.59;-0.84;1.43995e-33
-0.59;-0.83;1.45537e-33
-0.59;-0.82;1.47143e-33
-0.59;-0.81;1.48747e-33
-0.59;-0.8;0.000708427
-0.59;-0.79;0.00170271
-0.59;-0.78;0.00269353
-0.59;-0.77;0.0037081
-0.59;-0.76;0.00473063
-0.59;-0.75;0.00576569
-0.59;-0.74;0.00680073
-0.59;-0.73;0.00786634
-0.59;-0.72;0.00891994
-0.59;-0.71;0.00999456
-0.59;-0.7;0.0110795
-0.59;-0.69;0.0121618
-0.59;-0.68;0.0132472
-0.59;-0.67;0.0143504
-0.59;-0.66;0.0154443
-0.59;-0.65;0.0165364
-0.59;-0.64;0.0176477
-0.59;-0.63;0.0187452
-0.59;-0.62;0.0198355
-0.59;-0.61;0.0209382
-0.59;-0.6;0.0220233
-0.59;-0.59;0.0231114
-0.59;-0.58;0.0241914
-0.59;-0.57;0.0252531
-0.59;-0.56;0.0263116
-0.59;-0.55;0.0273587
-0.59;-0.54;0.0283817
-0.59;-0.53;0.0293933
-0.59;-0.52;0.0303935
-0.59;-0.51;0.0313629
-0.59;-0.5;0.0323224
-0.59;-0.49;0.0332643
-0.59;-0.48;0.0341669
-0.59;-0.47;0.0350467
-0.59;-0.46;0.0359086
-0.59;-0.45;0.0367289
-0.59;-0.44;0.0375257
-0.59;-0.43;0.0382956
-0.59;-0.42;0.0390158
-0.59;-0.41;0.0397124
-0.59;-0.4;0.0403775
-0.59;-0.39;0.0409869
-0.59;-0.38;0.0415801
-0.59;-0.37;0.0421112
-0.59;-0.36;0.0426165
-0.59;-0.35;0.0430815
-0.59;-0.34;0.0434864
-0.59;-0.33;0.0438807
-0.59;-0.32;0.0442078
-0.59;-0.31;0.0445053
-0.59;-0.3;0.0447528
-0.59;-0.29;0.0449622
-0.59;-0.28;0.0451406
-0.59;-0.27;0.0452624
-0.59;-0.26;0.0453553
-0.59;-0.25;0.0454097
-0.59;-0.24;0.045435
-0.59;-0.23;0.0454202
-0.59;-0.22;0.0453731
-0.59;-0.21;0.0453084
-0.59;-0.2;0.0451933
-0.59;-0.19;0.0450885
-0.59;-0.18;0.0449301
-0.59;-0.17;0.0447693
-0.59;-0.16;0.0445969
-0.59;-0.15;0.0443944
-0.59;-0.14;0.0441953
-0.59;-0.13;0.0440092
-0.59;-0.12;0.043794
-0.59;-0.11;0.0435992
-0.59;-0.1;0.0433887
-0.59;-0.09;0.0432094
-0.59;-0.08;0.0430203
-0.59;-0.07;0.0428487
-0.59;-0.06;0.0426975
-0.59;-0.05;0.0425695
-0.59;-0.04;0.0424659
-0.59;-0.03;0.0423779
-0.59;-0.02;0.0423139
-0.59;-0.01;0.0422849
-0.59;0;0.0422719
-0.59;0.01;0.0422773
-0.59;0.02;0.0423184
-0.59;0.03;0.0423787
-0.59;0.04;0.0424631
-0.59;0.05;0.0425717
-0.59;0.06;0.0426953
-0.59;0.07;0.042853
-0.59;0.08;0.0430264
-0.59;0.09;0.0432102
-0.59;0.1;0.0433839
-0.59;0.11;0.0435874
-0.59;0.12;0.0437919
-0.59;0.13;0.044011
-0.59;0.14;0.0441966
-0.59;0.15;0.0443955
-0.59;0.16;0.0445978
-0.59;0.17;0.0447615
-0.59;0.18;0.04493
-0.59;0.19;0.0450866
-0.59;0.2;0.0451941
-0.59;0.21;0.0452999
-0.59;0.22;0.0453761
-0.59;0.23;0.0454192
-0.59;0.24;0.0454395
-0.59;0.25;0.0454133
-0.59;0.26;0.0453619
-0.59;0.27;0.0452635
-0.59;0.28;0.045137
-0.59;0.29;0.0449642
-0.59;0.3;0.044755
-0.59;0.31;0.0445019
-0.59;0.32;0.0442121
-0.59;0.33;0.0438836
-0.59;0.34;0.0434935
-0.59;0.35;0.0430815
-0.59;0.36;0.0426143
-0.59;0.37;0.0421104
-0.59;0.38;0.0415835
-0.59;0.39;0.0409867
-0.59;0.4;0.0403745
-0.59;0.41;0.0397185
-0.59;0.42;0.0390209
-0.59;0.43;0.0382954
-0.59;0.44;0.0375239
-0.59;0.45;0.0367291
-0.59;0.46;0.0359098
-0.59;0.47;0.0350463
-0.59;0.48;0.0341662
-0.59;0.49;0.0332647
-0.59;0.5;0.0323229
-0.59;0.51;0.0313676
-0.59;0.52;0.0303964
-0.59;0.53;0.0293986
-0.59;0.54;0.028381
-0.59;0.55;0.0273572
-0.59;0.56;0.0263109
-0.59;0.57;0.0252519
-0.59;0.58;0.0241924
-0.59;0.59;0.0231153
-0.59;0.6;0.0220333
-0.59;0.61;0.0209411
-0.59;0.62;0.0198356
-0.59;0.63;0.0187432
-0.59;0.64;0.0176474
-0.59;0.65;0.0165389
-0.59;0.66;0.0154442
-0.59;0.67;0.0143499
-0.59;0.68;0.0132502
-0.59;0.69;0.0121633
-0.59;0.7;0.0110798
-0.59;0.71;0.00999554
-0.59;0.72;0.00892351
-0.59;0.73;0.00786738
-0.59;0.74;0.00681057
-0.59;0.75;0.00576758
-0.59;0.76;0.00473532
-0.59;0.77;0.00371047
-0.59;0.78;0.00269437
-0.59;0.79;0.00170331
-0.59;0.8;0.000708247
-0.59;0.81;1.48705e-33
-0.59;0.82;1.4705e-33
-0.59;0.83;1.45394e-33
-0.59;0.84;1.43881e-33
-0.59;0.85;-7.79836e-20
-0.59;0.86;1.40939e-33
-0.59;0.87;1.39423e-33
-0.59;0.88;1.38006e-33
-0.59;0.89;1.36729e-33
-0.59;0.9;1.35358e-33
-0.59;0.91;1.34261e-33
-0.59;0.92;1.32939e-33
-0.59;0.93;1.31813e-33
-0.59;0.94;1.30597e-33
-0.59;0.95;1.29263e-33
-0.59;0.96;1.25827e-33
-0.59;0.97;1.27195e-33
-0.59;0.98;1.26026e-33
-0.59;0.99;1.20268e-33
-0.58;-1;1.22659e-33
-0.58;-0.99;1.23342e-33
-0.58;-0.98;1.24464e-33
-0.58;-0.97;1.22997e-33
-0.58;-0.96;1.22997e-33
-0.58;-0.95;1.25768e-33
-0.58;-0.94;1.28685e-33
-0.58;-0.93;1.29732e-33
-0.58;-0.92;1.30948e-33
-0.58;-0.91;1.31975e-33
-0.58;-0.9;1.33341e-33
-0.58;-0.89;1.34708e-33
-0.58;-0.88;1.35935e-33
-0.58;-0.87;1.37366e-33
-0.58;-0.86;1.387e-33
-0.58;-0.85;1.40211e-33
-0.58;-0.84;1.41668e-33
-0.58;-0.83;1.43293e-33
-0.58;-0.82;1.44918e-33
-0.58;-0.81;0.000433799
-0.58;-0.8;0.00140691
-0.58;-0.79;0.00237466
-0.58;-0.78;0.00337552
-0.58;-0.77;0.00437622
-0.58;-0.76;0.00539396
-0.58;-0.75;0.00641234
-0.58;-0.74;0.00745105
-0.58;-0.73;0.00848414
-0.58;-0.72;0.00954391
-0.58;-0.71;0.0106069
-0.58;-0.7;0.0116684
-0.58;-0.69;0.012733
-0.58;-0.68;0.0138116
-0.58;-0.67;0.0148862
-0.58;-0.66;0.0159662
-0.58;-0.65;0.0170518
-0.58;-0.64;0.0181231
-0.58;-0.63;0.0192034
-0.58;-0.62;0.0202889
-0.58;-0.61;0.0213513
-0.58;-0.6;0.022414
-0.58;-0.59;0.0234727
-0.58;-0.58;0.0245155
-0.58;-0.57;0.0255546
-0.58;-0.56;0.026582
-0.58;-0.55;0.0275901
-0.58;-0.54;0.0285728
-0.58;-0.53;0.0295528
-0.58;-0.52;0.0305103
-0.58;-0.51;0.0314443
-0.58;-0.5;0.032357
-0.58;-0.49;0.0332453
-0.58;-0.48;0.0341005
-0.58;-0.47;0.034942
-0.58;-0.46;0.035741
-0.58;-0.45;0.0365107
-0.58;-0.44;0.0372479
-0.58;-0.43;0.0379539
-0.58;-0.42;0.0386172
-0.58;-0.41;0.0392523
-0.58;-0.4;0.0398417
-0.58;-0.39;0.0403965
-0.58;-0.38;0.0409071
-0.58;-0.37;0.0413763
-0.58;-0.36;0.0418007
-0.58;-0.35;0.0421859
-0.58;-0.34;0.0425141
-0.58;-0.33;0.0428278
-0.58;-0.32;0.0430702
-0.58;-0.31;0.0432809
-0.58;-0.3;0.0434435
-0.58;-0.29;0.043558
-0.58;-0.28;0.0436497
-0.58;-0.27;0.0436728
-0.58;-0.26;0.0436908
-0.58;-0.25;0.0436331
-0.58;-0.24;0.0435684
-0.58;-0.23;0.0434505
-0.58;-0.22;0.0433056
-0.58;-0.21;0.0431375
-0.58;-0.2;0.0429428
-0.58;-0.19;0.0427214
-0.58;-0.18;0.0424807
-0.58;-0.17;0.0422306
-0.58;-0.16;0.0419535
-0.58;-0.15;0.0416748
-0.58;-0.14;0.0414047
-0.58;-0.13;0.0411135
-0.58;-0.12;0.0408161
-0.58;-0.11;0.0405482
-0.58;-0.1;0.040285
-0.58;-0.09;0.040026
-0.58;-0.08;0.0397775
-0.58;-0.07;0.0395589
-0.58;-0.06;0.0393691
-0.58;-0.05;0.0392086
-0.58;-0.04;0.039066
-0.58;-0.03;0.0389438
-0.58;-0.02;0.0388633
-0.58;-0.01;0.0388144
-0.58;0;0.0387924
-0.58;0.01;0.038809
-0.58;0.02;0.0388623
-0.58;0.03;0.0389475
-0.58;0.04;0.0390675
-0.58;0.05;0.0392029
-0.58;0.06;0.039372
-0.58;0.07;0.0395621
-0.58;0.08;0.0397806
-0.58;0.09;0.0400259
-0.58;0.1;0.0402865
-0.58;0.11;0.0405497
-0.58;0.12;0.0408122
-0.58;0.13;0.0411086
-0.58;0.14;0.0414079
-0.58;0.15;0.0416724
-0.58;0.16;0.0419518
-0.58;0.17;0.0422354
-0.58;0.18;0.0424821
-0.58;0.19;0.0427255
-0.58;0.2;0.0429434
-0.58;0.21;0.0431371
-0.58;0.22;0.043318
-0.58;0.23;0.0434508
-0.58;0.24;0.0435701
-0.58;0.25;0.0436361
-0.58;0.26;0.0436864
-0.58;0.27;0.0436786
-0.58;0.28;0.0436464
-0.58;0.29;0.0435597
-0.58;0.3;0.0434452
-0.58;0.31;0.0432768
-0.58;0.32;0.0430721
-0.58;0.33;0.042824
-0.58;0.34;0.0425221
-0.58;0.35;0.0421865
-0.58;0.36;0.0418008
-0.58;0.37;0.041373
-0.58;0.38;0.0409045
-0.58;0.39;0.0403982
-0.58;0.4;0.0398444
-0.58;0.41;0.0392492
-0.58;0.42;0.0386178
-0.58;0.43;0.0379566
-0.58;0.44;0.0372507
-0.58;0.45;0.0365108
-0.58;0.46;0.0357438
-0.58;0.47;0.0349372
-0.58;0.48;0.0341006
-0.58;0.49;0.0332423
-0.58;0.5;0.0323546
-0.58;0.51;0.0314374
-0.58;0.52;0.0305122
-0.58;0.53;0.0295544
-0.58;0.54;0.0285775
-0.58;0.55;0.0275833
-0.58;0.56;0.0265779
-0.58;0.57;0.0255506
-0.58;0.58;0.0245127
-0.58;0.59;0.0234722
-0.58;0.6;0.0224147
-0.58;0.61;0.0213471
-0.58;0.62;0.0202859
-0.58;0.63;0.0192082
-0.58;0.64;0.0181242
-0.58;0.65;0.0170524
-0.58;0.66;0.0159662
-0.58;0.67;0.014893
-0.58;0.68;0.0138148
-0.58;0.69;0.0127421
-0.58;0.7;0.0116707
-0.58;0.71;0.010608
-0.58;0.72;0.00954666
-0.58;0.73;0.0084961
-0.58;0.74;0.00745366
-0.58;0.75;0.00642121
-0.58;0.76;0.00539117
-0.58;0.77;0.00438087
-0.58;0.78;0.00337651
-0.58;0.79;0.00237462
-0.58;0.8;0.00140818
-0.58;0.81;0.000444004
-0.58;0.82;1.44757e-33
-0.58;0.83;1.43214e-33
-0.58;0.84;-5.84877e-20
-0.58;0.85;1.40224e-33
-0.58;0.86;1.38707e-33
-0.58;0.87;1.37398e-33
-0.58;0.88;1.36027e-33
-0.58;0.89;1.34851e-33
-0.58;0.9;1.33529e-33
-0.58;0.91;1.32207e-33
-0.58;0.92;1.31134e-33
-0.58;0.93;1.29799e-33
-0.58;0.94;1.28652e-33
-0.58;0.95;1.25827e-33
-0.58;0.96;1.26443e-33
-0.58;0.97;1.2564e-33
-0.58;0.98;1.20268e-33
-0.58;0.99;1.20268e-33
-0.57;-1;1.20786e-33
-0.57;-0.99;1.21862e-33
-0.57;-0.98;1.22938e-33
-0.57;-0.97;1.23689e-33
-0.57;-0.96;1.22997e-33
-0.57;-0.95;1.22997e-33
-0.57;-0.94;1.25768e-33
-0.57;-0.93;1.28041e-33
-0.57;-0.92;1.29004e-33
-0.57;-0.91;7.0971e-20
-0.57;-0.9;6.20996e-20
-0.57;-0.89;1.32584e-33
-0.57;-0.88;1.33951e-33
-0.57;-0.87;1.35203e-33
-0.57;-0.86;1.36633e-33
-0.57;-0.85;1.38001e-33
-0.57;-0.84;1.39499e-33
-0.57;-0.83;3.89749e-20
-0.57;-0.82;0.000154742
-0.57;-0.81;0.00110643
-0.57;-0.8;0.00205663
-0.57;-0.79;0.00303414
-0.57;-0.78;0.00401865
-0.57;-0.77;0.00501491
-0.57;-0.76;0.00601751
-0.57;-0.75;0.00702879
-0.57;-0.74;0.00805139
-0.57;-0.73;0.00908892
-0.57;-0.72;0.0101267
-0.57;-0.71;0.0111717
-0.57;-0.7;0.0122242
-0.57;-0.69;0.0132784
-0.57;-0.68;0.0143344
-0.57;-0.67;0.0153939
-0.57;-0.66;0.0164581
-0.57;-0.65;0.0175116
-0.57;-0.64;0.0185682
-0.57;-0.63;0.0196273
-0.57;-0.62;0.0206723
-0.57;-0.61;0.0217119
-0.57;-0.6;0.0227565
-0.57;-0.59;0.0237776
-0.57;-0.58;0.0247948
-0.57;-0.57;0.0258012
-0.57;-0.56;0.0267858
-0.57;-0.55;0.0277563
-0.57;-0.54;0.0287122
-0.57;-0.53;0.0296516
-0.57;-0.52;0.0305592
-0.57;-0.51;0.0314525
-0.57;-0.5;0.0323252
-0.57;-0.49;0.0331559
-0.57;-0.48;0.0339732
-0.57;-0.47;0.0347563
-0.57;-0.46;0.0355027
-0.57;-0.45;0.0362134
-0.57;-0.44;0.0368961
-0.57;-0.43;0.0375309
-0.57;-0.42;0.0381335
-0.57;-0.41;0.0387061
-0.57;-0.4;0.0392221
-0.57;-0.39;0.0396978
-0.57;-0.38;0.0401438
-0.57;-0.37;0.0405285
-0.57;-0.36;0.040883
-0.57;-0.35;0.0411821
-0.57;-0.34;0.0414295
-0.57;-0.33;0.0416499
-0.57;-0.32;0.0418142
-0.57;-0.31;0.0419234
-0.57;-0.3;0.0420071
-0.57;-0.29;0.0420198
-0.57;-0.28;0.0420149
-0.57;-0.27;0.0419436
-0.57;-0.26;0.0418497
-0.57;-0.25;0.041697
-0.57;-0.24;0.041536
-0.57;-0.23;0.041312
-0.57;-0.22;0.0410734
-0.57;-0.21;0.040787
-0.57;-0.2;0.0404825
-0.57;-0.19;0.0401728
-0.57;-0.18;0.0398386
-0.57;-0.17;0.0394703
-0.57;-0.16;0.0391075
-0.57;-0.15;0.0387453
-0.57;-0.14;0.0383588
-0.57;-0.13;0.0379804
-0.57;-0.12;0.0376253
-0.57;-0.11;0.0372602
-0.57;-0.1;0.0369065
-0.57;-0.09;0.0365771
-0.57;-0.08;0.0362864
-0.57;-0.07;0.0360194
-0.57;-0.06;0.0357672
-0.57;-0.05;0.0355432
-0.57;-0.04;0.0353609
-0.57;-0.03;0.0352193
-0.57;-0.02;0.0351253
-0.57;-0.01;0.0350587
-0.57;0;0.0350339
-0.57;0.01;0.0350607
-0.57;0.02;0.0351323
-0.57;0.03;0.0352194
-0.57;0.04;0.0353613
-0.57;0.05;0.0355533
-0.57;0.06;0.0357641
-0.57;0.07;0.0360138
-0.57;0.08;0.0362889
-0.57;0.09;0.036583
-0.57;0.1;0.0369033
-0.57;0.11;0.0372652
-0.57;0.12;0.0376199
-0.57;0.13;0.0379795
-0.57;0.14;0.0383594
-0.57;0.15;0.038745
-0.57;0.16;0.0391048
-0.57;0.17;0.0394743
-0.57;0.18;0.0398368
-0.57;0.19;0.0401651
-0.57;0.2;0.0405066
-0.57;0.21;0.0407925
-0.57;0.22;0.0410698
-0.57;0.23;0.0413069
-0.57;0.24;0.0415315
-0.57;0.25;0.0417005
-0.57;0.26;0.0418523
-0.57;0.27;0.04194
-0.57;0.28;0.0420142
-0.57;0.29;0.0420181
-0.57;0.3;0.0420039
-0.57;0.31;0.0419275
-0.57;0.32;0.0418082
-0.57;0.33;0.0416522
-0.57;0.34;0.0414351
-0.57;0.35;0.0411878
-0.57;0.36;0.040879
-0.57;0.37;0.040536
-0.57;0.38;0.0401494
-0.57;0.39;0.0396991
-0.57;0.4;0.0392238
-0.57;0.41;0.0387097
-0.57;0.42;0.0381344
-0.57;0.43;0.0375286
-0.57;0.44;0.0368954
-0.57;0.45;0.0362064
-0.57;0.46;0.0354949
-0.57;0.47;0.0347539
-0.57;0.48;0.0339677
-0.57;0.49;0.0331585
-0.57;0.5;0.0323253
-0.57;0.51;0.0314512
-0.57;0.52;0.0305596
-0.57;0.53;0.0296506
-0.57;0.54;0.0287142
-0.57;0.55;0.0277576
-0.57;0.56;0.0267843
-0.57;0.57;0.0257969
-0.57;0.58;0.0247936
-0.57;0.59;0.0237767
-0.57;0.6;0.0227564
-0.57;0.61;0.021713
-0.57;0.62;0.0206727
-0.57;0.63;0.0196263
-0.57;0.64;0.0185692
-0.57;0.65;0.0175124
-0.57;0.66;0.0164528
-0.57;0.67;0.0153932
-0.57;0.68;0.014336
-0.57;0.69;0.0132751
-0.57;0.7;0.0122206
-0.57;0.71;0.0111705
-0.57;0.72;0.0101221
-0.57;0.73;0.00908537
-0.57;0.74;0.00805772
-0.57;0.75;0.00702933
-0.57;0.76;0.00601686
-0.57;0.77;0.00500542
-0.57;0.78;0.00401816
-0.57;0.79;0.00303437
-0.57;0.8;0.00206511
-0.57;0.81;0.00109846
-0.57;0.82;0.000150987
-0.57;0.83;1.41026e-33
-0.57;0.84;1.39509e-33
-0.57;0.85;1.38006e-33
-0.57;0.86;1.36696e-33
-0.57;0.87;1.35325e-33
-0.57;0.88;1.34118e-33
-0.57;0.89;1.32796e-33
-0.57;0.9;1.31671e-33
-0.57;0.91;1.30336e-33
-0.57;0.92;1.29002e-33
-0.57;0.93;1.28028e-33
-0.57;0.94;1.25827e-33
-0.57;0.95;1.22966e-33
-0.57;0.96;1.24839e-33
-0.57;0.97;1.20268e-33
-0.57;0.98;1.22907e-33
-0.57;0.99;1.21838e-33
-0.56;-1;1.19358e-33
-0.56;-0.99;1.17704e-33
-0.56;-0.98;1.21065e-33
-0.56;-0.97;1.22141e-33
-0.56;-0.96;1.22997e-33
-0.56;-0.95;1.22997e-33
-0.56;-0.94;1.22997e-33
-0.56;-0.93;1.25768e-33
-0.56;-0.92;1.27265e-33
-0.56;-0.91;1.28471e-33
-0.56;-0.9;1.29493e-33
-0.56;-0.89;7.0971e-20
-0.56;-0.88;1.31827e-33
-0.56;-0.87;1.33194e-33
-0.56;-0.86;1.34561e-33
-0.56;-0.85;1.35901e-33
-0.56;-0.84;1.37331e-33
-0.56;-0.83;1.38786e-33
-0.56;-0.82;0.000793253
-0.56;-0.81;0.00172985
-0.56;-0.8;0.00268326
-0.56;-0.79;0.00365009
-0.56;-0.78;0.00461967
-0.56;-0.77;0.00561141
-0.56;-0.76;0.00659858
-0.56;-0.75;0.00761128
-0.56;-0.74;0.00862468
-0.56;-0.73;0.00964289
-0.56;-0.72;0.0106691
-0.56;-0.71;0.0117016
-0.56;-0.7;0.012739
-0.56;-0.69;0.0137741
-0.56;-0.68;0.0148113
-0.56;-0.67;0.015853
-0.56;-0.66;0.0168884
-0.56;-0.65;0.0179257
-0.56;-0.64;0.0189624
-0.56;-0.63;0.0199904
-0.56;-0.62;0.02102
-0.56;-0.61;0.0220412
-0.56;-0.6;0.023042
-0.56;-0.59;0.0240352
-0.56;-0.58;0.0250222
-0.56;-0.57;0.0259866
-0.56;-0.56;0.0269389
-0.56;-0.55;0.0278758
-0.56;-0.54;0.0287924
-0.56;-0.53;0.029679
-0.56;-0.52;0.030553
-0.56;-0.51;0.0314084
-0.56;-0.5;0.0322238
-0.56;-0.49;0.0330101
-0.56;-0.48;0.0337654
-0.56;-0.47;0.0344937
-0.56;-0.46;0.0351836
-0.56;-0.45;0.0358351
-0.56;-0.44;0.0364564
-0.56;-0.43;0.0370301
-0.56;-0.42;0.0375669
-0.56;-0.41;0.0380699
-0.56;-0.4;0.038512
-0.56;-0.39;0.0389171
-0.56;-0.38;0.0392881
-0.56;-0.37;0.0395908
-0.56;-0.36;0.0398539
-0.56;-0.35;0.0400819
-0.56;-0.34;0.0402375
-0.56;-0.33;0.040363
-0.56;-0.32;0.0404296
-0.56;-0.31;0.0404447
-0.56;-0.3;0.040423
-0.56;-0.29;0.040344
-0.56;-0.28;0.0402331
-0.56;-0.27;0.0400655
-0.56;-0.26;0.0398631
-0.56;-0.25;0.0396137
-0.56;-0.24;0.039331
-0.56;-0.23;0.0390043
-0.56;-0.22;0.0386443
-0.56;-0.21;0.0382642
-0.56;-0.2;0.0378648
-0.56;-0.19;0.0374293
-0.56;-0.18;0.0369767
-0.56;-0.17;0.0365036
-0.56;-0.16;0.0360475
-0.56;-0.15;0.0355628
-0.56;-0.14;0.0350898
-0.56;-0.13;0.0346265
-0.56;-0.12;0.0341592
-0.56;-0.11;0.0337044
-0.56;-0.1;0.0332935
-0.56;-0.09;0.0328963
-0.56;-0.08;0.0325122
-0.56;-0.07;0.0321713
-0.56;-0.06;0.0318671
-0.56;-0.05;0.0316053
-0.56;-0.04;0.0314038
-0.56;-0.03;0.0312274
-0.56;-0.02;0.0311068
-0.56;-0.01;0.0310333
-0.56;0;0.0310119
-0.56;0.01;0.0310374
-0.56;0.02;0.0311079
-0.56;0.03;0.031234
-0.56;0.04;0.0313949
-0.56;0.05;0.0316151
-0.56;0.06;0.0318698
-0.56;0.07;0.0321695
-0.56;0.08;0.0325156
-0.56;0.09;0.0329027
-0.56;0.1;0.0332864
-0.56;0.11;0.0337049
-0.56;0.12;0.0341604
-0.56;0.13;0.0346218
-0.56;0.14;0.0350818
-0.56;0.15;0.0355717
-0.56;0.16;0.0360448
-0.56;0.17;0.0365175
-0.56;0.18;0.0369718
-0.56;0.19;0.037422
-0.56;0.2;0.0378596
-0.56;0.21;0.0382657
-0.56;0.22;0.0386489
-0.56;0.23;0.0390063
-0.56;0.24;0.0393225
-0.56;0.25;0.0396171
-0.56;0.26;0.0398571
-0.56;0.27;0.0400678
-0.56;0.28;0.0402334
-0.56;0.29;0.0403457
-0.56;0.3;0.0404356
-0.56;0.31;0.0404454
-0.56;0.32;0.0404305
-0.56;0.33;0.040359
-0.56;0.34;0.0402373
-0.56;0.35;0.0400756
-0.56;0.36;0.0398497
-0.56;0.37;0.0395862
-0.56;0.38;0.0392882
-0.56;0.39;0.0389183
-0.56;0.4;0.0385181
-0.56;0.41;0.0380714
-0.56;0.42;0.0375676
-0.56;0.43;0.0370277
-0.56;0.44;0.0364613
-0.56;0.45;0.0358405
-0.56;0.46;0.0351761
-0.56;0.47;0.0344907
-0.56;0.48;0.0337677
-0.56;0.49;0.0330063
-0.56;0.5;0.0322187
-0.56;0.51;0.0314076
-0.56;0.52;0.030555
-0.56;0.53;0.0296853
-0.56;0.54;0.0287924
-0.56;0.55;0.0278736
-0.56;0.56;0.0269344
-0.56;0.57;0.0259895
-0.56;0.58;0.0250193
-0.56;0.59;0.0240343
-0.56;0.6;0.0230364
-0.56;0.61;0.0220366
-0.56;0.62;0.0210139
-0.56;0.63;0.0199906
-0.56;0.64;0.0189643
-0.56;0.65;0.0179271
-0.56;0.66;0.0168893
-0.56;0.67;0.0158472
-0.56;0.68;0.0148103
-0.56;0.69;0.0137737
-0.56;0.7;0.0127301
-0.56;0.71;0.0117003
-0.56;0.72;0.0106624
-0.56;0.73;0.00964042
-0.56;0.74;0.00862397
-0.56;0.75;0.00761321
-0.56;0.76;0.00660943
-0.56;0.77;0.00561254
-0.56;0.78;0.00462742
-0.56;0.79;0.00364967
-0.56;0.8;0.00268238
-0.56;0.81;0.00172958
-0.56;0.82;0.00078259
-0.56;0.83;1.38794e-33
-0.56;0.84;1.37365e-33
-0.56;0.85;1.35994e-33
-0.56;0.86;1.34708e-33
-0.56;0.87;1.33386e-33
-0.56;0.88;1.32064e-33
-0.56;0.89;1.30873e-33
-0.56;0.9;-7.26809e-20
-0.56;0.91;1.28445e-33
-0.56;0.92;1.27276e-33
-0.56;0.93;1.25827e-33
-0.56;0.94;1.25197e-33
-0.56;0.95;1.24038e-33
-0.56;0.96;1.22966e-33
-0.56;0.97;1.22115e-33
-0.56;0.98;1.21046e-33
-0.56;0.99;1.17695e-33
-0.55;-1;1.12794e-33
-0.55;-0.99;1.18566e-33
-0.55;-0.98;1.17704e-33
-0.55;-0.97;1.17704e-33
-0.55;-0.96;1.21344e-33
-0.55;-0.95;1.22421e-33
-0.55;-0.94;1.22997e-33
-0.55;-0.93;1.22997e-33
-0.55;-0.92;1.25505e-33
-0.55;-0.91;1.26488e-33
-0.55;-0.9;1.27695e-33
-0.55;-0.89;1.28766e-33
-0.55;-0.88;1.29983e-33
-0.55;-0.87;1.312e-33
-0.55;-0.86;1.32436e-33
-0.55;-0.85;1.33803e-33
-0.55;-0.84;1.35168e-33
-0.55;-0.83;0.000473981
-0.55;-0.82;0.0013956
-0.55;-0.81;0.00232283
-0.55;-0.8;0.00327477
-0.55;-0.79;0.00423371
-0.55;-0.78;0.00519833
-0.55;-0.77;0.00617068
-0.55;-0.76;0.00716245
-0.55;-0.75;0.00815126
-0.55;-0.74;0.00915209
-0.55;-0.73;0.0101652
-0.55;-0.72;0.0111772
-0.55;-0.71;0.0121945
-0.55;-0.7;0.0132104
-0.55;-0.69;0.0142301
-0.55;-0.68;0.0152467
-0.55;-0.67;0.0162612
-0.55;-0.66;0.0172905
-0.55;-0.65;0.0183058
-0.55;-0.64;0.0193148
-0.55;-0.63;0.0203191
-0.55;-0.62;0.0213167
-0.55;-0.61;0.0222945
-0.55;-0.6;0.0232746
-0.55;-0.59;0.0242434
-0.55;-0.58;0.0251916
-0.55;-0.57;0.0261234
-0.55;-0.56;0.0270382
-0.55;-0.55;0.0279426
-0.55;-0.54;0.0288115
-0.55;-0.53;0.0296593
-0.55;-0.52;0.0304878
-0.55;-0.51;0.0312847
-0.55;-0.5;0.0320556
-0.55;-0.49;0.0327854
-0.55;-0.48;0.033493
-0.55;-0.47;0.0341652
-0.55;-0.46;0.0347924
-0.55;-0.45;0.0353932
-0.55;-0.44;0.0359427
-0.55;-0.43;0.0364501
-0.55;-0.42;0.0369211
-0.55;-0.41;0.0373486
-0.55;-0.4;0.0377163
-0.55;-0.39;0.0380449
-0.55;-0.38;0.0383351
-0.55;-0.37;0.0385519
-0.55;-0.36;0.0387285
-0.55;-0.35;0.0388681
-0.55;-0.34;0.038929
-0.55;-0.33;0.0389585
-0.55;-0.32;0.0389364
-0.55;-0.31;0.0388495
-0.55;-0.3;0.0387268
-0.55;-0.29;0.0385405
-0.55;-0.28;0.0383129
-0.55;-0.27;0.0380479
-0.55;-0.26;0.0377202
-0.55;-0.25;0.0373742
-0.55;-0.24;0.0369573
-0.55;-0.23;0.0365287
-0.55;-0.22;0.0360479
-0.55;-0.21;0.0355652
-0.55;-0.2;0.0350206
-0.55;-0.19;0.0344885
-0.55;-0.18;0.0339046
-0.55;-0.17;0.0333346
-0.55;-0.16;0.0327465
-0.55;-0.15;0.0321589
-0.55;-0.14;0.031591
-0.55;-0.13;0.0310019
-0.55;-0.12;0.03044
-0.55;-0.11;0.0299201
-0.55;-0.1;0.0294026
-0.55;-0.09;0.0289062
-0.55;-0.08;0.0284653
-0.55;-0.07;0.0280561
-0.55;-0.06;0.0277107
-0.55;-0.05;0.0273953
-0.55;-0.04;0.0271246
-0.55;-0.03;0.0269138
-0.55;-0.02;0.0267649
-0.55;-0.01;0.0266784
-0.55;0;0.0266402
-0.55;0.01;0.0266909
-0.55;0.02;0.0267644
-0.55;0.03;0.0269127
-0.55;0.04;0.0271279
-0.55;0.05;0.0273903
-0.55;0.06;0.0277056
-0.55;0.07;0.0280639
-0.55;0.08;0.0284632
-0.55;0.09;0.0289088
-0.55;0.1;0.0294089
-0.55;0.11;0.0299113
-0.55;0.12;0.0304498
-0.55;0.13;0.0310082
-0.55;0.14;0.0315851
-0.55;0.15;0.0321583
-0.55;0.16;0.0327513
-0.55;0.17;0.0333413
-0.55;0.18;0.0339078
-0.55;0.19;0.0344845
-0.55;0.2;0.0350259
-0.55;0.21;0.035559
-0.55;0.22;0.0360449
-0.55;0.23;0.0365343
-0.55;0.24;0.0369588
-0.55;0.25;0.0373736
-0.55;0.26;0.0377174
-0.55;0.27;0.0380446
-0.55;0.28;0.0383163
-0.55;0.29;0.0385401
-0.55;0.3;0.0387275
-0.55;0.31;0.0388435
-0.55;0.32;0.038934
-0.55;0.33;0.038955
-0.55;0.34;0.0389303
-0.55;0.35;0.0388678
-0.55;0.36;0.0387392
-0.55;0.37;0.038549
-0.55;0.38;0.0383301
-0.55;0.39;0.038039
-0.55;0.4;0.0377231
-0.55;0.41;0.0373461
-0.55;0.42;0.0369146
-0.55;0.43;0.0364609
-0.55;0.44;0.0359431
-0.55;0.45;0.0353943
-0.55;0.46;0.0347953
-0.55;0.47;0.0341626
-0.55;0.48;0.0335038
-0.55;0.49;0.0327901
-0.55;0.5;0.0320489
-0.55;0.51;0.0312829
-0.55;0.52;0.0304893
-0.55;0.53;0.0296593
-0.55;0.54;0.0288093
-0.55;0.55;0.0279409
-0.55;0.56;0.0270409
-0.55;0.57;0.0261257
-0.55;0.58;0.0251911
-0.55;0.59;0.024245
-0.55;0.6;0.0232779
-0.55;0.61;0.0223007
-0.55;0.62;0.021317
-0.55;0.63;0.0203147
-0.55;0.64;0.0193059
-0.55;0.65;0.0182995
-0.55;0.66;0.0172871
-0.55;0.67;0.0162612
-0.55;0.68;0.0152452
-0.55;0.69;0.0142278
-0.55;0.7;0.0132055
-0.55;0.71;0.0121782
-0.55;0.72;0.0111734
-0.55;0.73;0.0101618
-0.55;0.74;0.00915678
-0.55;0.75;0.00815134
-0.55;0.76;0.00716267
-0.55;0.77;0.0061846
-0.55;0.78;0.00520501
-0.55;0.79;0.00423488
-0.55;0.8;0.0032748
-0.55;0.81;0.00232287
-0.55;0.82;0.00139605
-0.55;0.83;0.000463449
-0.55;0.84;1.35292e-33
-0.55;0.85;1.33975e-33
-0.55;0.86;1.32653e-33
-0.55;0.87;1.31409e-33
-0.55;0.88;1.30075e-33
-0.55;0.89;4.99681e-20
-0.55;0.9;1.27693e-33
-0.55;0.91;1.26524e-33
-0.55;0.92;1.25555e-33
-0.55;0.93;1.24396e-33
-0.55;0.94;1.23237e-33
-0.55;0.95;1.22393e-33
-0.55;0.96;1.21323e-33
-0.55;0.97;1.20268e-33
-0.55;0.98;1.17695e-33
-0.55;0.99;1.18555e-33
-0.54;-1;1.16166e-33
-0.54;-0.99;1.17118e-33
-0.54;-0.98;1.17773e-33
-0.54;-0.97;1.17704e-33
-0.54;-0.96;1.17704e-33
-0.54;-0.95;1.20547e-33
-0.54;-0.94;1.21624e-33
-0.54;-0.93;1.227e-33
-0.54;-0.92;1.22997e-33
-0.54;-0.91;1.24729e-33
-0.54;-0.9;1.25768e-33
-0.54;-0.89;1.26918e-33
-0.54;-0.88;1.28125e-33
-0.54;-0.87;1.29255e-33
-0.54;-0.86;7.0971e-20
-0.54;-0.85;1.31679e-33
-0.54;-0.84;0.000149027
-0.54;-0.83;0.00105629
-0.54;-0.82;0.00196541
-0.54;-0.81;0.00290031
-0.54;-0.8;0.00383491
-0.54;-0.79;0.00478259
-0.54;-0.78;0.00574958
-0.54;-0.77;0.0067148
-0.54;-0.76;0.00768296
-0.54;-0.75;0.00866243
-0.54;-0.74;0.00965782
-0.54;-0.73;0.0106513
-0.54;-0.72;0.0116397
-0.54;-0.71;0.0126415
-0.54;-0.7;0.0136394
-0.54;-0.69;0.0146445
-0.54;-0.68;0.0156431
-0.54;-0.67;0.0166469
-0.54;-0.66;0.0176371
-0.54;-0.65;0.0186332
-0.54;-0.64;0.0196216
-0.54;-0.63;0.0205984
-0.54;-0.62;0.0215623
-0.54;-0.61;0.0225244
-0.54;-0.6;0.0234742
-0.54;-0.59;0.0243951
-0.54;-0.58;0.0253087
-0.54;-0.57;0.0262097
-0.54;-0.56;0.0270919
-0.54;-0.55;0.027942
-0.54;-0.54;0.0287745
-0.54;-0.53;0.0295833
-0.54;-0.52;0.0303636
-0.54;-0.51;0.0311056
-0.54;-0.5;0.0318216
-0.54;-0.49;0.0325174
-0.54;-0.48;0.0331581
-0.54;-0.47;0.0337726
-0.54;-0.46;0.03434
-0.54;-0.45;0.0348726
-0.54;-0.44;0.0353553
-0.54;-0.43;0.0357938
-0.54;-0.42;0.0361908
-0.54;-0.41;0.0365408
-0.54;-0.4;0.0368316
-0.54;-0.39;0.0370827
-0.54;-0.38;0.0372856
-0.54;-0.37;0.037415
-0.54;-0.36;0.0375088
-0.54;-0.35;0.0375552
-0.54;-0.34;0.0375185
-0.54;-0.33;0.0374449
-0.54;-0.32;0.0373226
-0.54;-0.31;0.0371249
-0.54;-0.3;0.0369016
-0.54;-0.29;0.0366068
-0.54;-0.28;0.0362588
-0.54;-0.27;0.035875
-0.54;-0.26;0.0354359
-0.54;-0.25;0.0349612
-0.54;-0.24;0.034428
-0.54;-0.23;0.0338674
-0.54;-0.22;0.0332809
-0.54;-0.21;0.0326554
-0.54;-0.2;0.0320033
-0.54;-0.19;0.0313217
-0.54;-0.18;0.0306377
-0.54;-0.17;0.0299409
-0.54;-0.16;0.0292279
-0.54;-0.15;0.0285361
-0.54;-0.14;0.0278294
-0.54;-0.13;0.0271437
-0.54;-0.12;0.0264955
-0.54;-0.11;0.0258309
-0.54;-0.1;0.0252403
-0.54;-0.09;0.0246623
-0.54;-0.08;0.0241361
-0.54;-0.07;0.0236515
-0.54;-0.06;0.0232214
-0.54;-0.05;0.0228664
-0.54;-0.04;0.0225458
-0.54;-0.03;0.0223039
-0.54;-0.02;0.0221353
-0.54;-0.01;0.0220222
-0.54;0;0.0219939
-0.54;0.01;0.0220188
-0.54;0.02;0.0221345
-0.54;0.03;0.0223047
-0.54;0.04;0.0225471
-0.54;0.05;0.0228541
-0.54;0.06;0.0232236
-0.54;0.07;0.0236511
-0.54;0.08;0.0241467
-0.54;0.09;0.0246649
-0.54;0.1;0.0252305
-0.54;0.11;0.0258374
-0.54;0.12;0.0264916
-0.54;0.13;0.0271475
-0.54;0.14;0.0278259
-0.54;0.15;0.0285399
-0.54;0.16;0.0292288
-0.54;0.17;0.0299453
-0.54;0.18;0.0306346
-0.54;0.19;0.0313232
-0.54;0.2;0.0320031
-0.54;0.21;0.0326457
-0.54;0.22;0.0332776
-0.54;0.23;0.0338681
-0.54;0.24;0.034437
-0.54;0.25;0.034961
-0.54;0.26;0.0354297
-0.54;0.27;0.035883
-0.54;0.28;0.036258
-0.54;0.29;0.0366053
-0.54;0.3;0.036893
-0.54;0.31;0.0371272
-0.54;0.32;0.0373227
-0.54;0.33;0.0374452
-0.54;0.34;0.0375232
-0.54;0.35;0.0375306
-0.54;0.36;0.0374988
-0.54;0.37;0.0374153
-0.54;0.38;0.0372829
-0.54;0.39;0.0370803
-0.54;0.4;0.0368335
-0.54;0.41;0.0365386
-0.54;0.42;0.0361959
-0.54;0.43;0.0357876
-0.54;0.44;0.0353412
-0.54;0.45;0.0348631
-0.54;0.46;0.0343395
-0.54;0.47;0.0337643
-0.54;0.48;0.033159
-0.54;0.49;0.0325145
-0.54;0.5;0.0318232
-0.54;0.51;0.0311063
-0.54;0.52;0.0303627
-0.54;0.53;0.0295819
-0.54;0.54;0.0287699
-0.54;0.55;0.0279436
-0.54;0.56;0.0270941
-0.54;0.57;0.0262101
-0.54;0.58;0.0253118
-0.54;0.59;0.0243964
-0.54;0.6;0.0234746
-0.54;0.61;0.022524
-0.54;0.62;0.021564
-0.54;0.63;0.0205987
-0.54;0.64;0.0196211
-0.54;0.65;0.0186338
-0.54;0.66;0.0176359
-0.54;0.67;0.0166476
-0.54;0.68;0.0156479
-0.54;0.69;0.0146424
-0.54;0.7;0.0136393
-0.54;0.71;0.012643
-0.54;0.72;0.0116409
-0.54;0.73;0.0106422
-0.54;0.74;0.00965642
-0.54;0.75;0.00866961
-0.54;0.76;0.00768311
-0.54;0.77;0.00671077
-0.54;0.78;0.00574439
-0.54;0.79;0.00479144
-0.54;0.8;0.00383637
-0.54;0.81;0.00290139
-0.54;0.82;0.00196626
-0.54;0.83;0.00105422
-0.54;0.84;0.000145799
-0.54;0.85;1.31921e-33
-0.54;0.86;1.30612e-33
-0.54;0.87;-3.63405e-20
-0.54;0.88;1.2811e-33
-0.54;0.89;1.26941e-33
-0.54;0.9;1.25827e-33
-0.54;0.91;1.24755e-33
-0.54;0.92;1.23596e-33
-0.54;0.93;1.2267e-33
-0.54;0.94;1.21601e-33
-0.54;0.95;1.20531e-33
-0.54;0.96;1.17695e-33
-0.54;0.97;1.17695e-33
-0.54;0.98;1.17764e-33
-0.54;0.99;1.12783e-33
-0.53;-1;1.1476e-33
-0.53;-0.99;1.1536e-33
-0.53;-0.98;1.16312e-33
-0.53;-0.97;1.17264e-33
-0.53;-0.96;1.17704e-33
-0.53;-0.95;1.17704e-33
-0.53;-0.94;1.19981e-33
-0.53;-0.93;1.20827e-33
-0.53;-0.92;1.21903e-33
-0.53;-0.91;1.22979e-33
-0.53;-0.9;1.23954e-33
-0.53;-0.89;1.25076e-33
-0.53;-0.88;1.26142e-33
-0.53;-0.87;1.27349e-33
-0.53;-0.86;1.28556e-33
-0.53;-0.85;1.29745e-33
-0.53;-0.84;0.000706146
-0.53;-0.83;0.00160714
-0.53;-0.82;0.00251904
-0.53;-0.81;0.00344246
-0.53;-0.8;0.00437599
-0.53;-0.79;0.0053162
-0.53;-0.78;0.00626513
-0.53;-0.77;0.00721505
-0.53;-0.76;0.00817974
-0.53;-0.75;0.0091488
-0.53;-0.74;0.010114
-0.53;-0.73;0.0110972
-0.53;-0.72;0.0120804
-0.53;-0.71;0.013059
-0.53;-0.7;0.0140375
-0.53;-0.69;0.0150261
-0.53;-0.68;0.0160044
-0.53;-0.67;0.0169837
-0.53;-0.66;0.0179565
-0.53;-0.65;0.0189268
-0.53;-0.64;0.0198814
-0.53;-0.63;0.0208271
-0.53;-0.62;0.021773
-0.53;-0.61;0.0227012
-0.53;-0.6;0.0236107
-0.53;-0.59;0.0245075
-0.53;-0.58;0.02539
-0.53;-0.57;0.0262516
-0.53;-0.56;0.0270884
-0.53;-0.55;0.0278996
-0.53;-0.54;0.0286901
-0.53;-0.53;0.0294502
-0.53;-0.52;0.0301766
-0.53;-0.51;0.0308751
-0.53;-0.5;0.0315433
-0.53;-0.49;0.0321719
-0.53;-0.48;0.0327572
-0.53;-0.47;0.0333083
-0.53;-0.46;0.0338165
-0.53;-0.45;0.0342823
-0.53;-0.44;0.0346966
-0.53;-0.43;0.035063
-0.53;-0.42;0.0353914
-0.53;-0.41;0.0356538
-0.53;-0.4;0.035867
-0.53;-0.39;0.0360349
-0.53;-0.38;0.0361445
-0.53;-0.37;0.0361912
-0.53;-0.36;0.0361884
-0.53;-0.35;0.0361339
-0.53;-0.34;0.0359991
-0.53;-0.33;0.0358224
-0.53;-0.32;0.0355939
-0.53;-0.31;0.0352927
-0.53;-0.3;0.0349431
-0.53;-0.29;0.034547
-0.53;-0.28;0.0340729
-0.53;-0.27;0.0335624
-0.53;-0.26;0.0330089
-0.53;-0.25;0.0323862
-0.53;-0.24;0.0317537
-0.53;-0.23;0.0310502
-0.53;-0.22;0.0303314
-0.53;-0.21;0.029558
-0.53;-0.2;0.0287804
-0.53;-0.19;0.0279654
-0.53;-0.18;0.0271619
-0.53;-0.17;0.0263206
-0.53;-0.16;0.0255002
-0.53;-0.15;0.0246495
-0.53;-0.14;0.0238332
-0.53;-0.13;0.0230425
-0.53;-0.12;0.0222407
-0.53;-0.11;0.0214965
-0.53;-0.1;0.020804
-0.53;-0.09;0.0201227
-0.53;-0.08;0.019497
-0.53;-0.07;0.0189394
-0.53;-0.06;0.0184532
-0.53;-0.05;0.0180336
-0.53;-0.04;0.0176627
-0.53;-0.03;0.0173752
-0.53;-0.02;0.01717
-0.53;-0.01;0.0170475
-0.53;0;0.0170019
-0.53;0.01;0.0170451
-0.53;0.02;0.0171669
-0.53;0.03;0.0173756
-0.53;0.04;0.0176642
-0.53;0.05;0.0180292
-0.53;0.06;0.018455
-0.53;0.07;0.0189433
-0.53;0.08;0.0194986
-0.53;0.09;0.0201175
-0.53;0.1;0.0207961
-0.53;0.11;0.0214987
-0.53;0.12;0.0222467
-0.53;0.13;0.0230437
-0.53;0.14;0.0238369
-0.53;0.15;0.024649
-0.53;0.16;0.0254983
-0.53;0.17;0.0263148
-0.53;0.18;0.0271631
-0.53;0.19;0.027967
-0.53;0.2;0.0287894
-0.53;0.21;0.0295614
-0.53;0.22;0.0303304
-0.53;0.23;0.0310508
-0.53;0.24;0.0317497
-0.53;0.25;0.0323953
-0.53;0.26;0.0330003
-0.53;0.27;0.0335632
-0.53;0.28;0.0340715
-0.53;0.29;0.0345444
-0.53;0.3;0.034933
-0.53;0.31;0.035288
-0.53;0.32;0.0355952
-0.53;0.33;0.035826
-0.53;0.34;0.0360031
-0.53;0.35;0.0361332
-0.53;0.36;0.0361863
-0.53;0.37;0.0361913
-0.53;0.38;0.0361461
-0.53;0.39;0.036036
-0.53;0.4;0.0358703
-0.53;0.41;0.0356545
-0.53;0.42;0.0353951
-0.53;0.43;0.0350551
-0.53;0.44;0.0346928
-0.53;0.45;0.0342778
-0.53;0.46;0.0338149
-0.53;0.47;0.0333045
-0.53;0.48;0.032758
-0.53;0.49;0.0321695
-0.53;0.5;0.0315439
-0.53;0.51;0.0308745
-0.53;0.52;0.0301823
-0.53;0.53;0.0294513
-0.53;0.54;0.0286895
-0.53;0.55;0.0278961
-0.53;0.56;0.027083
-0.53;0.57;0.026252
-0.53;0.58;0.0253901
-0.53;0.59;0.0245081
-0.53;0.6;0.0236094
-0.53;0.61;0.0227003
-0.53;0.62;0.0217748
-0.53;0.63;0.0208361
-0.53;0.64;0.0198833
-0.53;0.65;0.0189281
-0.53;0.66;0.0179581
-0.53;0.67;0.0169856
-0.53;0.68;0.0160094
-0.53;0.69;0.0150291
-0.53;0.7;0.0140395
-0.53;0.71;0.0130575
-0.53;0.72;0.0120766
-0.53;0.73;0.0110972
-0.53;0.74;0.0101117
-0.53;0.75;0.00914583
-0.53;0.76;0.00817952
-0.53;0.77;0.00721624
-0.53;0.78;0.0062636
-0.53;0.79;0.00531422
-0.53;0.8;0.00436906
-0.53;0.81;0.00344363
-0.53;0.82;0.00251999
-0.53;0.83;0.00160894
-0.53;0.84;0.000713497
-0.53;0.85;1.29814e-33
-0.53;0.86;1.28526e-33
-0.53;0.87;1.27358e-33
-0.53;0.88;1.26189e-33
-0.53;0.89;1.25113e-33
-0.53;0.9;1.23954e-33
-0.53;0.91;1.22948e-33
-0.53;0.92;1.21878e-33
-0.53;0.93;1.20809e-33
-0.53;0.94;1.19967e-33
-0.53;0.95;1.17695e-33
-0.53;0.96;1.17695e-33
-0.53;0.97;1.1723e-33
-0.53;0.98;1.12783e-33
-0.53;0.99;1.12783e-33
-0.52;-1;1.13071e-33
-0.52;-0.99;1.13959e-33
-0.52;-0.98;1.14846e-33
-0.52;-0.97;1.15506e-33
-0.52;-0.96;1.16458e-33
-0.52;-0.95;1.17411e-33
-0.52;-0.94;1.17704e-33
-0.52;-0.93;1.19189e-33
-0.52;-0.92;1.20189e-33
-0.52;-0.91;1.21106e-33
-0.52;-0.9;1.22182e-33
-0.52;-0.89;1.23179e-33
-0.52;-0.88;1.24301e-33
-0.52;-0.87;1.25423e-33
-0.52;-0.86;1.26572e-33
-0.52;-0.85;0.000356498
-0.52;-0.84;0.00124553
-0.52;-0.83;0.00213258
-0.52;-0.82;0.00304272
-0.52;-0.81;0.00395626
-0.52;-0.8;0.00488003
-0.52;-0.79;0.00580436
-0.52;-0.78;0.00674329
-0.52;-0.77;0.00768981
-0.52;-0.76;0.0086403
-0.52;-0.75;0.00959942
-0.52;-0.74;0.0105572
-0.52;-0.73;0.0115162
-0.52;-0.72;0.0124742
-0.52;-0.71;0.0134473
-0.52;-0.7;0.0144089
-0.52;-0.69;0.0153661
-0.52;-0.68;0.0163277
-0.52;-0.67;0.0172848
-0.52;-0.66;0.0182329
-0.52;-0.65;0.0191761
-0.52;-0.64;0.020105
-0.52;-0.63;0.0210335
-0.52;-0.62;0.0219426
-0.52;-0.61;0.0228345
-0.52;-0.6;0.0237125
-0.52;-0.59;0.0245807
-0.52;-0.58;0.0254206
-0.52;-0.57;0.0262374
-0.52;-0.56;0.0270361
-0.52;-0.55;0.0278045
-0.52;-0.54;0.0285482
-0.52;-0.53;0.029258
-0.52;-0.52;0.0299376
-0.52;-0.51;0.0305897
-0.52;-0.5;0.0312015
-0.52;-0.49;0.0317676
-0.52;-0.48;0.0322957
-0.52;-0.47;0.0327884
-0.52;-0.46;0.0332315
-0.52;-0.45;0.0336212
-0.52;-0.44;0.0339651
-0.52;-0.43;0.0342623
-0.52;-0.42;0.0345008
-0.52;-0.41;0.0346947
-0.52;-0.4;0.0348226
-0.52;-0.39;0.0349052
-0.52;-0.38;0.0349238
-0.52;-0.37;0.0348701
-0.52;-0.36;0.0347741
-0.52;-0.35;0.0346181
-0.52;-0.34;0.0343797
-0.52;-0.33;0.0340898
-0.52;-0.32;0.0337525
-0.52;-0.31;0.0333356
-0.52;-0.3;0.0328638
-0.52;-0.29;0.032341
-0.52;-0.28;0.0317534
-0.52;-0.27;0.0311109
-0.52;-0.26;0.0304249
-0.52;-0.25;0.0296799
-0.52;-0.24;0.0288941
-0.52;-0.23;0.0280633
-0.52;-0.22;0.0271902
-0.52;-0.21;0.0263094
-0.52;-0.2;0.0253601
-0.52;-0.19;0.0244264
-0.52;-0.18;0.0234591
-0.52;-0.17;0.0224889
-0.52;-0.16;0.0215041
-0.52;-0.15;0.020537
-0.52;-0.14;0.0195948
-0.52;-0.13;0.0186561
-0.52;-0.12;0.01775
-0.52;-0.11;0.016889
-0.52;-0.1;0.0160516
-0.52;-0.09;0.0152824
-0.52;-0.08;0.0145753
-0.52;-0.07;0.0139326
-0.52;-0.06;0.0133451
-0.52;-0.05;0.0128528
-0.52;-0.04;0.0124365
-0.52;-0.03;0.0121164
-0.52;-0.02;0.0118836
-0.52;-0.01;0.0117418
-0.52;0;0.0116881
-0.52;0.01;0.0117437
-0.52;0.02;0.0118827
-0.52;0.03;0.0121147
-0.52;0.04;0.0124365
-0.52;0.05;0.0128646
-0.52;0.06;0.0133458
-0.52;0.07;0.0139248
-0.52;0.08;0.0145818
-0.52;0.09;0.0152852
-0.52;0.1;0.0160502
-0.52;0.11;0.0168901
-0.52;0.12;0.0177454
-0.52;0.13;0.0186612
-0.52;0.14;0.0195901
-0.52;0.15;0.0205386
-0.52;0.16;0.0215131
-0.52;0.17;0.0224872
-0.52;0.18;0.0234551
-0.52;0.19;0.0244227
-0.52;0.2;0.0253649
-0.52;0.21;0.0263009
-0.52;0.22;0.0271879
-0.52;0.23;0.0280625
-0.52;0.24;0.0288947
-0.52;0.25;0.0296761
-0.52;0.26;0.0304311
-0.52;0.27;0.0311063
-0.52;0.28;0.0317532
-0.52;0.29;0.0323412
-0.52;0.3;0.0328646
-0.52;0.31;0.0333339
-0.52;0.32;0.0337504
-0.52;0.33;0.0340931
-0.52;0.34;0.0343833
-0.52;0.35;0.0346214
-0.52;0.36;0.0347695
-0.52;0.37;0.0348749
-0.52;0.38;0.0349249
-0.52;0.39;0.0349005
-0.52;0.4;0.0348399
-0.52;0.41;0.0346948
-0.52;0.42;0.0345153
-0.52;0.43;0.0342662
-0.52;0.44;0.0339642
-0.52;0.45;0.0336212
-0.52;0.46;0.033233
-0.52;0.47;0.0327863
-0.52;0.48;0.0322963
-0.52;0.49;0.0317681
-0.52;0.5;0.0312012
-0.52;0.51;0.0305916
-0.52;0.52;0.029939
-0.52;0.53;0.0292583
-0.52;0.54;0.0285498
-0.52;0.55;0.0278093
-0.52;0.56;0.0270315
-0.52;0.57;0.0262349
-0.52;0.58;0.0254211
-0.52;0.59;0.0245803
-0.52;0.6;0.0237143
-0.52;0.61;0.0228337
-0.52;0.62;0.0219385
-0.52;0.63;0.0210313
-0.52;0.64;0.020105
-0.52;0.65;0.0191772
-0.52;0.66;0.018236
-0.52;0.67;0.0172876
-0.52;0.68;0.0163294
-0.52;0.69;0.0153728
-0.52;0.7;0.0144117
-0.52;0.71;0.0134459
-0.52;0.72;0.0124794
-0.52;0.73;0.0115102
-0.52;0.74;0.0105546
-0.52;0.75;0.00959276
-0.52;0.76;0.00863545
-0.52;0.77;0.0076896
-0.52;0.78;0.00674441
-0.52;0.79;0.00580275
-0.52;0.8;0.00487642
-0.52;0.81;0.00395575
-0.52;0.82;0.00304357
-0.52;0.83;0.00213395
-0.52;0.84;0.00124637
-0.52;0.85;0.000356617
-0.52;0.86;1.26606e-33
-0.52;0.87;1.25471e-33
-0.52;0.88;1.24312e-33
-0.52;0.89;1.23153e-33
-0.52;0.9;1.22156e-33
-0.52;0.91;6.7797e-20
-0.52;0.92;1.20175e-33
-0.52;0.93;1.19177e-33
-0.52;0.94;1.17695e-33
-0.52;0.95;1.17384e-33
-0.52;0.96;1.16376e-33
-0.52;0.97;1.12783e-33
-0.52;0.98;1.1471e-33
-0.52;0.99;1.10334e-33
-0.51;-1;1.11638e-33
-0.51;-0.99;1.10315e-33
-0.51;-0.98;1.13157e-33
-0.51;-0.97;1.14044e-33
-0.51;-0.96;1.14932e-33
-0.51;-0.95;1.15653e-33
-0.51;-0.94;1.16605e-33
-0.51;-0.93;1.17557e-33
-0.51;-0.92;1.18397e-33
-0.51;-0.91;1.19397e-33
-0.51;-0.9;1.20309e-33
-0.51;-0.89;1.21385e-33
-0.51;-0.88;1.22462e-33
-0.51;-0.87;1.23526e-33
-0.51;-0.86;1.29046e-05
-0.51;-0.85;0.000880068
-0.51;-0.84;0.00174976
-0.51;-0.83;0.00264238
-0.51;-0.82;0.00353821
-0.51;-0.81;0.00444427
-0.51;-0.8;0.00535339
-0.51;-0.79;0.00627295
-0.51;-0.78;0.00720042
-0.51;-0.77;0.00813516
-0.51;-0.76;0.00907268
-0.51;-0.75;0.0100133
-0.51;-0.74;0.0109544
-0.51;-0.73;0.0118974
-0.51;-0.72;0.0128479
-0.51;-0.71;0.0137897
-0.51;-0.7;0.0147374
-0.51;-0.69;0.0156795
-0.51;-0.68;0.0166187
-0.51;-0.67;0.0175518
-0.51;-0.66;0.0184767
-0.51;-0.65;0.0193932
-0.51;-0.64;0.0203005
-0.51;-0.63;0.0211882
-0.51;-0.62;0.0220655
-0.51;-0.61;0.0229285
-0.51;-0.6;0.0237785
-0.51;-0.59;0.0245965
-0.51;-0.58;0.0253994
-0.51;-0.57;0.0261838
-0.51;-0.56;0.0269436
-0.51;-0.55;0.0276657
-0.51;-0.54;0.0283572
-0.51;-0.53;0.0290207
-0.51;-0.52;0.0296532
-0.51;-0.51;0.0302511
-0.51;-0.5;0.0308006
-0.51;-0.49;0.0313056
-0.51;-0.48;0.0317786
-0.51;-0.47;0.0322072
-0.51;-0.46;0.032577
-0.51;-0.45;0.0328963
-0.51;-0.44;0.0331746
-0.51;-0.43;0.0333987
-0.51;-0.42;0.0335628
-0.51;-0.41;0.0336588
-0.51;-0.4;0.0337154
-0.51;-0.39;0.033694
-0.51;-0.38;0.0336209
-0.51;-0.37;0.0334704
-0.51;-0.36;0.0332661
-0.51;-0.35;0.0330079
-0.51;-0.34;0.0326652
-0.51;-0.33;0.0322627
-0.51;-0.32;0.0317986
-0.51;-0.31;0.0312775
-0.51;-0.3;0.0306697
-0.51;-0.29;0.030015
-0.51;-0.28;0.0293083
-0.51;-0.27;0.0285347
-0.51;-0.26;0.027689
-0.51;-0.25;0.0268187
-0.51;-0.24;0.0258716
-0.51;-0.23;0.0249041
-0.51;-0.22;0.0238818
-0.51;-0.21;0.0228355
-0.51;-0.2;0.0217585
-0.51;-0.19;0.0206644
-0.51;-0.18;0.0195432
-0.51;-0.17;0.0184145
-0.51;-0.16;0.0172948
-0.51;-0.15;0.0161856
-0.51;-0.14;0.0150782
-0.51;-0.13;0.0140263
-0.51;-0.12;0.0129661
-0.51;-0.11;0.0119696
-0.51;-0.1;0.0110378
-0.51;-0.09;0.0101423
-0.51;-0.08;0.00931975
-0.51;-0.07;0.00858544
-0.51;-0.06;0.00793135
-0.51;-0.05;0.00736467
-0.51;-0.04;0.00688551
-0.51;-0.03;0.00650932
-0.51;-0.02;0.00623499
-0.51;-0.01;0.00607477
-0.51;0;0.00601387
-0.51;0.01;0.00607551
-0.51;0.02;0.00623211
-0.51;0.03;0.0065062
-0.51;0.04;0.00688523
-0.51;0.05;0.007368
-0.51;0.06;0.00793282
-0.51;0.07;0.0085833
-0.51;0.08;0.00932249
-0.51;0.09;0.0101418
-0.51;0.1;0.0110359
-0.51;0.11;0.0119672
-0.51;0.12;0.0129768
-0.51;0.13;0.0140142
-0.51;0.14;0.0150812
-0.51;0.15;0.0161844
-0.51;0.16;0.0172901
-0.51;0.17;0.0184212
-0.51;0.18;0.0195418
-0.51;0.19;0.0206575
-0.51;0.2;0.0217607
-0.51;0.21;0.0228368
-0.51;0.22;0.0238884
-0.51;0.23;0.0249122
-0.51;0.24;0.025874
-0.51;0.25;0.0268157
-0.51;0.26;0.027699
-0.51;0.27;0.0285253
-0.51;0.28;0.029313
-0.51;0.29;0.0300136
-0.51;0.3;0.0306738
-0.51;0.31;0.0312752
-0.51;0.32;0.0318021
-0.51;0.33;0.0322575
-0.51;0.34;0.032673
-0.51;0.35;0.0329991
-0.51;0.36;0.0332649
-0.51;0.37;0.0334799
-0.51;0.38;0.0336236
-0.51;0.39;0.0336953
-0.51;0.4;0.0337039
-0.51;0.41;0.0336568
-0.51;0.42;0.0335619
-0.51;0.43;0.0333964
-0.51;0.44;0.0331718
-0.51;0.45;0.0328993
-0.51;0.46;0.0325806
-0.51;0.47;0.0322077
-0.51;0.48;0.0317784
-0.51;0.49;0.0313069
-0.51;0.5;0.0307972
-0.51;0.51;0.0302501
-0.51;0.52;0.029656
-0.51;0.53;0.0290232
-0.51;0.54;0.0283634
-0.51;0.55;0.0276651
-0.51;0.56;0.0269423
-0.51;0.57;0.0261841
-0.51;0.58;0.0253983
-0.51;0.59;0.0245952
-0.51;0.6;0.0237784
-0.51;0.61;0.0229309
-0.51;0.62;0.0220616
-0.51;0.63;0.0211833
-0.51;0.64;0.0202971
-0.51;0.65;0.0193886
-0.51;0.66;0.0184686
-0.51;0.67;0.0175506
-0.51;0.68;0.0166199
-0.51;0.69;0.0156801
-0.51;0.7;0.0147402
-0.51;0.71;0.0137977
-0.51;0.72;0.0128498
-0.51;0.73;0.0118987
-0.51;0.74;0.0109518
-0.51;0.75;0.0100062
-0.51;0.76;0.009072
-0.51;0.77;0.0081345
-0.51;0.78;0.00719921
-0.51;0.79;0.0062723
-0.51;0.8;0.00535345
-0.51;0.81;0.00443667
-0.51;0.82;0.00353897
-0.51;0.83;0.00264341
-0.51;0.84;0.00175036
-0.51;0.85;0.000880362
-0.51;0.86;1.31985e-05
-0.51;0.87;1.23511e-33
-0.51;0.88;1.22434e-33
-0.51;0.89;-6.7797e-20
-0.51;0.9;2.11866e-21
-0.51;0.91;1.19384e-33
-0.51;0.92;1.18386e-33
-0.51;0.93;1.17539e-33
-0.51;0.94;1.16531e-33
-0.51;0.95;1.15523e-33
-0.51;0.96;1.1479e-33
-0.51;0.97;1.13957e-33
-0.51;0.98;1.10334e-33
-0.51;0.99;1.12525e-33
-0.5;-1;1.10187e-33
-0.5;-0.99;1.10775e-33
-0.5;-0.98;1.10315e-33
-0.5;-0.97;1.10315e-33
-0.5;-0.96;1.13243e-33
-0.5;-0.95;1.1413e-33
-0.5;-0.94;1.15018e-33
-0.5;-0.93;1.15799e-33
-0.5;-0.92;1.16751e-33
-0.5;-0.91;1.17703e-33
-0.5;-0.9;1.18604e-33
-0.5;-0.89;1.19604e-33
-0.5;-0.88;1.20589e-33
-0.5;-0.87;1.21665e-33
-0.5;-0.86;0.000510234
-0.5;-0.85;0.0013698
-0.5;-0.84;0.00223876
-0.5;-0.83;0.00312043
-0.5;-0.82;0.00400701
-0.5;-0.81;0.00490233
-0.5;-0.8;0.00579732
-0.5;-0.79;0.00671371
-0.5;-0.78;0.00763039
-0.5;-0.77;0.00854913
-0.5;-0.76;0.00946643
-0.5;-0.75;0.0103971
-0.5;-0.74;0.0113278
-0.5;-0.73;0.0122587
-0.5;-0.72;0.0131867
-0.5;-0.71;0.0141131
-0.5;-0.7;0.0150374
-0.5;-0.69;0.015955
-0.5;-0.68;0.0168734
-0.5;-0.67;0.0177803
-0.5;-0.66;0.018683
-0.5;-0.65;0.0195678
-0.5;-0.64;0.0204424
-0.5;-0.63;0.0213074
-0.5;-0.62;0.0221564
-0.5;-0.61;0.0229827
-0.5;-0.6;0.0237925
-0.5;-0.59;0.0245797
-0.5;-0.58;0.0253479
-0.5;-0.57;0.0260912
-0.5;-0.56;0.0267937
-0.5;-0.55;0.0274732
-0.5;-0.54;0.0281235
-0.5;-0.53;0.0287408
-0.5;-0.52;0.0293228
-0.5;-0.51;0.029851
-0.5;-0.5;0.0303458
-0.5;-0.49;0.0307993
-0.5;-0.48;0.0312105
-0.5;-0.47;0.0315651
-0.5;-0.46;0.0318686
-0.5;-0.45;0.0321188
-0.5;-0.44;0.0323173
-0.5;-0.43;0.0324581
-0.5;-0.42;0.0325421
-0.5;-0.41;0.0325521
-0.5;-0.4;0.0325166
-0.5;-0.39;0.0324143
-0.5;-0.38;0.0322376
-0.5;-0.37;0.0319859
-0.5;-0.36;0.0316807
-0.5;-0.35;0.0313022
-0.5;-0.34;0.030857
-0.5;-0.33;0.0303352
-0.5;-0.32;0.029753
-0.5;-0.31;0.0290947
-0.5;-0.3;0.0283674
-0.5;-0.29;0.0275732
-0.5;-0.28;0.0267204
-0.5;-0.27;0.0258116
-0.5;-0.26;0.024821
-0.5;-0.25;0.0237967
-0.5;-0.24;0.0227111
-0.5;-0.23;0.021584
-0.5;-0.22;0.0204162
-0.5;-0.21;0.0191972
-0.5;-0.2;0.0179559
-0.5;-0.19;0.0166892
-0.5;-0.18;0.015422
-0.5;-0.17;0.0141257
-0.5;-0.16;0.0128526
-0.5;-0.15;0.0115693
-0.5;-0.14;0.010332
-0.5;-0.13;0.00909554
-0.5;-0.12;0.0079107
-0.5;-0.11;0.00678056
-0.5;-0.1;0.00569095
-0.5;-0.09;0.00468608
-0.5;-0.08;0.00377317
-0.5;-0.07;0.00290884
-0.5;-0.06;0.0021517
-0.5;-0.05;0.00150565
-0.5;-0.04;0.000970597
-0.5;-0.03;0.000549524
-0.5;-0.02;0.000247059
-0.5;-0.01;6.68116e-05
-0.5;0;-6.58207e-18
-0.5;0.01;6.68718e-05
-0.5;0.02;0.000246909
-0.5;0.03;0.000550101
-0.5;0.04;0.000974137
-0.5;0.05;0.00150348
-0.5;0.06;0.00215518
-0.5;0.07;0.00290829
-0.5;0.08;0.00376978
-0.5;0.09;0.00469168
-0.5;0.1;0.00569483
-0.5;0.11;0.00677576
-0.5;0.12;0.00791386
-0.5;0.13;0.00908763
-0.5;0.14;0.0103325
-0.5;0.15;0.0115733
-0.5;0.16;0.0128529
-0.5;0.17;0.0141245
-0.5;0.18;0.0154177
-0.5;0.19;0.0166924
-0.5;0.2;0.0179655
-0.5;0.21;0.0192017
-0.5;0.22;0.0204142
-0.5;0.23;0.0215771
-0.5;0.24;0.0227131
-0.5;0.25;0.0237931
-0.5;0.26;0.0248222
-0.5;0.27;0.0258083
-0.5;0.28;0.0267243
-0.5;0.29;0.0275706
-0.5;0.3;0.0283648
-0.5;0.31;0.0290958
-0.5;0.32;0.0297453
-0.5;0.33;0.0303319
-0.5;0.34;0.0308587
-0.5;0.35;0.0313028
-0.5;0.36;0.0316817
-0.5;0.37;0.0319868
-0.5;0.38;0.0322399
-0.5;0.39;0.0324098
-0.5;0.4;0.0325139
-0.5;0.41;0.0325513
-0.5;0.42;0.0325388
-0.5;0.43;0.0324646
-0.5;0.44;0.0323156
-0.5;0.45;0.0321346
-0.5;0.46;0.031863
-0.5;0.47;0.0315652
-0.5;0.48;0.0312121
-0.5;0.49;0.0307949
-0.5;0.5;0.0303508
-0.5;0.51;0.0298572
-0.5;0.52;0.0293165
-0.5;0.53;0.0287411
-0.5;0.54;0.0281211
-0.5;0.55;0.0274734
-0.5;0.56;0.0267954
-0.5;0.57;0.0260908
-0.5;0.58;0.025344
-0.5;0.59;0.0245768
-0.5;0.6;0.0237879
-0.5;0.61;0.0229811
-0.5;0.62;0.0221558
-0.5;0.63;0.021305
-0.5;0.64;0.0204384
-0.5;0.65;0.0195621
-0.5;0.66;0.0186794
-0.5;0.67;0.0177777
-0.5;0.68;0.0168661
-0.5;0.69;0.0159556
-0.5;0.7;0.0150387
-0.5;0.71;0.0141095
-0.5;0.72;0.0131859
-0.5;0.73;0.0122588
-0.5;0.74;0.0113281
-0.5;0.75;0.0103935
-0.5;0.76;0.00946729
-0.5;0.77;0.00855058
-0.5;0.78;0.00762801
-0.5;0.79;0.00671081
-0.5;0.8;0.00579701
-0.5;0.81;0.00490267
-0.5;0.82;0.00400185
-0.5;0.83;0.00312121
-0.5;0.84;0.00224543
-0.5;0.85;0.00137316
-0.5;0.86;0.000512661
-0.5;0.87;1.21642e-33
-0.5;0.88;3.38985e-20
-0.5;0.89;1.19591e-33
-0.5;0.9;1.18594e-33
-0.5;0.91;1.17694e-33
-0.5;0.92;1.16686e-33
-0.5;0.93;1.15678e-33
-0.5;0.94;1.14871e-33
-0.5;0.95;1.14038e-33
-0.5;0.96;1.13204e-33
-0.5;0.97;1.12558e-33
-0.5;0.98;1.11674e-33
-0.5;0.99;1.10789e-33
-0.49;-1;1.08599e-33
-0.49;-0.99;1.09383e-33
-0.49;-0.98;1.10167e-33
-0.49;-0.97;1.10315e-33
-0.49;-0.96;1.10315e-33
-0.49;-0.95;1.55483e-20
-0.49;-0.94;1.13329e-33
-0.49;-0.93;1.14216e-33
-0.49;-0.92;1.15104e-33
-0.49;-0.91;1.15945e-33
-0.49;-0.9;1.16897e-33
-0.49;-0.89;1.17812e-33
-0.49;-0.88;1.18812e-33
-0.49;-0.87;0.000140374
-0.49;-0.86;0.000982201
-0.49;-0.85;0.00183263
-0.49;-0.84;0.00270129
-0.49;-0.83;0.00357005
-0.49;-0.82;0.00445097
-0.49;-0.81;0.00533078
-0.49;-0.8;0.00622688
-0.49;-0.79;0.00712642
-0.49;-0.78;0.00802279
-0.49;-0.77;0.0089324
-0.49;-0.76;0.00984417
-0.49;-0.75;0.0107544
-0.49;-0.74;0.0116707
-0.49;-0.73;0.01258
-0.49;-0.72;0.0134943
-0.49;-0.71;0.0143985
-0.49;-0.7;0.0153055
-0.49;-0.69;0.0162034
-0.49;-0.68;0.0170961
-0.49;-0.67;0.0179767
-0.49;-0.66;0.0188447
-0.49;-0.65;0.019706
-0.49;-0.64;0.0205574
-0.49;-0.63;0.0213892
-0.49;-0.62;0.0221992
-0.49;-0.61;0.0230004
-0.49;-0.6;0.0237737
-0.49;-0.59;0.0245264
-0.49;-0.58;0.0252521
-0.49;-0.57;0.0259408
-0.49;-0.56;0.0266078
-0.49;-0.55;0.027246
-0.49;-0.54;0.0278488
-0.49;-0.53;0.0284087
-0.49;-0.52;0.0289284
-0.49;-0.51;0.0294079
-0.49;-0.5;0.029851
-0.49;-0.49;0.0302392
-0.49;-0.48;0.0305815
-0.49;-0.47;0.0308667
-0.49;-0.46;0.031098
-0.49;-0.45;0.0312882
-0.49;-0.44;0.0313997
-0.49;-0.43;0.03146
-0.49;-0.42;0.0314487
-0.49;-0.41;0.0313801
-0.49;-0.4;0.0312469
-0.49;-0.39;0.0310491
-0.49;-0.38;0.0307775
-0.49;-0.37;0.0304316
-0.49;-0.36;0.0299979
-0.49;-0.35;0.0295219
-0.49;-0.34;0.0289598
-0.49;-0.33;0.0283087
-0.49;-0.32;0.0275864
-0.49;-0.31;0.0268072
-0.49;-0.3;0.0259568
-0.49;-0.29;0.0250113
-0.49;-0.28;0.0240117
-0.49;-0.27;0.0229571
-0.49;-0.26;0.0218253
-0.49;-0.25;0.020624
-0.49;-0.24;0.0193954
-0.49;-0.23;0.0180886
-0.49;-0.22;0.0167408
-0.49;-0.21;0.015374
-0.49;-0.2;0.0139603
-0.49;-0.19;0.0125337
-0.49;-0.18;0.0110641
-0.49;-0.17;0.00961908
-0.49;-0.16;0.00814565
-0.49;-0.15;0.00672468
-0.49;-0.14;0.00528552
-0.49;-0.13;0.00390911
-0.49;-0.12;0.00255687
-0.49;-0.11;0.00126899
-0.49;-0.1;5.82383e-05
-0.49;-0.09;3.71071e-33
-0.49;-0.08;1.57522e-19
-0.49;-0.07;3.76739e-33
-0.49;-0.06;3.7859e-33
-0.49;-0.05;3.81242e-33
-0.49;-0.04;3.8251e-33
-0.49;-0.03;3.83628e-33
-0.49;-0.02;3.84914e-33
-0.49;-0.01;3.85664e-33
-0.49;0;3.85407e-33
-0.49;0.01;3.85633e-33
-0.49;0.02;3.84657e-33
-0.49;0.03;3.83934e-33
-0.49;0.04;3.82784e-33
-0.49;0.05;3.80428e-33
-0.49;0.06;3.78985e-33
-0.49;0.07;3.76519e-33
-0.49;0.08;3.73962e-33
-0.49;0.09;3.71133e-33
-0.49;0.1;5.86418e-05
-0.49;0.11;0.0012738
-0.49;0.12;0.0025522
-0.49;0.13;0.00390954
-0.49;0.14;0.00528216
-0.49;0.15;0.00672212
-0.49;0.16;0.00815246
-0.49;0.17;0.00961973
-0.49;0.18;0.0110671
-0.49;0.19;0.0125302
-0.49;0.2;0.0139621
-0.49;0.21;0.0153772
-0.49;0.22;0.0167421
-0.49;0.23;0.0180973
-0.49;0.24;0.0193954
-0.49;0.25;0.0206216
-0.49;0.26;0.0218226
-0.49;0.27;0.0229569
-0.49;0.28;0.0240124
-0.49;0.29;0.0250161
-0.49;0.3;0.0259585
-0.49;0.31;0.0268032
-0.49;0.32;0.0275876
-0.49;0.33;0.0283112
-0.49;0.34;0.0289543
-0.49;0.35;0.0295137
-0.49;0.36;0.0300033
-0.49;0.37;0.0304246
-0.49;0.38;0.0307772
-0.49;0.39;0.0310478
-0.49;0.4;0.0312545
-0.49;0.41;0.0313832
-0.49;0.42;0.0314564
-0.49;0.43;0.0314696
-0.49;0.44;0.0314071
-0.49;0.45;0.0312788
-0.49;0.46;0.031099
-0.49;0.47;0.0308656
-0.49;0.48;0.0305843
-0.49;0.49;0.0302421
-0.49;0.5;0.0298477
-0.49;0.51;0.029406
-0.49;0.52;0.0289289
-0.49;0.53;0.0284101
-0.49;0.54;0.0278494
-0.49;0.55;0.0272443
-0.49;0.56;0.0266054
-0.49;0.57;0.0259411
-0.49;0.58;0.0252488
-0.49;0.59;0.0245225
-0.49;0.6;0.0237702
-0.49;0.61;0.0229975
-0.49;0.62;0.0222057
-0.49;0.63;0.0213918
-0.49;0.64;0.0205606
-0.49;0.65;0.0197114
-0.49;0.66;0.0188496
-0.49;0.67;0.0179726
-0.49;0.68;0.0170946
-0.49;0.69;0.0162022
-0.49;0.7;0.0152956
-0.49;0.71;0.0143963
-0.49;0.72;0.0134915
-0.49;0.73;0.0125806
-0.49;0.74;0.0116718
-0.49;0.75;0.010755
-0.49;0.76;0.00984498
-0.49;0.77;0.00893266
-0.49;0.78;0.00803041
-0.49;0.79;0.00712246
-0.49;0.8;0.00622589
-0.49;0.81;0.00533061
-0.49;0.82;0.00444721
-0.49;0.83;0.00356976
-0.49;0.84;0.00270132
-0.49;0.85;0.00184295
-0.49;0.86;0.000986885
-0.49;0.87;0.000143412
-0.49;0.88;1.18801e-33
-0.49;0.89;1.17803e-33
-0.49;0.9;1.16841e-33
-0.49;0.91;1.15833e-33
-0.49;0.92;1.14952e-33
-0.49;0.93;1.14119e-33
-0.49;0.94;1.13285e-33
-0.49;0.95;1.12591e-33
-0.49;0.96;1.11707e-33
-0.49;0.97;1.10822e-33
-0.49;0.98;1.07965e-33
-0.49;0.99;1.05968e-33
-0.48;-1;1.07275e-33
-0.48;-0.99;1.0802e-33
-0.48;-0.98;1.08579e-33
-0.48;-0.97;1.09363e-33
-0.48;-0.96;1.10147e-33
-0.48;-0.95;1.10315e-33
-0.48;-0.94;1.11738e-33
-0.48;-0.93;-4.66448e-20
-0.48;-0.92;1.13415e-33
-0.48;-0.91;1.14302e-33
-0.48;-0.9;1.15189e-33
-0.48;-0.89;1.16091e-33
-0.48;-0.88;1.17044e-33
-0.48;-0.87;0.00059961
-0.48;-0.86;0.00143449
-0.48;-0.85;0.00228425
-0.48;-0.84;0.00313982
-0.48;-0.83;0.00400032
-0.48;-0.82;0.00486781
-0.48;-0.81;0.00574062
-0.48;-0.8;0.00662426
-0.48;-0.79;0.00750769
-0.48;-0.78;0.00840282
-0.48;-0.77;0.00928831
-0.48;-0.76;0.0101893
-0.48;-0.75;0.0110874
-0.48;-0.74;0.0119838
-0.48;-0.73;0.0128754
-0.48;-0.72;0.0137639
-0.48;-0.71;0.0146584
-0.48;-0.7;0.0155415
-0.48;-0.69;0.0164126
-0.48;-0.68;0.0172802
-0.48;-0.67;0.018135
-0.48;-0.66;0.018986
-0.48;-0.65;0.0198208
-0.48;-0.64;0.0206349
-0.48;-0.63;0.0214329
-0.48;-0.62;0.0222189
-0.48;-0.61;0.0229808
-0.48;-0.6;0.0237178
-0.48;-0.59;0.0244258
-0.48;-0.58;0.0251073
-0.48;-0.57;0.0257643
-0.48;-0.56;0.026388
-0.48;-0.55;0.0269797
-0.48;-0.54;0.0275254
-0.48;-0.53;0.0280337
-0.48;-0.52;0.0284979
-0.48;-0.51;0.0289273
-0.48;-0.5;0.0293053
-0.48;-0.49;0.0296349
-0.48;-0.48;0.0298991
-0.48;-0.47;0.0301171
-0.48;-0.46;0.0302824
-0.48;-0.45;0.0303819
-0.48;-0.44;0.0304374
-0.48;-0.43;0.0304033
-0.48;-0.42;0.0303101
-0.48;-0.41;0.0301556
-0.48;-0.4;0.0299161
-0.48;-0.39;0.0296223
-0.48;-0.38;0.0292461
-0.48;-0.37;0.0287848
-0.48;-0.36;0.0282488
-0.48;-0.35;0.0276475
-0.48;-0.34;0.026959
-0.48;-0.33;0.0261962
-0.48;-0.32;0.0253437
-0.48;-0.31;0.0244142
-0.48;-0.3;0.0234307
-0.48;-0.29;0.0223509
-0.48;-0.28;0.021186
-0.48;-0.27;0.0199709
-0.48;-0.26;0.018688
-0.48;-0.25;0.0173246
-0.48;-0.24;0.015903
-0.48;-0.23;0.0144495
-0.48;-0.22;0.0129202
-0.48;-0.21;0.0113567
-0.48;-0.2;0.00977703
-0.48;-0.19;0.00813733
-0.48;-0.18;0.00652082
-0.48;-0.17;0.00485379
-0.48;-0.16;0.00323354
-0.48;-0.15;0.00158722
-0.48;-0.14;5.31613e-06
-0.48;-0.13;3.55292e-33
-0.48;-0.12;3.58999e-33
-0.48;-0.11;-1.53342e-19
-0.48;-0.1;3.66484e-33
-0.48;-0.09;3.70341e-33
-0.48;-0.08;3.736e-33
-0.48;-0.07;2.11176e-19
-0.48;-0.06;3.7826e-33
-0.48;-0.05;3.8097e-33
-0.48;-0.04;3.82047e-33
-0.48;-0.03;3.83543e-33
-0.48;-0.02;3.84869e-33
-0.48;-0.01;3.85668e-33
-0.48;0;3.85405e-33
-0.48;0.01;3.85615e-33
-0.48;0.02;3.84604e-33
-0.48;0.03;3.83918e-33
-0.48;0.04;3.82607e-33
-0.48;0.05;3.80232e-33
-0.48;0.06;3.78876e-33
-0.48;0.07;3.7612e-33
-0.48;0.08;3.73519e-33
-0.48;0.09;3.70525e-33
-0.48;0.1;3.67077e-33
-0.48;0.11;3.63101e-33
-0.48;0.12;3.59305e-33
-0.48;0.13;3.55032e-33
-0.48;0.14;5.31402e-06
-0.48;0.15;0.0015888
-0.48;0.16;0.00323311
-0.48;0.17;0.00485438
-0.48;0.18;0.00652171
-0.48;0.19;0.0081402
-0.48;0.2;0.0097728
-0.48;0.21;0.0113591
-0.48;0.22;0.0129185
-0.48;0.23;0.0144455
-0.48;0.24;0.015906
-0.48;0.25;0.0173189
-0.48;0.26;0.0186905
-0.48;0.27;0.0199688
-0.48;0.28;0.0211837
-0.48;0.29;0.0223518
-0.48;0.3;0.0234197
-0.48;0.31;0.0244204
-0.48;0.32;0.0253402
-0.48;0.33;0.0261947
-0.48;0.34;0.0269579
-0.48;0.35;0.027643
-0.48;0.36;0.028249
-0.48;0.37;0.0287917
-0.48;0.38;0.0292436
-0.48;0.39;0.0296236
-0.48;0.4;0.029919
-0.48;0.41;0.0301465
-0.48;0.42;0.0303096
-0.48;0.43;0.0304073
-0.48;0.44;0.0304314
-0.48;0.45;0.0303876
-0.48;0.46;0.0302818
-0.48;0.47;0.0301236
-0.48;0.48;0.0299002
-0.48;0.49;0.029629
-0.48;0.5;0.0293033
-0.48;0.51;0.0289207
-0.48;0.52;0.0284976
-0.48;0.53;0.0280361
-0.48;0.54;0.0275241
-0.48;0.55;0.026974
-0.48;0.56;0.0263877
-0.48;0.57;0.0257616
-0.48;0.58;0.0251061
-0.48;0.59;0.0244245
-0.48;0.6;0.0237125
-0.48;0.61;0.0229834
-0.48;0.62;0.0222173
-0.48;0.63;0.0214353
-0.48;0.64;0.0206368
-0.48;0.65;0.0198216
-0.48;0.66;0.0189867
-0.48;0.67;0.0181409
-0.48;0.68;0.0172782
-0.48;0.69;0.0164122
-0.48;0.7;0.0155408
-0.48;0.71;0.014659
-0.48;0.72;0.0137679
-0.48;0.73;0.0128722
-0.48;0.74;0.0119835
-0.48;0.75;0.0110884
-0.48;0.76;0.0101856
-0.48;0.77;0.00928842
-0.48;0.78;0.00840251
-0.48;0.79;0.00751326
-0.48;0.8;0.00662474
-0.48;0.81;0.00574025
-0.48;0.82;0.00486903
-0.48;0.83;0.00399374
-0.48;0.84;0.00313096
-0.48;0.85;0.00228482
-0.48;0.86;0.00143944
-0.48;0.87;0.000602637
-0.48;0.88;1.16996e-33
-0.48;0.89;1.15987e-33
-0.48;0.9;1.15033e-33
-0.48;0.91;1.14199e-33
-0.48;0.92;6.21916e-20
-0.48;0.93;1.12625e-33
-0.48;0.94;1.1174e-33
-0.48;0.95;1.10855e-33
-0.48;0.96;1.10156e-33
-0.48;0.97;1.07965e-33
-0.48;0.98;1.05968e-33
-0.48;0.99;1.05968e-33
-0.47;-1;1.05918e-33
-0.47;-0.99;1.06461e-33
-0.47;-0.98;1.07207e-33
-0.47;-0.97;1.07952e-33
-0.47;-0.96;1.0856e-33
-0.47;-0.95;6.08219e-20
-0.47;-0.94;-1.52055e-20
-0.47;-0.93;1.10876e-33
-0.47;-0.92;1.11772e-33
-0.47;-0.91;4.66448e-20
-0.47;-0.9;1.13501e-33
-0.47;-0.89;1.14388e-33
-0.47;-0.88;0.000217677
-0.47;-0.87;0.00103821
-0.47;-0.86;0.00187068
-0.47;-0.85;0.00270928
-0.47;-0.84;0.00355191
-0.47;-0.83;0.00440469
-0.47;-0.82;0.00526775
-0.47;-0.81;0.00612961
-0.47;-0.8;0.00699957
-0.47;-0.79;0.00787678
-0.47;-0.78;0.00874734
-0.47;-0.77;0.00962956
-0.47;-0.76;0.0105087
-0.47;-0.75;0.0113901
-0.47;-0.74;0.0122657
-0.47;-0.73;0.0131405
-0.47;-0.72;0.014018
-0.47;-0.71;0.0148817
-0.47;-0.7;0.0157427
-0.47;-0.69;0.0165965
-0.47;-0.68;0.0174408
-0.47;-0.67;0.0182727
-0.47;-0.66;0.0190909
-0.47;-0.65;0.0198922
-0.47;-0.64;0.020685
-0.47;-0.63;0.0214516
-0.47;-0.62;0.0221974
-0.47;-0.61;0.0229196
-0.47;-0.6;0.0236164
-0.47;-0.59;0.0242885
-0.47;-0.58;0.0249355
-0.47;-0.57;0.0255496
-0.47;-0.56;0.0261225
-0.47;-0.55;0.0266588
-0.47;-0.54;0.0271565
-0.47;-0.53;0.027612
-0.47;-0.52;0.0280336
-0.47;-0.51;0.0283979
-0.47;-0.5;0.0287123
-0.47;-0.49;0.0289675
-0.47;-0.48;0.0291871
-0.47;-0.47;0.0293223
-0.47;-0.46;0.0294144
-0.47;-0.45;0.0294435
-0.47;-0.44;0.0294076
-0.47;-0.43;0.0292916
-0.47;-0.42;0.0291125
-0.47;-0.41;0.0288555
-0.47;-0.4;0.0285261
-0.47;-0.39;0.0281294
-0.47;-0.38;0.0276466
-0.47;-0.37;0.027073
-0.47;-0.36;0.0264202
-0.47;-0.35;0.0256964
-0.47;-0.34;0.0248819
-0.47;-0.33;0.0239967
-0.47;-0.32;0.023
-0.47;-0.31;0.0219417
-0.47;-0.3;0.020788
-0.47;-0.29;0.0195573
-0.47;-0.28;0.0182591
-0.47;-0.27;0.0168655
-0.47;-0.26;0.0154055
-0.47;-0.25;0.0138854
-0.47;-0.24;0.012285
-0.47;-0.23;0.0106231
-0.47;-0.22;0.00892818
-0.47;-0.21;0.0071784
-0.47;-0.2;0.00537733
-0.47;-0.19;0.00357023
-0.47;-0.18;0.00172363
-0.47;-0.17;3.35677e-33
-0.47;-0.16;3.40363e-33
-0.47;-0.15;3.45266e-33
-0.47;-0.14;3.50281e-33
-0.47;-0.13;3.54346e-33
-0.47;-0.12;3.57684e-33
-0.47;-0.11;3.62956e-33
-0.47;-0.1;3.65976e-33
-0.47;-0.09;3.69492e-33
-0.47;-0.08;3.72223e-33
-0.47;-0.07;3.76196e-33
-0.47;-0.06;3.77936e-33
-0.47;-0.05;3.80698e-33
-0.47;-0.04;3.82278e-33
-0.47;-0.03;3.82047e-33
-0.47;-0.02;3.82942e-33
-0.47;-0.01;3.84438e-33
-0.47;0;3.84846e-33
-0.47;0.01;3.84093e-33
-0.47;0.02;3.84552e-33
-0.47;0.03;3.82078e-33
-0.47;0.04;3.79385e-33
-0.47;0.05;3.80035e-33
-0.47;0.06;3.77031e-33
-0.47;0.07;3.75721e-33
-0.47;0.08;3.73067e-33
-0.47;0.09;3.67966e-33
-0.47;0.1;3.66239e-33
-0.47;0.11;3.62092e-33
-0.47;0.12;3.58587e-33
-0.47;0.13;3.5397e-33
-0.47;0.14;9.83836e-20
-0.47;0.15;3.45328e-33
-0.47;0.16;3.4039e-33
-0.47;0.17;3.35435e-33
-0.47;0.18;0.00172324
-0.47;0.19;0.00357377
-0.47;0.2;0.00537444
-0.47;0.21;0.0071725
-0.47;0.22;0.00893175
-0.47;0.23;0.0106229
-0.47;0.24;0.0122871
-0.47;0.25;0.0138864
-0.47;0.26;0.0153969
-0.47;0.27;0.0168689
-0.47;0.28;0.0182501
-0.47;0.29;0.019563
-0.47;0.3;0.0207852
-0.47;0.31;0.0219393
-0.47;0.32;0.0230021
-0.47;0.33;0.0239995
-0.47;0.34;0.0248821
-0.47;0.35;0.0256996
-0.47;0.36;0.0264231
-0.47;0.37;0.0270733
-0.47;0.38;0.0276442
-0.47;0.39;0.0281268
-0.47;0.4;0.0285348
-0.47;0.41;0.0288507
-0.47;0.42;0.0291138
-0.47;0.43;0.0292875
-0.47;0.44;0.0294046
-0.47;0.45;0.0294391
-0.47;0.46;0.0294174
-0.47;0.47;0.0293228
-0.47;0.48;0.0291757
-0.47;0.49;0.0289691
-0.47;0.5;0.0287118
-0.47;0.51;0.0283967
-0.47;0.52;0.0280299
-0.47;0.53;0.0276141
-0.47;0.54;0.0271624
-0.47;0.55;0.0266619
-0.47;0.56;0.0261242
-0.47;0.57;0.0255518
-0.47;0.58;0.0249373
-0.47;0.59;0.0242941
-0.47;0.6;0.0236173
-0.47;0.61;0.0229196
-0.47;0.62;0.0222014
-0.47;0.63;0.0214518
-0.47;0.64;0.0206816
-0.47;0.65;0.0198926
-0.47;0.66;0.0190898
-0.47;0.67;0.0182726
-0.47;0.68;0.0174403
-0.47;0.69;0.0165932
-0.47;0.7;0.0157421
-0.47;0.71;0.0148806
-0.47;0.72;0.0140181
-0.47;0.73;0.0131446
-0.47;0.74;0.0122649
-0.47;0.75;0.0113905
-0.47;0.76;0.0105086
-0.47;0.77;0.00962549
-0.47;0.78;0.00874552
-0.47;0.79;0.0078752
-0.47;0.8;0.00699932
-0.47;0.81;0.00612861
-0.47;0.82;0.00525754
-0.47;0.83;0.00440415
-0.47;0.84;0.00355051
-0.47;0.85;0.00270736
-0.47;0.86;0.00186432
-0.47;0.87;0.00103749
-0.47;0.88;0.000217457
-0.47;0.89;1.1428e-33
-0.47;0.9;-6.21916e-20
-0.47;0.91;1.12658e-33
-0.47;0.92;1.11773e-33
-0.47;0.93;1.10888e-33
-0.47;0.94;1.10135e-33
-0.47;0.95;1.093e-33
-0.47;0.96;1.07965e-33
-0.47;0.97;1.05968e-33
-0.47;0.98;1.05968e-33
-0.47;0.99;1.06468e-33
-0.46;-1;1.01877e-33
-0.46;-0.99;1.05135e-33
-0.46;-0.98;1.05831e-33
-0.46;-0.97;1.06394e-33
-0.46;-0.96;1.07139e-33
-0.46;-0.95;1.07885e-33
-0.46;-0.94;1.0854e-33
-0.46;-0.93;6.08219e-20
-0.46;-0.92;1.10108e-33
-0.46;-0.91;1.10909e-33
-0.46;-0.9;6.21931e-20
-0.46;-0.89;1.55483e-20
-0.46;-0.88;0.000632889
-0.46;-0.87;0.00144732
-0.46;-0.86;0.00227652
-0.46;-0.85;0.00310798
-0.46;-0.84;0.00394294
-0.46;-0.83;0.00478805
-0.46;-0.82;0.00563727
-0.46;-0.81;0.00649054
-0.46;-0.8;0.00735013
-0.46;-0.79;0.00821038
-0.46;-0.78;0.00907187
-0.46;-0.77;0.00993458
-0.46;-0.76;0.0108034
-0.46;-0.75;0.0116652
-0.46;-0.74;0.0125273
-0.46;-0.73;0.0133822
-0.46;-0.72;0.0142367
-0.46;-0.71;0.0150836
-0.46;-0.7;0.0159239
-0.46;-0.69;0.0167498
-0.46;-0.68;0.0175651
-0.46;-0.67;0.0183752
-0.46;-0.66;0.019164
-0.46;-0.65;0.0199412
-0.46;-0.64;0.0206977
-0.46;-0.63;0.0214317
-0.46;-0.62;0.0221452
-0.46;-0.61;0.0228324
-0.46;-0.6;0.0234935
-0.46;-0.59;0.0241312
-0.46;-0.58;0.0247302
-0.46;-0.57;0.0252921
-0.46;-0.56;0.025822
-0.46;-0.55;0.0263101
-0.46;-0.54;0.0267576
-0.46;-0.53;0.0271646
-0.46;-0.52;0.0275241
-0.46;-0.51;0.0278235
-0.46;-0.5;0.0280745
-0.46;-0.49;0.0282668
-0.46;-0.48;0.0284058
-0.46;-0.47;0.0284737
-0.46;-0.46;0.0285042
-0.46;-0.45;0.0284498
-0.46;-0.44;0.0283215
-0.46;-0.43;0.028127
-0.46;-0.42;0.0278472
-0.46;-0.41;0.027509
-0.46;-0.4;0.0270801
-0.46;-0.39;0.0265687
-0.46;-0.38;0.0259817
-0.46;-0.37;0.0252978
-0.46;-0.36;0.0245264
-0.46;-0.35;0.0236723
-0.46;-0.34;0.022727
-0.46;-0.33;0.0217062
-0.46;-0.32;0.0205816
-0.46;-0.31;0.019361
-0.46;-0.3;0.0180564
-0.46;-0.29;0.0166665
-0.46;-0.28;0.015206
-0.46;-0.27;0.013647
-0.46;-0.26;0.0120037
-0.46;-0.25;0.0102851
-0.46;-0.24;0.00852171
-0.46;-0.23;0.00666558
-0.46;-0.22;0.00476501
-0.46;-0.21;0.00281407
-0.46;-0.2;0.00080469
-0.46;-0.19;3.23202e-33
-0.46;-0.18;1.85943e-19
-0.46;-0.17;3.34031e-33
-0.46;-0.16;3.38558e-33
-0.46;-0.15;3.43893e-33
-0.46;-0.14;3.48546e-33
-0.46;-0.13;3.534e-33
-0.46;-0.12;3.56685e-33
-0.46;-0.11;3.57279e-33
-0.46;-0.1;3.65379e-33
-0.46;-0.09;3.65473e-33
-0.46;-0.08;3.67024e-33
-0.46;-0.07;3.75798e-33
-0.46;-0.06;3.77733e-33
-0.46;-0.05;3.77087e-33
-0.46;-0.04;3.82162e-33
-0.46;-0.03;3.83381e-33
-0.46;-0.02;3.82047e-33
-0.46;-0.01;3.85676e-33
-0.46;0;3.85408e-33
-0.46;0.01;3.85579e-33
-0.46;0.02;3.82078e-33
-0.46;0.03;3.83811e-33
-0.46;0.04;3.82253e-33
-0.46;0.05;3.79839e-33
-0.46;0.06;3.78214e-33
-0.46;0.07;3.72092e-33
-0.46;0.08;3.72615e-33
-0.46;0.09;3.69211e-33
-0.46;0.1;3.62901e-33
-0.46;0.11;3.6111e-33
-0.46;0.12;3.57351e-33
-0.46;0.13;3.52909e-33
-0.46;0.14;3.48655e-33
-0.46;0.15;3.43768e-33
-0.46;0.16;3.38558e-33
-0.46;0.17;-1.87802e-19
-0.46;0.18;3.28638e-33
-0.46;0.19;3.2324e-33
-0.46;0.2;0.000805122
-0.46;0.21;0.00281384
-0.46;0.22;0.00474999
-0.46;0.23;0.0066639
-0.46;0.24;0.00851999
-0.46;0.25;0.0102891
-0.46;0.26;0.0120072
-0.46;0.27;0.0136418
-0.46;0.28;0.0152031
-0.46;0.29;0.016675
-0.46;0.3;0.0180584
-0.46;0.31;0.0193619
-0.46;0.32;0.0205854
-0.46;0.33;0.0217048
-0.46;0.34;0.0227272
-0.46;0.35;0.0236792
-0.46;0.36;0.0245377
-0.46;0.37;0.0252975
-0.46;0.38;0.0259834
-0.46;0.39;0.0265524
-0.46;0.4;0.0270755
-0.46;0.41;0.0275093
-0.46;0.42;0.027849
-0.46;0.43;0.028123
-0.46;0.44;0.0283241
-0.46;0.45;0.0284517
-0.46;0.46;0.0284997
-0.46;0.47;0.0284859
-0.46;0.48;0.0284052
-0.46;0.49;0.0282672
-0.46;0.5;0.0280735
-0.46;0.51;0.0278256
-0.46;0.52;0.0275253
-0.46;0.53;0.0271627
-0.46;0.54;0.0267562
-0.46;0.55;0.0263084
-0.46;0.56;0.0258209
-0.46;0.57;0.0252918
-0.46;0.58;0.0247282
-0.46;0.59;0.0241299
-0.46;0.6;0.0234937
-0.46;0.61;0.0228301
-0.46;0.62;0.0221414
-0.46;0.63;0.0214311
-0.46;0.64;0.0207001
-0.46;0.65;0.0199429
-0.46;0.66;0.0191679
-0.46;0.67;0.0183757
-0.46;0.68;0.0175702
-0.46;0.69;0.0167521
-0.46;0.7;0.0159234
-0.46;0.71;0.0150799
-0.46;0.72;0.0142315
-0.46;0.73;0.0133803
-0.46;0.74;0.0125249
-0.46;0.75;0.011662
-0.46;0.76;0.0108051
-0.46;0.77;0.00993881
-0.46;0.78;0.00907282
-0.46;0.79;0.0082106
-0.46;0.8;0.00735
-0.46;0.81;0.00649044
-0.46;0.82;0.00563788
-0.46;0.83;0.00478835
-0.46;0.84;0.00394261
-0.46;0.85;0.00310051
-0.46;0.86;0.00227458
-0.46;0.87;0.00144642
-0.46;0.88;0.000632874
-0.46;0.89;1.12691e-33
-0.46;0.9;1.11806e-33
-0.46;0.91;1.10921e-33
-0.46;0.92;1.10114e-33
-0.46;0.93;1.09279e-33
-0.46;0.94;1.08445e-33
-0.46;0.95;1.07777e-33
-0.46;0.96;1.05968e-33
-0.46;0.97;1.05968e-33
-0.46;0.98;1.0588e-33
-0.46;0.99;1.05176e-33
-0.45;-1;1.03177e-33
-0.45;-0.99;1.03814e-33
-0.45;-0.98;1.04327e-33
-0.45;-0.97;1.05023e-33
-0.45;-0.96;1.0572e-33
-0.45;-0.95;1.06326e-33
-0.45;-0.94;1.07071e-33
-0.45;-0.93;1.07817e-33
-0.45;-0.92;1.0852e-33
-0.45;-0.91;1.09304e-33
-0.45;-0.9;-1.52055e-20
-0.45;-0.89;0.000242845
-0.45;-0.88;0.00103978
-0.45;-0.87;0.00184746
-0.45;-0.86;0.00265784
-0.45;-0.85;0.00348212
-0.45;-0.84;0.00431251
-0.45;-0.83;0.00514966
-0.45;-0.82;0.00598403
-0.45;-0.81;0.00682697
-0.45;-0.8;0.00767237
-0.45;-0.79;0.00851768
-0.45;-0.78;0.0093663
-0.45;-0.77;0.0102213
-0.45;-0.76;0.0110708
-0.45;-0.75;0.0119153
-0.45;-0.74;0.0127537
-0.45;-0.73;0.0135992
-0.45;-0.72;0.0144339
-0.45;-0.71;0.015255
-0.45;-0.7;0.0160685
-0.45;-0.69;0.0168763
-0.45;-0.68;0.0176729
-0.45;-0.67;0.018453
-0.45;-0.66;0.0192163
-0.45;-0.65;0.0199563
-0.45;-0.64;0.0206829
-0.45;-0.63;0.0213888
-0.45;-0.62;0.0220628
-0.45;-0.61;0.0227176
-0.45;-0.6;0.023336
-0.45;-0.59;0.0239258
-0.45;-0.58;0.0244832
-0.45;-0.57;0.0250046
-0.45;-0.56;0.0254864
-0.45;-0.55;0.0259296
-0.45;-0.54;0.0263285
-0.45;-0.53;0.0266702
-0.45;-0.52;0.026967
-0.45;-0.51;0.0272099
-0.45;-0.5;0.0273976
-0.45;-0.49;0.0275287
-0.45;-0.48;0.0275977
-0.45;-0.47;0.0276096
-0.45;-0.46;0.0275451
-0.45;-0.45;0.027409
-0.45;-0.44;0.027194
-0.45;-0.43;0.0269151
-0.45;-0.42;0.0265423
-0.45;-0.41;0.0260974
-0.45;-0.4;0.0255773
-0.45;-0.39;0.0249589
-0.45;-0.38;0.024257
-0.45;-0.37;0.0234639
-0.45;-0.36;0.022568
-0.45;-0.35;0.0215825
-0.45;-0.34;0.0205121
-0.45;-0.33;0.0193293
-0.45;-0.32;0.0180705
-0.45;-0.31;0.0167094
-0.45;-0.3;0.0152488
-0.45;-0.29;0.0136803
-0.45;-0.28;0.0120379
-0.45;-0.27;0.010307
-0.45;-0.26;0.00848816
-0.45;-0.25;0.00658613
-0.45;-0.24;0.00459424
-0.45;-0.23;0.00254881
-0.45;-0.22;0.000437646
-0.45;-0.21;3.10806e-33
-0.45;-0.2;3.15896e-33
-0.45;-0.19;3.20917e-33
-0.45;-0.18;3.26464e-33
-0.45;-0.17;3.31972e-33
-0.45;-0.16;3.36769e-33
-0.45;-0.15;3.40758e-33
-0.45;-0.14;3.46635e-33
-0.45;-0.13;3.52123e-33
-0.45;-0.12;3.55925e-33
-0.45;-0.11;3.60313e-33
-0.45;-0.1;3.64846e-33
-0.45;-0.09;3.67848e-33
-0.45;-0.08;3.72291e-33
-0.45;-0.07;3.75286e-33
-0.45;-0.06;3.7753e-33
-0.45;-0.05;3.80154e-33
-0.45;-0.04;3.77087e-33
-0.45;-0.03;3.8332e-33
-0.45;-0.02;3.84736e-33
-0.45;-0.01;3.8568e-33
-0.45;0;3.8541e-33
-0.45;0.01;3.85561e-33
-0.45;0.02;3.84446e-33
-0.45;0.03;3.8376e-33
-0.45;0.04;3.81928e-33
-0.45;0.05;3.79643e-33
-0.45;0.06;3.72092e-33
-0.45;0.07;3.74836e-33
-0.45;0.08;3.72e-33
-0.45;0.09;3.6859e-33
-0.45;0.1;3.64384e-33
-0.45;0.11;3.55157e-33
-0.45;0.12;3.52657e-33
-0.45;0.13;3.50317e-33
-0.45;0.14;3.46967e-33
-0.45;0.15;3.4079e-33
-0.45;0.16;-1.87802e-19
-0.45;0.17;3.31817e-33
-0.45;0.18;3.26511e-33
-0.45;0.19;3.209e-33
-0.45;0.2;-1.76267e-19
-0.45;0.21;3.10634e-33
-0.45;0.22;0.000432272
-0.45;0.23;0.00254878
-0.45;0.24;0.00459324
-0.45;0.25;0.00657417
-0.45;0.26;0.00849571
-0.45;0.27;0.0103083
-0.45;0.28;0.0120333
-0.45;0.29;0.013693
-0.45;0.3;0.0152487
-0.45;0.31;0.0167041
-0.45;0.32;0.018072
-0.45;0.33;0.0193381
-0.45;0.34;0.0205086
-0.45;0.35;0.0215857
-0.45;0.36;0.0225711
-0.45;0.37;0.0234611
-0.45;0.38;0.024262
-0.45;0.39;0.0249586
-0.45;0.4;0.025568
-0.45;0.41;0.026101
-0.45;0.42;0.0265431
-0.45;0.43;0.0269116
-0.45;0.44;0.027197
-0.45;0.45;0.0274079
-0.45;0.46;0.0275461
-0.45;0.47;0.0276064
-0.45;0.48;0.0276008
-0.45;0.49;0.0275268
-0.45;0.5;0.0273987
-0.45;0.51;0.0272116
-0.45;0.52;0.0269652
-0.45;0.53;0.0266725
-0.45;0.54;0.0263259
-0.45;0.55;0.025929
-0.45;0.56;0.0254852
-0.45;0.57;0.025002
-0.45;0.58;0.0244813
-0.45;0.59;0.0239272
-0.45;0.6;0.0233364
-0.45;0.61;0.0227173
-0.45;0.62;0.0220631
-0.45;0.63;0.0213857
-0.45;0.64;0.0206773
-0.45;0.65;0.0199527
-0.45;0.66;0.0192126
-0.45;0.67;0.0184524
-0.45;0.68;0.0176707
-0.45;0.69;0.0168756
-0.45;0.7;0.0160674
-0.45;0.71;0.0152584
-0.45;0.72;0.0144349
-0.45;0.73;0.0135981
-0.45;0.74;0.0127619
-0.45;0.75;0.0119158
-0.45;0.76;0.0110688
-0.45;0.77;0.0102219
-0.45;0.78;0.00937154
-0.45;0.79;0.00851798
-0.45;0.8;0.00767601
-0.45;0.81;0.00682862
-0.45;0.82;0.00598485
-0.45;0.83;0.00514982
-0.45;0.84;0.00431225
-0.45;0.85;0.00348273
-0.45;0.86;0.00266609
-0.45;0.87;0.00184682
-0.45;0.88;0.00103958
-0.45;0.89;0.000242801
-0.45;0.9;1.10093e-33
-0.45;0.91;1.09258e-33
-0.45;0.92;-3.04206e-20
-0.45;0.93;1.07714e-33
-0.45;0.94;1.07029e-33
-0.45;0.95;1.05968e-33
-0.45;0.96;1.05767e-33
-0.45;0.97;1.05064e-33
-0.45;0.98;1.0436e-33
-0.45;0.99;1.01884e-33
-0.44;-1;1.01877e-33
-0.44;-0.99;1.02392e-33
-0.44;-0.98;1.03028e-33
-0.44;-0.97;-1.43108e-20
-0.44;-0.96;1.04215e-33
-0.44;-0.95;1.04912e-33
-0.44;-0.94;1.05608e-33
-0.44;-0.93;1.06258e-33
-0.44;-0.92;1.07004e-33
-0.44;-0.91;1.07749e-33
-0.44;-0.9;1.08501e-33
-0.44;-0.89;0.000631431
-0.44;-0.88;0.00142108
-0.44;-0.87;0.00222133
-0.44;-0.86;0.00302516
-0.44;-0.85;0.00384146
-0.44;-0.84;0.00465786
-0.44;-0.83;0.00548423
-0.44;-0.82;0.00631235
-0.44;-0.81;0.00714523
-0.44;-0.8;0.00797695
-0.44;-0.79;0.00881289
-0.44;-0.78;0.00964704
-0.44;-0.77;0.0104841
-0.44;-0.76;0.0113145
-0.44;-0.75;0.0121443
-0.44;-0.74;0.0129689
-0.44;-0.73;0.0137862
-0.44;-0.72;0.0145968
-0.44;-0.71;0.0154034
-0.44;-0.7;0.0162002
-0.44;-0.69;0.0169809
-0.44;-0.68;0.0177464
-0.44;-0.67;0.0184999
-0.44;-0.66;0.0192285
-0.44;-0.65;0.019947
-0.44;-0.64;0.0206426
-0.44;-0.63;0.021311
-0.44;-0.62;0.0219499
-0.44;-0.61;0.0225622
-0.44;-0.6;0.0231455
-0.44;-0.59;0.023696
-0.44;-0.58;0.0242145
-0.44;-0.57;0.024685
-0.44;-0.56;0.0251242
-0.44;-0.55;0.0255115
-0.44;-0.54;0.0258514
-0.44;-0.53;0.0261413
-0.44;-0.52;0.0263815
-0.44;-0.51;0.0265647
-0.44;-0.5;0.0266918
-0.44;-0.49;0.0267558
-0.44;-0.48;0.0267584
-0.44;-0.47;0.0266875
-0.44;-0.46;0.0265404
-0.44;-0.45;0.0263261
-0.44;-0.44;0.0260286
-0.44;-0.43;0.0256494
-0.44;-0.42;0.0251901
-0.44;-0.41;0.0246464
-0.44;-0.4;0.0240178
-0.44;-0.39;0.023298
-0.44;-0.38;0.0224845
-0.44;-0.37;0.0215647
-0.44;-0.36;0.0205507
-0.44;-0.35;0.0194315
-0.44;-0.34;0.0182192
-0.44;-0.33;0.0168928
-0.44;-0.32;0.0154785
-0.44;-0.31;0.0139637
-0.44;-0.3;0.0123488
-0.44;-0.29;0.0106098
-0.44;-0.28;0.00878185
-0.44;-0.27;0.00685847
-0.44;-0.26;0.00484364
-0.44;-0.25;0.00275186
-0.44;-0.24;0.000555182
-0.44;-0.23;2.97383e-33
-0.44;-0.22;8.58796e-20
-0.44;-0.21;3.08075e-33
-0.44;-0.2;-4.40704e-20
-0.44;-0.19;3.18626e-33
-0.44;-0.18;3.24278e-33
-0.44;-0.17;3.29779e-33
-0.44;-0.16;3.35364e-33
-0.44;-0.15;3.37288e-33
-0.44;-0.14;3.4544e-33
-0.44;-0.13;3.50915e-33
-0.44;-0.12;3.54924e-33
-0.44;-0.11;3.53176e-33
-0.44;-0.1;3.64314e-33
-0.44;-0.09;3.66867e-33
-0.44;-0.08;3.71382e-33
-0.44;-0.07;3.65473e-33
-0.44;-0.06;3.77326e-33
-0.44;-0.05;3.7969e-33
-0.44;-0.04;3.81887e-33
-0.44;-0.03;3.77087e-33
-0.44;-0.02;3.84691e-33
-0.44;-0.01;3.79796e-33
-0.44;0;3.82078e-33
-0.44;0.01;3.85543e-33
-0.44;0.02;3.84394e-33
-0.44;0.03;3.83709e-33
-0.44;0.04;3.81698e-33
-0.44;0.05;3.7935e-33
-0.44;0.06;3.7747e-33
-0.44;0.07;3.74458e-33
-0.44;0.08;3.71392e-33
-0.44;0.09;3.67708e-33
-0.44;0.1;3.63513e-33
-0.44;0.11;3.59304e-33
-0.44;0.12;3.54619e-33
-0.44;0.13;3.50712e-33
-0.44;0.14;3.45535e-33
-0.44;0.15;3.4019e-33
-0.44;0.16;3.34302e-33
-0.44;0.17;3.29746e-33
-0.44;0.18;3.24329e-33
-0.44;0.19;-1.7802e-19
-0.44;0.2;3.13819e-33
-0.44;0.21;3.07985e-33
-0.44;0.22;3.0239e-33
-0.44;0.23;2.97372e-33
-0.44;0.24;0.000555711
-0.44;0.25;0.00275213
-0.44;0.26;0.004842
-0.44;0.27;0.00686552
-0.44;0.28;0.00878273
-0.44;0.29;0.0106089
-0.44;0.3;0.0123488
-0.44;0.31;0.0139581
-0.44;0.32;0.015477
-0.44;0.33;0.0168947
-0.44;0.34;0.0182238
-0.44;0.35;0.0194283
-0.44;0.36;0.0205441
-0.44;0.37;0.0215636
-0.44;0.38;0.0224825
-0.44;0.39;0.0232937
-0.44;0.4;0.0240179
-0.44;0.41;0.024649
-0.44;0.42;0.0251954
-0.44;0.43;0.0256591
-0.44;0.44;0.0260258
-0.44;0.45;0.0263196
-0.44;0.46;0.026541
-0.44;0.47;0.0266856
-0.44;0.48;0.0267567
-0.44;0.49;0.0267561
-0.44;0.5;0.0266931
-0.44;0.51;0.0265654
-0.44;0.52;0.0263784
-0.44;0.53;0.0261408
-0.44;0.54;0.0258506
-0.44;0.55;0.0255095
-0.44;0.56;0.0251229
-0.44;0.57;0.02469
-0.44;0.58;0.0242104
-0.44;0.59;0.0236934
-0.44;0.6;0.0231439
-0.44;0.61;0.0225618
-0.44;0.62;0.0219489
-0.44;0.63;0.021309
-0.44;0.64;0.0206417
-0.44;0.65;0.0199473
-0.44;0.66;0.0192296
-0.44;0.67;0.018496
-0.44;0.68;0.0177458
-0.44;0.69;0.0169816
-0.44;0.7;0.0162009
-0.44;0.71;0.0154044
-0.44;0.72;0.0146016
-0.44;0.73;0.0137881
-0.44;0.74;0.0129703
-0.44;0.75;0.0121454
-0.44;0.76;0.0113114
-0.44;0.77;0.010477
-0.44;0.78;0.0096483
-0.44;0.79;0.00881356
-0.44;0.8;0.0079774
-0.44;0.81;0.00714579
-0.44;0.82;0.00631308
-0.44;0.83;0.00548569
-0.44;0.84;0.00466288
-0.44;0.85;0.00384171
-0.44;0.86;0.0030308
-0.44;0.87;0.00222162
-0.44;0.88;0.00141898
-0.44;0.89;0.000631582
-0.44;0.9;6.08411e-20
-0.44;0.91;1.07652e-33
-0.44;0.92;1.06966e-33
-0.44;0.93;1.06281e-33
-0.44;0.94;1.05655e-33
-0.44;0.95;1.04951e-33
-0.44;0.96;1.04247e-33
-0.44;0.97;1.03691e-33
-0.44;0.98;1.01884e-33
-0.44;0.99;1.02404e-33
-0.43;-1;9.79928e-34
-0.43;-0.99;9.98525e-34
-0.43;-0.98;9.98525e-34
-0.43;-0.97;1.02243e-33
-0.43;-0.96;-5.7243e-20
-0.43;-0.95;2.86215e-20
-0.43;-0.94;1.04104e-33
-0.43;-0.93;1.048e-33
-0.43;-0.92;1.05496e-33
-0.43;-0.91;1.0619e-33
-0.43;-0.9;0.000219248
-0.43;-0.89;0.000997676
-0.43;-0.88;0.00178369
-0.43;-0.87;0.00257022
-0.43;-0.86;0.00337485
-0.43;-0.85;0.00417754
-0.43;-0.84;0.00498433
-0.43;-0.83;0.0058021
-0.43;-0.82;0.00661831
-0.43;-0.81;0.00743716
-0.43;-0.8;0.00825628
-0.43;-0.79;0.00908384
-0.43;-0.78;0.00990473
-0.43;-0.77;0.0107229
-0.43;-0.76;0.0115365
-0.43;-0.75;0.0123448
-0.43;-0.74;0.0131557
-0.43;-0.73;0.0139594
-0.43;-0.72;0.0147527
-0.43;-0.71;0.0155298
-0.43;-0.7;0.0162991
-0.43;-0.69;0.0170566
-0.43;-0.68;0.0177961
-0.43;-0.67;0.0185218
-0.43;-0.66;0.0192281
-0.43;-0.65;0.0199079
-0.43;-0.64;0.0205659
-0.43;-0.63;0.0212019
-0.43;-0.62;0.0218091
-0.43;-0.61;0.0223886
-0.43;-0.6;0.0229344
-0.43;-0.59;0.0234442
-0.43;-0.58;0.0239139
-0.43;-0.57;0.0243371
-0.43;-0.56;0.0247252
-0.43;-0.55;0.0250595
-0.43;-0.54;0.025351
-0.43;-0.53;0.0255879
-0.43;-0.52;0.025768
-0.43;-0.51;0.0258905
-0.43;-0.5;0.0259536
-0.43;-0.49;0.025949
-0.43;-0.48;0.025874
-0.43;-0.47;0.0257264
-0.43;-0.46;0.0255027
-0.43;-0.45;0.0252065
-0.43;-0.44;0.0248207
-0.43;-0.43;0.0243515
-0.43;-0.42;0.0237965
-0.43;-0.41;0.0231532
-0.43;-0.4;0.0224177
-0.43;-0.39;0.0215875
-0.43;-0.38;0.0206541
-0.43;-0.37;0.0196215
-0.43;-0.36;0.018474
-0.43;-0.35;0.0172251
-0.43;-0.34;0.0158606
-0.43;-0.33;0.0144019
-0.43;-0.32;0.012822
-0.43;-0.31;0.011137
-0.43;-0.3;0.00935357
-0.43;-0.29;0.007451
-0.43;-0.28;0.0054446
-0.43;-0.27;0.00332747
-0.43;-0.26;0.0010936
-0.43;-0.25;2.8359e-33
-0.43;-0.24;2.89016e-33
-0.43;-0.23;2.94444e-33
-0.43;-0.22;2.99875e-33
-0.43;-0.21;3.05225e-33
-0.43;-0.2;3.11236e-33
-0.43;-0.19;3.16343e-33
-0.43;-0.18;3.21815e-33
-0.43;-0.17;3.23843e-33
-0.43;-0.16;3.27516e-33
-0.43;-0.15;3.38361e-33
-0.43;-0.14;3.37288e-33
-0.43;-0.13;3.40758e-33
-0.43;-0.12;3.53978e-33
-0.43;-0.11;3.57683e-33
-0.43;-0.1;3.63223e-33
-0.43;-0.09;3.55403e-33
-0.43;-0.08;3.70653e-33
-0.43;-0.07;3.74262e-33
-0.43;-0.06;3.65473e-33
-0.43;-0.05;3.67024e-33
-0.43;-0.04;3.8179e-33
-0.43;-0.03;3.83198e-33
-0.43;-0.02;3.77087e-33
-0.43;-0.01;3.85688e-33
-0.43;0;3.85414e-33
-0.43;0.01;3.78809e-33
-0.43;0.02;3.84341e-33
-0.43;0.03;3.83657e-33
-0.43;0.04;3.81467e-33
-0.43;0.05;3.79241e-33
-0.43;0.06;3.76867e-33
-0.43;0.07;3.7408e-33
-0.43;0.08;3.58366e-33
-0.43;0.09;3.55157e-33
-0.43;0.1;3.62312e-33
-0.43;0.11;3.58587e-33
-0.43;0.12;3.53557e-33
-0.43;0.13;3.49088e-33
-0.43;0.14;3.44103e-33
-0.43;0.15;3.38359e-33
-0.43;0.16;3.27561e-33
-0.43;0.17;3.27811e-33
-0.43;0.18;3.2182e-33
-0.43;0.19;8.81336e-20
-0.43;0.2;3.11093e-33
-0.43;0.21;3.05313e-33
-0.43;0.22;2.99832e-33
-0.43;0.23;8.18024e-20
-0.43;0.24;2.89174e-33
-0.43;0.25;2.83493e-33
-0.43;0.26;0.00109524
-0.43;0.27;0.00333112
-0.43;0.28;0.00543872
-0.43;0.29;0.00745619
-0.43;0.3;0.00934701
-0.43;0.31;0.0111353
-0.43;0.32;0.0128238
-0.43;0.33;0.0143972
-0.43;0.34;0.0158611
-0.43;0.35;0.0172246
-0.43;0.36;0.0184721
-0.43;0.37;0.0196208
-0.43;0.38;0.0206517
-0.43;0.39;0.021582
-0.43;0.4;0.0224192
-0.43;0.41;0.023152
-0.43;0.42;0.023801
-0.43;0.43;0.0243528
-0.43;0.44;0.0248171
-0.43;0.45;0.0252045
-0.43;0.46;0.0254993
-0.43;0.47;0.0257227
-0.43;0.48;0.0258713
-0.43;0.49;0.0259482
-0.43;0.5;0.025956
-0.43;0.51;0.0258917
-0.43;0.52;0.0257672
-0.43;0.53;0.0255866
-0.43;0.54;0.0253486
-0.43;0.55;0.0250576
-0.43;0.56;0.0247216
-0.43;0.57;0.024337
-0.43;0.58;0.0239105
-0.43;0.59;0.0234444
-0.43;0.6;0.022933
-0.43;0.61;0.0223867
-0.43;0.62;0.0218085
-0.43;0.63;0.0212058
-0.43;0.64;0.0205697
-0.43;0.65;0.0199101
-0.43;0.66;0.0192293
-0.43;0.67;0.0185231
-0.43;0.68;0.017793
-0.43;0.69;0.0170513
-0.43;0.7;0.0162997
-0.43;0.71;0.0155292
-0.43;0.72;0.0147485
-0.43;0.73;0.0139582
-0.43;0.74;0.0131563
-0.43;0.75;0.0123508
-0.43;0.76;0.0115391
-0.43;0.77;0.0107226
-0.43;0.78;0.00990229
-0.43;0.79;0.00907608
-0.43;0.8;0.00825509
-0.43;0.81;0.00744077
-0.43;0.82;0.00661989
-0.43;0.83;0.0058025
-0.43;0.84;0.00499265
-0.43;0.85;0.00417731
-0.43;0.86;0.00337418
-0.43;0.87;0.00257006
-0.43;0.88;0.00177888
-0.43;0.89;0.000995186
-0.43;0.9;0.000214985
-0.43;0.91;5.84291e-20
-0.43;0.92;1.05542e-33
-0.43;0.93;5.84291e-20
-0.43;0.94;1.04134e-33
-0.43;0.95;1.03541e-33
-0.43;0.96;1.02898e-33
-0.43;0.97;1.01884e-33
-0.43;0.98;1.01749e-33
-0.43;0.99;1.01123e-33
-0.42;-1;9.79928e-34
-0.42;-0.99;9.79928e-34
-0.42;-0.98;9.98525e-34
-0.42;-0.97;9.98525e-34
-0.42;-0.96;1.0154e-33
-0.42;-0.95;1.02094e-33
-0.42;-0.94;1.02731e-33
-0.42;-0.93;2.86215e-20
-0.42;-0.92;1.03992e-33
-0.42;-0.91;1.04688e-33
-0.42;-0.9;0.000577331
-0.42;-0.89;0.00134875
-0.42;-0.88;0.00212572
-0.42;-0.87;0.00290977
-0.42;-0.86;0.00370299
-0.42;-0.85;0.00449442
-0.42;-0.84;0.00529772
-0.42;-0.83;0.00610063
-0.42;-0.82;0.00690058
-0.42;-0.81;0.00771233
-0.42;-0.8;0.00852236
-0.42;-0.79;0.00932974
-0.42;-0.78;0.0101366
-0.42;-0.77;0.0109391
-0.42;-0.76;0.0117405
-0.42;-0.75;0.0125361
-0.42;-0.74;0.013322
-0.42;-0.73;0.0141033
-0.42;-0.72;0.0148713
-0.42;-0.71;0.0156281
-0.42;-0.7;0.0163765
-0.42;-0.69;0.0171102
-0.42;-0.68;0.0178236
-0.42;-0.67;0.0185161
-0.42;-0.66;0.0191931
-0.42;-0.65;0.0198469
-0.42;-0.64;0.0204784
-0.42;-0.63;0.0210788
-0.42;-0.62;0.0216473
-0.42;-0.61;0.0221882
-0.42;-0.6;0.022688
-0.42;-0.59;0.0231516
-0.42;-0.58;0.0235775
-0.42;-0.57;0.0239604
-0.42;-0.56;0.0242973
-0.42;-0.55;0.0245872
-0.42;-0.54;0.0248243
-0.42;-0.53;0.0250077
-0.42;-0.52;0.0251193
-0.42;-0.51;0.0251838
-0.42;-0.5;0.0251765
-0.42;-0.49;0.0251044
-0.42;-0.48;0.0249577
-0.42;-0.47;0.0247321
-0.42;-0.46;0.0244314
-0.42;-0.45;0.0240478
-0.42;-0.44;0.023577
-0.42;-0.43;0.0230206
-0.42;-0.42;0.0223704
-0.42;-0.41;0.0216223
-0.42;-0.4;0.020779
-0.42;-0.39;0.0198336
-0.42;-0.38;0.0187767
-0.42;-0.37;0.0176226
-0.42;-0.36;0.016351
-0.42;-0.35;0.0149558
-0.42;-0.34;0.0134568
-0.42;-0.33;0.0118471
-0.42;-0.32;0.0101061
-0.42;-0.31;0.00825416
-0.42;-0.3;0.00628337
-0.42;-0.29;0.00419877
-0.42;-0.28;0.00200599
-0.42;-0.27;2.70054e-33
-0.42;-0.26;2.74754e-33
-0.42;-0.25;1.56924e-19
-0.42;-0.24;2.85847e-33
-0.42;-0.23;2.91593e-33
-0.42;-0.22;2.97106e-33
-0.42;-0.21;3.02438e-33
-0.42;-0.2;3.08318e-33
-0.42;-0.19;3.14432e-33
-0.42;-0.18;3.19291e-33
-0.42;-0.17;3.20118e-33
-0.42;-0.16;3.31296e-33
-0.42;-0.15;3.36457e-33
-0.42;-0.14;3.42175e-33
-0.42;-0.13;3.37288e-33
-0.42;-0.12;3.52657e-33
-0.42;-0.11;3.44232e-33
-0.42;-0.1;3.50456e-33
-0.42;-0.09;3.65851e-33
-0.42;-0.08;3.69549e-33
-0.42;-0.07;3.73529e-33
-0.42;-0.06;3.76704e-33
-0.42;-0.05;3.79031e-33
-0.42;-0.04;3.81693e-33
-0.42;-0.03;3.83137e-33
-0.42;-0.02;3.84602e-33
-0.42;-0.01;3.85692e-33
-0.42;0;3.85415e-33
-0.42;0.01;3.77031e-33
-0.42;0.02;3.84288e-33
-0.42;0.03;3.83606e-33
-0.42;0.04;3.67966e-33
-0.42;0.05;3.65409e-33
-0.42;0.06;3.76468e-33
-0.42;0.07;3.73446e-33
-0.42;0.08;3.70177e-33
-0.42;0.09;3.66033e-33
-0.42;0.1;3.6133e-33
-0.42;0.11;3.57085e-33
-0.42;0.12;3.5221e-33
-0.42;0.13;3.3727e-33
-0.42;0.14;3.42136e-33
-0.42;0.15;3.27561e-33
-0.42;0.16;3.31197e-33
-0.42;0.17;3.20083e-33
-0.42;0.18;3.16941e-33
-0.42;0.19;3.14496e-33
-0.42;0.2;3.08207e-33
-0.42;0.21;3.01943e-33
-0.42;0.22;2.97109e-33
-0.42;0.23;2.91809e-33
-0.42;0.24;2.85869e-33
-0.42;0.25;2.80499e-33
-0.42;0.26;2.75263e-33
-0.42;0.27;2.70054e-33
-0.42;0.28;0.00200572
-0.42;0.29;0.00419983
-0.42;0.3;0.00629366
-0.42;0.31;0.00825039
-0.42;0.32;0.0101171
-0.42;0.33;0.011841
-0.42;0.34;0.0134587
-0.42;0.35;0.0149651
-0.42;0.36;0.0163546
-0.42;0.37;0.0176241
-0.42;0.38;0.0187818
-0.42;0.39;0.0198306
-0.42;0.4;0.0207793
-0.42;0.41;0.0216186
-0.42;0.42;0.022375
-0.42;0.43;0.0230218
-0.42;0.44;0.0235747
-0.42;0.45;0.0240449
-0.42;0.46;0.0244292
-0.42;0.47;0.0247305
-0.42;0.48;0.0249551
-0.42;0.49;0.0251029
-0.42;0.5;0.025178
-0.42;0.51;0.0251854
-0.42;0.52;0.0251301
-0.42;0.53;0.0250096
-0.42;0.54;0.0248261
-0.42;0.55;0.0245874
-0.42;0.56;0.0243007
-0.42;0.57;0.0239621
-0.42;0.58;0.0235832
-0.42;0.59;0.023151
-0.42;0.6;0.0226889
-0.42;0.61;0.0221867
-0.42;0.62;0.0216501
-0.42;0.63;0.021081
-0.42;0.64;0.0204755
-0.42;0.65;0.0198438
-0.42;0.66;0.0191904
-0.42;0.67;0.0185145
-0.42;0.68;0.0178218
-0.42;0.69;0.0171095
-0.42;0.7;0.0163763
-0.42;0.71;0.0156281
-0.42;0.72;0.0148701
-0.42;0.73;0.014098
-0.42;0.74;0.0133222
-0.42;0.75;0.0125353
-0.42;0.76;0.0117411
-0.42;0.77;0.0109397
-0.42;0.78;0.0101365
-0.42;0.79;0.00932878
-0.42;0.8;0.00852149
-0.42;0.81;0.00771315
-0.42;0.82;0.00690818
-0.42;0.83;0.00609611
-0.42;0.84;0.00529705
-0.42;0.85;0.00449441
-0.42;0.86;0.00370378
-0.42;0.87;0.00291441
-0.42;0.88;0.00212587
-0.42;0.89;0.00134899
-0.42;0.9;0.000577706
-0.42;0.91;1.04725e-33
-0.42;0.92;5.84291e-20
-0.42;0.93;1.03391e-33
-0.42;0.94;1.02747e-33
-0.42;0.95;1.02104e-33
-0.42;0.96;1.01555e-33
-0.42;0.97;1.00928e-33
-0.42;0.98;1.00302e-33
-0.42;0.99;9.983e-34
-0.41;-1;9.79928e-34
-0.41;-0.99;9.79928e-34
-0.41;-0.98;9.79928e-34
-0.41;-0.97;9.9556e-34
-0.41;-0.96;9.98525e-34
-0.41;-0.95;1.00702e-33
-0.41;-0.94;1.01341e-33
-0.41;-0.93;1.01946e-33
-0.41;-0.92;1.02582e-33
-0.41;-0.91;0.000156685
-0.41;-0.9;0.000915633
-0.41;-0.89;0.00168215
-0.41;-0.88;0.00244722
-0.41;-0.87;0.00323079
-0.41;-0.86;0.00401178
-0.41;-0.85;0.00479515
-0.41;-0.84;0.00558811
-0.41;-0.83;0.00637688
-0.41;-0.82;0.00717375
-0.41;-0.81;0.00796931
-0.41;-0.8;0.0087589
-0.41;-0.79;0.00955588
-0.41;-0.78;0.0103487
-0.41;-0.77;0.0111355
-0.41;-0.76;0.0119193
-0.41;-0.75;0.012693
-0.41;-0.74;0.0134616
-0.41;-0.73;0.0142239
-0.41;-0.72;0.0149749
-0.41;-0.71;0.0157116
-0.41;-0.7;0.0164303
-0.41;-0.69;0.0171381
-0.41;-0.68;0.0178237
-0.41;-0.67;0.0184953
-0.41;-0.66;0.0191438
-0.41;-0.65;0.0197656
-0.41;-0.64;0.0203613
-0.41;-0.63;0.0209238
-0.41;-0.62;0.0214552
-0.41;-0.61;0.021956
-0.41;-0.6;0.0224199
-0.41;-0.59;0.0228466
-0.41;-0.58;0.0232304
-0.41;-0.57;0.0235698
-0.41;-0.56;0.0238575
-0.41;-0.55;0.0240885
-0.41;-0.54;0.0242694
-0.41;-0.53;0.0243914
-0.41;-0.52;0.0244506
-0.41;-0.51;0.0244488
-0.41;-0.5;0.0243711
-0.41;-0.49;0.0242339
-0.41;-0.48;0.0240115
-0.41;-0.47;0.023711
-0.41;-0.46;0.0233322
-0.41;-0.45;0.0228628
-0.41;-0.44;0.022305
-0.41;-0.43;0.021652
-0.41;-0.42;0.0209075
-0.41;-0.41;0.0200641
-0.41;-0.4;0.0191006
-0.41;-0.39;0.0180408
-0.41;-0.38;0.0168679
-0.41;-0.37;0.0155846
-0.41;-0.36;0.0141856
-0.41;-0.35;0.0126588
-0.41;-0.34;0.0110133
-0.41;-0.33;0.0092412
-0.41;-0.32;0.00734394
-0.41;-0.31;0.00531858
-0.41;-0.3;0.00316484
-0.41;-0.29;0.000890096
-0.41;-0.28;1.48214e-19
-0.41;-0.27;2.66688e-33
-0.41;-0.26;2.71859e-33
-0.41;-0.25;2.76944e-33
-0.41;-0.24;2.82599e-33
-0.41;-0.23;-1.63501e-19
-0.41;-0.22;2.94006e-33
-0.41;-0.21;2.98658e-33
-0.41;-0.2;3.05295e-33
-0.41;-0.19;3.11667e-33
-0.41;-0.18;3.17151e-33
-0.41;-0.17;3.16732e-33
-0.41;-0.16;3.28923e-33
-0.41;-0.15;3.35052e-33
-0.41;-0.14;3.3997e-33
-0.41;-0.13;3.34682e-33
-0.41;-0.12;3.51449e-33
-0.41;-0.11;3.40758e-33
-0.41;-0.1;3.60311e-33
-0.41;-0.09;3.65099e-33
-0.41;-0.08;3.53176e-33
-0.41;-0.07;3.55403e-33
-0.41;-0.06;3.76433e-33
-0.41;-0.05;3.78701e-33
-0.41;-0.04;3.65473e-33
-0.41;-0.03;3.83076e-33
-0.41;-0.02;3.84558e-33
-0.41;-0.01;3.73846e-33
-0.41;0;3.85417e-33
-0.41;0.01;3.85384e-33
-0.41;0.02;3.84236e-33
-0.41;0.03;3.67966e-33
-0.41;0.04;3.81007e-33
-0.41;0.05;3.62901e-33
-0.41;0.06;3.58366e-33
-0.41;0.07;3.72994e-33
-0.41;0.08;3.69254e-33
-0.41;0.09;3.64796e-33
-0.41;0.1;3.60021e-33
-0.41;0.11;3.55784e-33
-0.41;0.12;3.3727e-33
-0.41;0.13;3.45742e-33
-0.41;0.14;3.39991e-33
-0.41;0.15;3.34723e-33
-0.41;0.16;3.2892e-33
-0.41;0.17;3.22739e-33
-0.41;0.18;3.17329e-33
-0.41;0.19;3.11551e-33
-0.41;0.2;3.01943e-33
-0.41;0.21;2.99741e-33
-0.41;0.22;2.94149e-33
-0.41;0.23;2.8851e-33
-0.41;0.24;7.85069e-20
-0.41;0.25;2.77337e-33
-0.41;0.26;2.71922e-33
-0.41;0.27;2.66653e-33
-0.41;0.28;2.61294e-33
-0.41;0.29;0.000889918
-0.41;0.3;0.00317025
-0.41;0.31;0.00532175
-0.41;0.32;0.00734648
-0.41;0.33;0.00924717
-0.41;0.34;0.0110138
-0.41;0.35;0.0126547
-0.41;0.36;0.0141828
-0.41;0.37;0.0155845
-0.41;0.38;0.016868
-0.41;0.39;0.0180454
-0.41;0.4;0.0191029
-0.41;0.41;0.0200574
-0.41;0.42;0.0209119
-0.41;0.43;0.0216536
-0.41;0.44;0.0223101
-0.41;0.45;0.0228608
-0.41;0.46;0.0233375
-0.41;0.47;0.0237118
-0.41;0.48;0.0240102
-0.41;0.49;0.0242334
-0.41;0.5;0.0243754
-0.41;0.51;0.0244461
-0.41;0.52;0.0244521
-0.41;0.53;0.0243918
-0.41;0.54;0.0242707
-0.41;0.55;0.0240888
-0.41;0.56;0.0238564
-0.41;0.57;0.0235669
-0.41;0.58;0.0232272
-0.41;0.59;0.0228478
-0.41;0.6;0.0224206
-0.41;0.61;0.0219548
-0.41;0.62;0.0214553
-0.41;0.63;0.0209215
-0.41;0.64;0.0203593
-0.41;0.65;0.0197677
-0.41;0.66;0.0191451
-0.41;0.67;0.0184931
-0.41;0.68;0.0178268
-0.41;0.69;0.0171337
-0.41;0.7;0.0164293
-0.41;0.71;0.0157082
-0.41;0.72;0.0149726
-0.41;0.73;0.0142243
-0.41;0.74;0.0134615
-0.41;0.75;0.0126935
-0.41;0.76;0.01192
-0.41;0.77;0.0111358
-0.41;0.78;0.0103497
-0.41;0.79;0.00955646
-0.41;0.8;0.00875754
-0.41;0.81;0.00796319
-0.41;0.82;0.00717342
-0.41;0.83;0.00638011
-0.41;0.84;0.00558859
-0.41;0.85;0.00479958
-0.41;0.86;0.00400895
-0.41;0.87;0.00322911
-0.41;0.88;0.00245296
-0.41;0.89;0.00168228
-0.41;0.9;0.000915951
-0.41;0.91;0.000153767
-0.41;0.92;1.02597e-33
-0.41;0.93;1.01953e-33
-0.41;0.94;1.0136e-33
-0.41;0.95;1.00734e-33
-0.41;0.96;1.00108e-33
-0.41;0.97;9.96043e-34
-0.41;0.98;9.90299e-34
-0.41;0.99;9.84555e-34
-0.4;-1;9.6719e-34
-0.4;-0.99;9.72332e-34
-0.4;-0.98;9.77474e-34
-0.4;-0.97;9.79928e-34
-0.4;-0.96;9.87611e-34
-0.4;-0.95;9.93318e-34
-0.4;-0.94;9.98631e-34
-0.4;-0.93;1.00503e-33
-0.4;-0.92;1.01143e-33
-0.4;-0.91;0.000486501
-0.4;-0.9;0.00124037
-0.4;-0.89;0.00199593
-0.4;-0.88;0.00275997
-0.4;-0.87;0.00353126
-0.4;-0.86;0.00429902
-0.4;-0.85;0.00507961
-0.4;-0.84;0.00585496
-0.4;-0.83;0.00664139
-0.4;-0.82;0.00742356
-0.4;-0.81;0.00820449
-0.4;-0.8;0.00898715
-0.4;-0.79;0.00976212
-0.4;-0.78;0.0105376
-0.4;-0.77;0.011313
-0.4;-0.76;0.012079
-0.4;-0.75;0.0128374
-0.4;-0.74;0.0135889
-0.4;-0.73;0.0143264
-0.4;-0.72;0.0150512
-0.4;-0.71;0.0157657
-0.4;-0.7;0.0164676
-0.4;-0.69;0.01715
-0.4;-0.68;0.0178082
-0.4;-0.67;0.0184504
-0.4;-0.66;0.0190637
-0.4;-0.65;0.0196525
-0.4;-0.64;0.0202166
-0.4;-0.63;0.0207507
-0.4;-0.62;0.02125
-0.4;-0.61;0.0217135
-0.4;-0.6;0.0221334
-0.4;-0.59;0.0225183
-0.4;-0.58;0.0228508
-0.4;-0.57;0.02314
-0.4;-0.56;0.0233709
-0.4;-0.55;0.0235583
-0.4;-0.54;0.0236887
-0.4;-0.53;0.0237524
-0.4;-0.52;0.0237566
-0.4;-0.51;0.0236901
-0.4;-0.5;0.0235498
-0.4;-0.49;0.0233382
-0.4;-0.48;0.023047
-0.4;-0.47;0.0226703
-0.4;-0.46;0.022211
-0.4;-0.45;0.0216616
-0.4;-0.44;0.0210097
-0.4;-0.43;0.0202655
-0.4;-0.42;0.0194151
-0.4;-0.41;0.0184671
-0.4;-0.4;0.0173991
-0.4;-0.39;0.0162217
-0.4;-0.38;0.0149281
-0.4;-0.37;0.0135199
-0.4;-0.36;0.0119746
-0.4;-0.35;0.0103107
-0.4;-0.34;0.00851212
-0.4;-0.33;0.00658485
-0.4;-0.32;0.00452946
-0.4;-0.31;0.00233054
-0.4;-0.3;2.51522e-06
-0.4;-0.29;3.54759e-20
-0.4;-0.28;2.5783e-33
-0.4;-0.27;2.62924e-33
-0.4;-0.26;2.6868e-33
-0.4;-0.25;2.7359e-33
-0.4;-0.24;2.79171e-33
-0.4;-0.23;2.85055e-33
-0.4;-0.22;2.90816e-33
-0.4;-0.21;2.94804e-33
-0.4;-0.2;3.02508e-33
-0.4;-0.19;3.01932e-33
-0.4;-0.18;3.05886e-33
-0.4;-0.17;3.19956e-33
-0.4;-0.16;3.26377e-33
-0.4;-0.15;3.20118e-33
-0.4;-0.14;3.38165e-33
-0.4;-0.13;3.43939e-33
-0.4;-0.12;3.50456e-33
-0.4;-0.11;3.54556e-33
-0.4;-0.1;3.58996e-33
-0.4;-0.09;3.64566e-33
-0.4;-0.08;3.67905e-33
-0.4;-0.07;3.72657e-33
-0.4;-0.06;3.76161e-33
-0.4;-0.05;3.57279e-33
-0.4;-0.04;3.81499e-33
-0.4;-0.03;3.65473e-33
-0.4;-0.02;3.67024e-33
-0.4;-0.01;3.72223e-33
-0.4;0;3.85419e-33
-0.4;0.01;3.72092e-33
-0.4;0.02;3.84079e-33
-0.4;0.03;3.83503e-33
-0.4;0.04;3.80492e-33
-0.4;0.05;3.78913e-33
-0.4;0.06;3.7567e-33
-0.4;0.07;3.72542e-33
-0.4;0.08;3.68633e-33
-0.4;0.09;3.44089e-33
-0.4;0.1;3.59303e-33
-0.4;0.11;3.54206e-33
-0.4;0.12;3.34302e-33
-0.4;0.13;3.43811e-33
-0.4;0.14;3.23895e-33
-0.4;0.15;3.20083e-33
-0.4;0.16;3.16941e-33
-0.4;0.17;3.19933e-33
-0.4;0.18;3.05989e-33
-0.4;0.19;3.08428e-33
-0.4;0.2;3.02533e-33
-0.4;0.21;2.96847e-33
-0.4;0.22;2.9104e-33
-0.4;0.23;2.83111e-33
-0.4;0.24;2.79592e-33
-0.4;0.25;2.7392e-33
-0.4;0.26;2.68646e-33
-0.4;0.27;2.62921e-33
-0.4;0.28;2.57692e-33
-0.4;0.29;2.52414e-33
-0.4;0.3;2.51946e-06
-0.4;0.31;0.00233357
-0.4;0.32;0.00452867
-0.4;0.33;0.00658939
-0.4;0.34;0.00851467
-0.4;0.35;0.01031
-0.4;0.36;0.0119752
-0.4;0.37;0.0135202
-0.4;0.38;0.0149274
-0.4;0.39;0.0162221
-0.4;0.4;0.0173972
-0.4;0.41;0.0184659
-0.4;0.42;0.0194248
-0.4;0.43;0.0202644
-0.4;0.44;0.0210086
-0.4;0.45;0.0216583
-0.4;0.46;0.0222122
-0.4;0.47;0.0226727
-0.4;0.48;0.0230463
-0.4;0.49;0.0233377
-0.4;0.5;0.0235512
-0.4;0.51;0.0236912
-0.4;0.52;0.0237541
-0.4;0.53;0.0237553
-0.4;0.54;0.0236887
-0.4;0.55;0.0235602
-0.4;0.56;0.0233775
-0.4;0.57;0.0231408
-0.4;0.58;0.0228524
-0.4;0.59;0.0225184
-0.4;0.6;0.0221361
-0.4;0.61;0.0217143
-0.4;0.62;0.0212503
-0.4;0.63;0.0207507
-0.4;0.64;0.0202188
-0.4;0.65;0.0196547
-0.4;0.66;0.0190663
-0.4;0.67;0.0184501
-0.4;0.68;0.0178107
-0.4;0.69;0.0171517
-0.4;0.7;0.0164686
-0.4;0.71;0.0157681
-0.4;0.72;0.0150561
-0.4;0.73;0.0143266
-0.4;0.74;0.0135888
-0.4;0.75;0.0128384
-0.4;0.76;0.0120793
-0.4;0.77;0.0113124
-0.4;0.78;0.0105382
-0.4;0.79;0.00976606
-0.4;0.8;0.00898691
-0.4;0.81;0.00820469
-0.4;0.82;0.00742316
-0.4;0.83;0.0066373
-0.4;0.84;0.00586002
-0.4;0.85;0.00508036
-0.4;0.86;0.00430296
-0.4;0.87;0.00353134
-0.4;0.88;0.00275983
-0.4;0.89;0.00199509
-0.4;0.9;0.00123617
-0.4;0.91;0.000486593
-0.4;0.92;1.01165e-33
-0.4;0.93;1.00539e-33
-0.4;0.94;9.99132e-34
-0.4;0.95;9.93786e-34
-0.4;0.96;9.88042e-34
-0.4;0.97;9.82299e-34
-0.4;0.98;9.7772e-34
-0.4;0.99;9.72296e-34
-0.39;-1;9.45718e-34
-0.39;-0.99;9.45718e-34
-0.39;-0.98;9.64721e-34
-0.39;-0.97;9.69863e-34
-0.39;-0.96;9.75005e-34
-0.39;-0.95;9.79928e-34
-0.39;-0.94;9.85369e-34
-0.39;-0.93;9.91075e-34
-0.39;-0.92;5.94515e-05
-0.39;-0.91;0.000798878
-0.39;-0.9;0.00153865
-0.39;-0.89;0.0022926
-0.39;-0.88;0.00305232
-0.39;-0.87;0.00381337
-0.39;-0.86;0.00457531
-0.39;-0.85;0.00534597
-0.39;-0.84;0.00611154
-0.39;-0.83;0.00688302
-0.39;-0.82;0.00765405
-0.39;-0.81;0.00842381
-0.39;-0.8;0.00919119
-0.39;-0.79;0.00995768
-0.39;-0.78;0.0107187
-0.39;-0.77;0.011471
-0.39;-0.76;0.012224
-0.39;-0.75;0.01296
-0.39;-0.74;0.0136905
-0.39;-0.73;0.0144147
-0.39;-0.72;0.0151192
-0.39;-0.71;0.0158081
-0.39;-0.7;0.0164821
-0.39;-0.69;0.0171345
-0.39;-0.68;0.0177751
-0.39;-0.67;0.0183846
-0.39;-0.66;0.0189721
-0.39;-0.65;0.0195348
-0.39;-0.64;0.0200618
-0.39;-0.63;0.020556
-0.39;-0.62;0.021017
-0.39;-0.61;0.0214429
-0.39;-0.6;0.0218216
-0.39;-0.59;0.0221616
-0.39;-0.58;0.0224532
-0.39;-0.57;0.0226961
-0.39;-0.56;0.0228833
-0.39;-0.55;0.023011
-0.39;-0.54;0.023092
-0.39;-0.53;0.0231013
-0.39;-0.52;0.0230447
-0.39;-0.51;0.0229147
-0.39;-0.5;0.0227095
-0.39;-0.49;0.022426
-0.39;-0.48;0.022063
-0.39;-0.47;0.0216137
-0.39;-0.46;0.0210673
-0.39;-0.45;0.0204323
-0.39;-0.44;0.0196932
-0.39;-0.43;0.0188526
-0.39;-0.42;0.0179078
-0.39;-0.41;0.0168473
-0.39;-0.4;0.0156703
-0.39;-0.39;0.0143741
-0.39;-0.38;0.0129628
-0.39;-0.37;0.0114189
-0.39;-0.36;0.0097429
-0.39;-0.35;0.00793466
-0.39;-0.34;0.00598139
-0.39;-0.33;0.00389584
-0.39;-0.32;0.00165897
-0.39;-0.31;2.39259e-33
-0.39;-0.3;2.4374e-33
-0.39;-0.29;1.41903e-19
-0.39;-0.28;-1.41903e-19
-0.39;-0.27;2.59282e-33
-0.39;-0.26;-1.50638e-19
-0.39;-0.25;2.70387e-33
-0.39;-0.24;2.75148e-33
-0.39;-0.23;2.81623e-33
-0.39;-0.22;2.83226e-33
-0.39;-0.21;2.93568e-33
-0.39;-0.2;2.94804e-33
-0.39;-0.19;3.05365e-33
-0.39;-0.18;3.12097e-33
-0.39;-0.17;3.17816e-33
-0.39;-0.16;3.23611e-33
-0.39;-0.15;3.16732e-33
-0.39;-0.14;3.36144e-33
-0.39;-0.13;3.42198e-33
-0.39;-0.12;3.47808e-33
-0.39;-0.11;3.34682e-33
-0.39;-0.1;3.37288e-33
-0.39;-0.09;3.40758e-33
-0.39;-0.08;3.66742e-33
-0.39;-0.07;3.72223e-33
-0.39;-0.06;3.53176e-33
-0.39;-0.05;3.77841e-33
-0.39;-0.04;3.81059e-33
-0.39;-0.03;3.82768e-33
-0.39;-0.02;3.84278e-33
-0.39;-0.01;3.67024e-33
-0.39;0;3.85421e-33
-0.39;0.01;3.85328e-33
-0.39;0.02;3.84062e-33
-0.39;0.03;3.62901e-33
-0.39;0.04;3.80296e-33
-0.39;0.05;3.78413e-33
-0.39;0.06;3.52657e-33
-0.39;0.07;3.50317e-33
-0.39;0.08;3.67502e-33
-0.39;0.09;3.4079e-33
-0.39;0.1;3.58586e-33
-0.39;0.11;3.53144e-33
-0.39;0.12;3.27561e-33
-0.39;0.13;3.23895e-33
-0.39;0.14;3.20083e-33
-0.39;0.15;3.30028e-33
-0.39;0.16;3.23658e-33
-0.39;0.17;3.05989e-33
-0.39;0.18;3.1201e-33
-0.39;0.19;3.05456e-33
-0.39;0.2;2.94922e-33
-0.39;0.21;2.93724e-33
-0.39;0.22;2.87847e-33
-0.39;0.23;2.8162e-33
-0.39;0.24;2.76225e-33
-0.39;0.25;2.70396e-33
-0.39;0.26;2.64862e-33
-0.39;0.27;2.59252e-33
-0.39;0.28;2.53889e-33
-0.39;0.29;2.48798e-33
-0.39;0.3;6.77218e-20
-0.39;0.31;2.39437e-33
-0.39;0.32;0.00167066
-0.39;0.33;0.00389792
-0.39;0.34;0.00598306
-0.39;0.35;0.00792798
-0.39;0.36;0.00974518
-0.39;0.37;0.0114222
-0.39;0.38;0.0129563
-0.39;0.39;0.0143826
-0.39;0.4;0.0156735
-0.39;0.41;0.0168446
-0.39;0.42;0.017907
-0.39;0.43;0.0188541
-0.39;0.44;0.0196921
-0.39;0.45;0.0204335
-0.39;0.46;0.021067
-0.39;0.47;0.0216095
-0.39;0.48;0.022066
-0.39;0.49;0.0224279
-0.39;0.5;0.0227141
-0.39;0.51;0.0229173
-0.39;0.52;0.0230427
-0.39;0.53;0.0231
-0.39;0.54;0.023092
-0.39;0.55;0.0230171
-0.39;0.56;0.0228867
-0.39;0.57;0.0226958
-0.39;0.58;0.0224573
-0.39;0.59;0.0221611
-0.39;0.6;0.0218232
-0.39;0.61;0.0214399
-0.39;0.62;0.0210169
-0.39;0.63;0.020556
-0.39;0.64;0.0200631
-0.39;0.65;0.0195363
-0.39;0.66;0.0189702
-0.39;0.67;0.0183882
-0.39;0.68;0.0177736
-0.39;0.69;0.0171373
-0.39;0.7;0.0164841
-0.39;0.71;0.0158075
-0.39;0.72;0.0151185
-0.39;0.73;0.014414
-0.39;0.74;0.0136907
-0.39;0.75;0.0129596
-0.39;0.76;0.0122215
-0.39;0.77;0.0114732
-0.39;0.78;0.0107198
-0.39;0.79;0.00995746
-0.39;0.8;0.00919316
-0.39;0.81;0.00842396
-0.39;0.82;0.00764934
-0.39;0.83;0.0068837
-0.39;0.84;0.0061126
-0.39;0.85;0.00534119
-0.39;0.86;0.00457429
-0.39;0.87;0.00380907
-0.39;0.88;0.00305174
-0.39;0.89;0.00229555
-0.39;0.9;0.00153916
-0.39;0.91;0.000799183
-0.39;0.92;5.94843e-05
-0.39;0.93;9.91529e-34
-0.39;0.94;9.85786e-34
-0.39;0.95;9.80309e-34
-0.39;0.96;9.75116e-34
-0.39;0.97;5.40527e-20
-0.39;0.98;9.64268e-34
-0.39;0.99;9.4557e-34
-0.38;-1;9.30045e-34
-0.38;-0.99;9.45718e-34
-0.38;-0.98;9.45718e-34
-0.38;-0.97;9.57929e-34
-0.38;-0.96;9.62649e-34
-0.38;-0.95;9.67395e-34
-0.38;-0.94;9.72537e-34
-0.38;-0.93;9.77679e-34
-0.38;-0.92;0.000364088
-0.38;-0.91;0.00109358
-0.38;-0.9;0.00183315
-0.38;-0.89;0.00257627
-0.38;-0.88;0.00332271
-0.38;-0.87;0.00407619
-0.38;-0.86;0.0048323
-0.38;-0.85;0.0055871
-0.38;-0.84;0.00635041
-0.38;-0.83;0.00711127
-0.38;-0.82;0.00786848
-0.38;-0.81;0.00862532
-0.38;-0.8;0.00937551
-0.38;-0.79;0.0101306
-0.38;-0.78;0.010877
-0.38;-0.77;0.0116159
-0.38;-0.76;0.0123476
-0.38;-0.75;0.0130676
-0.38;-0.74;0.0137796
-0.38;-0.73;0.0144746
-0.38;-0.72;0.0151578
-0.38;-0.71;0.0158305
-0.38;-0.7;0.016481
-0.38;-0.69;0.0171123
-0.38;-0.68;0.0177205
-0.38;-0.67;0.0183017
-0.38;-0.66;0.0188609
-0.38;-0.65;0.0193848
-0.38;-0.64;0.0198835
-0.38;-0.63;0.0203451
-0.38;-0.62;0.0207686
-0.38;-0.61;0.0211581
-0.38;-0.6;0.0214951
-0.38;-0.59;0.0217957
-0.38;-0.58;0.0220473
-0.38;-0.57;0.022243
-0.38;-0.56;0.0223835
-0.38;-0.55;0.0224644
-0.38;-0.54;0.0224812
-0.38;-0.53;0.0224297
-0.38;-0.52;0.0223159
-0.38;-0.51;0.0221202
-0.38;-0.5;0.0218511
-0.38;-0.49;0.0214989
-0.38;-0.48;0.0210604
-0.38;-0.47;0.0205337
-0.38;-0.46;0.0199087
-0.38;-0.45;0.0191869
-0.38;-0.44;0.0183505
-0.38;-0.43;0.0174214
-0.38;-0.42;0.0163767
-0.38;-0.41;0.0152158
-0.38;-0.4;0.0139239
-0.38;-0.39;0.0125149
-0.38;-0.38;0.0109691
-0.38;-0.37;0.00929743
-0.38;-0.36;0.00748361
-0.38;-0.35;0.00552833
-0.38;-0.34;0.00343104
-0.38;-0.33;0.001179
-0.38;-0.32;2.31018e-33
-0.38;-0.31;2.35614e-33
-0.38;-0.3;2.40182e-33
-0.38;-0.29;2.44929e-33
-0.38;-0.28;2.50267e-33
-0.38;-0.27;2.55663e-33
-0.38;-0.26;2.61082e-33
-0.38;-0.25;2.66777e-33
-0.38;-0.24;2.72425e-33
-0.38;-0.23;2.75148e-33
-0.38;-0.22;2.84264e-33
-0.38;-0.21;2.83226e-33
-0.38;-0.2;2.96554e-33
-0.38;-0.19;3.02578e-33
-0.38;-0.18;2.98658e-33
-0.38;-0.17;3.15324e-33
-0.38;-0.16;3.05886e-33
-0.38;-0.15;3.28067e-33
-0.38;-0.14;3.34062e-33
-0.38;-0.13;3.39773e-33
-0.38;-0.12;3.45786e-33
-0.38;-0.11;3.51983e-33
-0.38;-0.1;3.56374e-33
-0.38;-0.09;3.37288e-33
-0.38;-0.08;3.66234e-33
-0.38;-0.07;3.72223e-33
-0.38;-0.06;3.74935e-33
-0.38;-0.05;3.77638e-33
-0.38;-0.04;3.80787e-33
-0.38;-0.03;3.82652e-33
-0.38;-0.02;3.84193e-33
-0.38;-0.01;3.85592e-33
-0.38;0;3.67966e-33
-0.38;0.01;3.853e-33
-0.38;0.02;3.84045e-33
-0.38;0.03;3.82999e-33
-0.38;0.04;3.55157e-33
-0.38;0.05;3.52657e-33
-0.38;0.06;3.50317e-33
-0.38;0.07;3.71044e-33
-0.38;0.08;3.66664e-33
-0.38;0.09;3.6155e-33
-0.38;0.1;3.34302e-33
-0.38;0.11;3.27561e-33
-0.38;0.12;3.4595e-33
-0.38;0.13;3.39791e-33
-0.38;0.14;3.16941e-33
-0.38;0.15;3.13819e-33
-0.38;0.16;3.21319e-33
-0.38;0.17;3.01943e-33
-0.38;0.18;3.0865e-33
-0.38;0.19;2.94922e-33
-0.38;0.2;2.96584e-33
-0.38;0.21;2.90377e-33
-0.38;0.22;2.84203e-33
-0.38;0.23;2.78232e-33
-0.38;0.24;2.72576e-33
-0.38;0.25;2.66741e-33
-0.38;0.26;2.61097e-33
-0.38;0.27;2.55364e-33
-0.38;0.28;2.5007e-33
-0.38;0.29;2.45294e-33
-0.38;0.3;2.40384e-33
-0.38;0.31;2.35691e-33
-0.38;0.32;2.31266e-33
-0.38;0.33;0.00118226
-0.38;0.34;0.00343024
-0.38;0.35;0.0055356
-0.38;0.36;0.00749347
-0.38;0.37;0.00930592
-0.38;0.38;0.0109706
-0.38;0.39;0.0125207
-0.38;0.4;0.0139256
-0.38;0.41;0.0152123
-0.38;0.42;0.0163757
-0.38;0.43;0.0174273
-0.38;0.44;0.0183589
-0.38;0.45;0.0191875
-0.38;0.46;0.0199057
-0.38;0.47;0.0205238
-0.38;0.48;0.0210586
-0.38;0.49;0.0215001
-0.38;0.5;0.0218509
-0.38;0.51;0.0221167
-0.38;0.52;0.0223145
-0.38;0.53;0.0224334
-0.38;0.54;0.0224798
-0.38;0.55;0.0224599
-0.38;0.56;0.0223836
-0.38;0.57;0.0222419
-0.38;0.58;0.0220456
-0.38;0.59;0.0217991
-0.38;0.6;0.0214969
-0.38;0.61;0.0211544
-0.38;0.62;0.0207697
-0.38;0.63;0.0203447
-0.38;0.64;0.0198806
-0.38;0.65;0.0193884
-0.38;0.66;0.0188573
-0.38;0.67;0.0183008
-0.38;0.68;0.0177204
-0.38;0.69;0.0171129
-0.38;0.7;0.0164819
-0.38;0.71;0.01583
-0.38;0.72;0.0151614
-0.38;0.73;0.0144754
-0.38;0.74;0.013776
-0.38;0.75;0.013068
-0.38;0.76;0.0123472
-0.38;0.77;0.0116157
-0.38;0.78;0.0108754
-0.38;0.79;0.0101269
-0.38;0.8;0.0093796
-0.38;0.81;0.00862474
-0.38;0.82;0.00786876
-0.38;0.83;0.00711051
-0.38;0.84;0.00634719
-0.38;0.85;0.00558688
-0.38;0.86;0.0048321
-0.38;0.87;0.00407857
-0.38;0.88;0.00332288
-0.38;0.89;0.00257895
-0.38;0.9;0.0018337
-0.38;0.91;0.00109392
-0.38;0.92;0.00036424
-0.38;0.93;9.77936e-34
-0.38;0.94;9.72512e-34
-0.38;0.95;-5.40527e-20
-0.38;0.96;9.62082e-34
-0.38;0.97;9.57479e-34
-0.38;0.98;9.4557e-34
-0.38;0.99;9.4557e-34
-0.37;-1;9.30045e-34
-0.37;-0.99;9.30045e-34
-0.37;-0.98;9.41623e-34
-0.37;-0.97;9.45718e-34
-0.37;-0.96;9.50252e-34
-0.37;-0.95;9.55133e-34
-0.37;-0.94;9.60014e-34
-0.37;-0.93;9.64926e-34
-0.37;-0.92;0.000646588
-0.37;-0.91;0.00137398
-0.37;-0.9;0.00211058
-0.37;-0.89;0.00284572
-0.37;-0.88;0.00358892
-0.37;-0.87;0.00432993
-0.37;-0.86;0.00507408
-0.37;-0.85;0.0058233
-0.37;-0.84;0.00657157
-0.37;-0.83;0.00732077
-0.37;-0.82;0.00806588
-0.37;-0.81;0.00880913
-0.37;-0.8;0.00955188
-0.37;-0.79;0.0102867
-0.37;-0.78;0.0110125
-0.37;-0.77;0.0117349
-0.37;-0.76;0.0124514
-0.37;-0.75;0.0131571
-0.37;-0.74;0.0138507
-0.37;-0.73;0.0145262
-0.37;-0.72;0.0151881
-0.37;-0.71;0.015831
-0.37;-0.7;0.016456
-0.37;-0.69;0.0170631
-0.37;-0.68;0.0176442
-0.37;-0.67;0.0182027
-0.37;-0.66;0.0187302
-0.37;-0.65;0.0192301
-0.37;-0.64;0.0196923
-0.37;-0.63;0.020119
-0.37;-0.62;0.0205078
-0.37;-0.61;0.020853
-0.37;-0.6;0.0211531
-0.37;-0.59;0.0214076
-0.37;-0.58;0.0216106
-0.37;-0.57;0.0217581
-0.37;-0.56;0.021849
-0.37;-0.55;0.0218784
-0.37;-0.54;0.0218445
-0.37;-0.53;0.0217367
-0.37;-0.52;0.0215623
-0.37;-0.51;0.0213039
-0.37;-0.5;0.0209685
-0.37;-0.49;0.020543
-0.37;-0.48;0.0200426
-0.37;-0.47;0.0194316
-0.37;-0.46;0.0187263
-0.37;-0.45;0.0179213
-0.37;-0.44;0.0170102
-0.37;-0.43;0.0159821
-0.37;-0.42;0.0148382
-0.37;-0.41;0.0135638
-0.37;-0.4;0.0121705
-0.37;-0.39;0.0106426
-0.37;-0.38;0.00897921
-0.37;-0.37;0.00716304
-0.37;-0.36;0.00521336
-0.37;-0.35;0.00311297
-0.37;-0.34;0.000866006
-0.37;-0.33;2.23363e-33
-0.37;-0.32;2.27322e-33
-0.37;-0.31;2.31772e-33
-0.37;-0.3;2.36422e-33
-0.37;-0.29;1.3532e-19
-0.37;-0.28;2.46117e-33
-0.37;-0.27;2.51749e-33
-0.37;-0.26;2.57376e-33
-0.37;-0.25;2.62725e-33
-0.37;-0.24;2.69013e-33
-0.37;-0.23;2.74156e-33
-0.37;-0.22;2.80648e-33
-0.37;-0.21;2.86521e-33
-0.37;-0.2;2.9313e-33
-0.37;-0.19;2.9961e-33
-0.37;-0.18;3.05435e-33
-0.37;-0.17;3.12527e-33
-0.37;-0.16;3.01932e-33
-0.37;-0.15;3.2524e-33
-0.37;-0.14;3.32004e-33
-0.37;-0.13;3.37236e-33
-0.37;-0.12;3.20118e-33
-0.37;-0.11;3.23843e-33
-0.37;-0.1;3.27516e-33
-0.37;-0.09;3.6031e-33
-0.37;-0.08;3.65351e-33
-0.37;-0.07;3.69606e-33
-0.37;-0.06;3.74423e-33
-0.37;-0.05;3.50456e-33
-0.37;-0.04;3.53176e-33
-0.37;-0.03;3.82535e-33
-0.37;-0.02;3.84108e-33
-0.37;-0.01;3.8556e-33
-0.37;0;3.85424e-33
-0.37;0.01;3.85272e-33
-0.37;0.02;3.58366e-33
-0.37;0.03;3.82822e-33
-0.37;0.04;3.79903e-33
-0.37;0.05;3.50317e-33
-0.37;0.06;3.74199e-33
-0.37;0.07;3.70436e-33
-0.37;0.08;3.65209e-33
-0.37;0.09;3.6002e-33
-0.37;0.1;3.54854e-33
-0.37;0.11;3.50591e-33
-0.37;0.12;3.44518e-33
-0.37;0.13;3.16941e-33
-0.37;0.14;3.31845e-33
-0.37;0.15;3.05989e-33
-0.37;0.16;3.01943e-33
-0.37;0.17;3.12469e-33
-0.37;0.18;2.94922e-33
-0.37;0.19;2.9956e-33
-0.37;0.2;2.83111e-33
-0.37;0.21;2.87183e-33
-0.37;0.22;2.80713e-33
-0.37;0.23;2.74574e-33
-0.37;0.24;2.68987e-33
-0.37;0.25;2.62724e-33
-0.37;0.26;2.57205e-33
-0.37;0.27;2.51341e-33
-0.37;0.28;2.46385e-33
-0.37;0.29;2.4155e-33
-0.37;0.3;2.36522e-33
-0.37;0.31;2.31955e-33
-0.37;0.32;2.27296e-33
-0.37;0.33;2.22607e-33
-0.37;0.34;0.000865937
-0.37;0.35;0.00311486
-0.37;0.36;0.00522852
-0.37;0.37;0.00716667
-0.37;0.38;0.008973
-0.37;0.39;0.0106371
-0.37;0.4;0.012167
-0.37;0.41;0.0135634
-0.37;0.42;0.0148333
-0.37;0.43;0.0159845
-0.37;0.44;0.017007
-0.37;0.45;0.0179253
-0.37;0.46;0.0187275
-0.37;0.47;0.0194315
-0.37;0.48;0.0200358
-0.37;0.49;0.0205481
-0.37;0.5;0.020967
-0.37;0.51;0.0213043
-0.37;0.52;0.0215666
-0.37;0.53;0.0217364
-0.37;0.54;0.0218432
-0.37;0.55;0.0218784
-0.37;0.56;0.0218506
-0.37;0.57;0.0217599
-0.37;0.58;0.0216109
-0.37;0.59;0.0214085
-0.37;0.6;0.0211535
-0.37;0.61;0.020854
-0.37;0.62;0.0205067
-0.37;0.63;0.0201187
-0.37;0.64;0.0196943
-0.37;0.65;0.019228
-0.37;0.66;0.0187293
-0.37;0.67;0.018201
-0.37;0.68;0.0176444
-0.37;0.69;0.0170647
-0.37;0.7;0.0164612
-0.37;0.71;0.0158336
-0.37;0.72;0.0151911
-0.37;0.73;0.0145276
-0.37;0.74;0.0138493
-0.37;0.75;0.0131545
-0.37;0.76;0.0124512
-0.37;0.77;0.011736
-0.37;0.78;0.011017
-0.37;0.79;0.0102887
-0.37;0.8;0.00955121
-0.37;0.81;0.00881141
-0.37;0.82;0.00806288
-0.37;0.83;0.00732083
-0.37;0.84;0.00657219
-0.37;0.85;0.00582356
-0.37;0.86;0.00507728
-0.37;0.87;0.0043294
-0.37;0.88;0.00358435
-0.37;0.89;0.00284636
-0.37;0.9;0.00211061
-0.37;0.91;0.00137417
-0.37;0.92;0.000652283
-0.37;0.93;2.70264e-20
-0.37;0.94;9.59513e-34
-0.37;0.95;9.54752e-34
-0.37;0.96;9.49992e-34
-0.37;0.97;9.4557e-34
-0.37;0.98;9.41278e-34
-0.37;0.99;9.36696e-34
-0.36;-1;9.13724e-34
-0.36;-0.99;9.26257e-34
-0.36;-0.98;9.30045e-34
-0.36;-0.97;9.34314e-34
-0.36;-0.96;9.38686e-34
-0.36;-0.95;9.43058e-34
-0.36;-0.94;9.47456e-34
-0.36;-0.93;0.000210824
-0.36;-0.92;0.000924428
-0.36;-0.91;0.00164584
-0.36;-0.9;0.00236754
-0.36;-0.89;0.00309968
-0.36;-0.88;0.00383132
-0.36;-0.87;0.004566
-0.36;-0.86;0.00529844
-0.36;-0.85;0.00603905
-0.36;-0.84;0.00678018
-0.36;-0.83;0.0075146
-0.36;-0.82;0.0082468
-0.36;-0.81;0.00897539
-0.36;-0.8;0.00970611
-0.36;-0.79;0.0104268
-0.36;-0.78;0.011143
-0.36;-0.77;0.0118507
-0.36;-0.76;0.0125449
-0.36;-0.75;0.0132295
-0.36;-0.74;0.0138997
-0.36;-0.73;0.0145626
-0.36;-0.72;0.0152024
-0.36;-0.71;0.0158245
-0.36;-0.7;0.0164264
-0.36;-0.69;0.017006
-0.36;-0.68;0.0175601
-0.36;-0.67;0.018086
-0.36;-0.66;0.0185821
-0.36;-0.65;0.0190461
-0.36;-0.64;0.0194765
-0.36;-0.63;0.0198705
-0.36;-0.62;0.0202238
-0.36;-0.61;0.0205322
-0.36;-0.6;0.0207978
-0.36;-0.59;0.021007
-0.36;-0.58;0.021167
-0.36;-0.57;0.0212697
-0.36;-0.56;0.0213094
-0.36;-0.55;0.0212914
-0.36;-0.54;0.0211981
-0.36;-0.53;0.0210412
-0.36;-0.52;0.0208049
-0.36;-0.51;0.020483
-0.36;-0.5;0.0200805
-0.36;-0.49;0.0195868
-0.36;-0.48;0.0190082
-0.36;-0.47;0.0183247
-0.36;-0.46;0.017543
-0.36;-0.45;0.0166444
-0.36;-0.44;0.0156465
-0.36;-0.43;0.014526
-0.36;-0.42;0.013287
-0.36;-0.41;0.0119114
-0.36;-0.4;0.0104027
-0.36;-0.39;0.00875279
-0.36;-0.38;0.00696608
-0.36;-0.37;0.0050285
-0.36;-0.36;0.00293942
-0.36;-0.35;0.000706203
-0.36;-0.34;2.14585e-33
-0.36;-0.33;2.1897e-33
-0.36;-0.32;2.23817e-33
-0.36;-0.31;2.27903e-33
-0.36;-0.3;2.32527e-33
-0.36;-0.29;2.37229e-33
-0.36;-0.28;2.42297e-33
-0.36;-0.27;2.47305e-33
-0.36;-0.26;2.52599e-33
-0.36;-0.25;2.58828e-33
-0.36;-0.24;2.63928e-33
-0.36;-0.23;2.7072e-33
-0.36;-0.22;2.76703e-33
-0.36;-0.21;2.83473e-33
-0.36;-0.2;2.89536e-33
-0.36;-0.19;2.96277e-33
-0.36;-0.18;3.01887e-33
-0.36;-0.17;2.94804e-33
-0.36;-0.16;3.1577e-33
-0.36;-0.15;3.22223e-33
-0.36;-0.14;3.05886e-33
-0.36;-0.13;3.13794e-33
-0.36;-0.12;3.4222e-33
-0.36;-0.11;3.50456e-33
-0.36;-0.1;3.54188e-33
-0.36;-0.09;3.58995e-33
-0.36;-0.08;3.64818e-33
-0.36;-0.07;3.68784e-33
-0.36;-0.06;3.73459e-33
-0.36;-0.05;3.76941e-33
-0.36;-0.04;3.80243e-33
-0.36;-0.03;3.53176e-33
-0.36;-0.02;3.55403e-33
-0.36;-0.01;3.85528e-33
-0.36;0;3.85426e-33
-0.36;0.01;3.58366e-33
-0.36;0.02;3.84012e-33
-0.36;0.03;3.82645e-33
-0.36;0.04;3.79707e-33
-0.36;0.05;3.76816e-33
-0.36;0.06;3.4079e-33
-0.36;0.07;3.69297e-33
-0.36;0.08;3.64338e-33
-0.36;0.09;3.59302e-33
-0.36;0.1;3.53792e-33
-0.36;0.11;3.20083e-33
-0.36;0.12;3.42179e-33
-0.36;0.13;3.35612e-33
-0.36;0.14;3.29201e-33
-0.36;0.15;3.22238e-33
-0.36;0.16;3.15918e-33
-0.36;0.17;3.08871e-33
-0.36;0.18;3.01896e-33
-0.36;0.19;2.96322e-33
-0.36;0.2;2.89713e-33
-0.36;0.21;2.8337e-33
-0.36;0.22;2.71762e-33
-0.36;0.23;2.70737e-33
-0.36;0.24;2.63916e-33
-0.36;0.25;2.58764e-33
-0.36;0.26;2.53103e-33
-0.36;0.27;2.47475e-33
-0.36;0.28;2.42594e-33
-0.36;0.29;2.37635e-33
-0.36;0.3;2.32644e-33
-0.36;0.31;2.27963e-33
-0.36;0.32;2.23149e-33
-0.36;0.33;6.15593e-20
-0.36;0.34;2.14626e-33
-0.36;0.35;0.000705004
-0.36;0.36;0.00295277
-0.36;0.37;0.0050366
-0.36;0.38;0.00697032
-0.36;0.39;0.00875942
-0.36;0.4;0.0104028
-0.36;0.41;0.0119074
-0.36;0.42;0.0132846
-0.36;0.43;0.0145274
-0.36;0.44;0.0156446
-0.36;0.45;0.0166498
-0.36;0.46;0.0175429
-0.36;0.47;0.0183125
-0.36;0.48;0.0190116
-0.36;0.49;0.0195903
-0.36;0.5;0.0200816
-0.36;0.51;0.0204838
-0.36;0.52;0.0207997
-0.36;0.53;0.0210366
-0.36;0.54;0.0211995
-0.36;0.55;0.021288
-0.36;0.56;0.0213121
-0.36;0.57;0.0212686
-0.36;0.58;0.0211665
-0.36;0.59;0.0210081
-0.36;0.6;0.0207967
-0.36;0.61;0.0205345
-0.36;0.62;0.0202239
-0.36;0.63;0.0198728
-0.36;0.64;0.0194794
-0.36;0.65;0.0190478
-0.36;0.66;0.0185837
-0.36;0.67;0.0180858
-0.36;0.68;0.0175591
-0.36;0.69;0.0170059
-0.36;0.7;0.0164278
-0.36;0.71;0.0158258
-0.36;0.72;0.0152011
-0.36;0.73;0.0145603
-0.36;0.74;0.0139003
-0.36;0.75;0.0132272
-0.36;0.76;0.0125413
-0.36;0.77;0.0118481
-0.36;0.78;0.0111418
-0.36;0.79;0.0104268
-0.36;0.8;0.0097009
-0.36;0.81;0.00897542
-0.36;0.82;0.00824621
-0.36;0.83;0.00751253
-0.36;0.84;0.0067762
-0.36;0.85;0.00603921
-0.36;0.86;0.00530446
-0.36;0.87;0.00456596
-0.36;0.88;0.00383214
-0.36;0.89;0.00309598
-0.36;0.9;0.00237191
-0.36;0.91;0.00164511
-0.36;0.92;0.000923525
-0.36;0.93;0.000207083
-0.36;0.94;9.47265e-34
-0.36;0.95;9.42782e-34
-0.36;0.96;9.382e-34
-0.36;0.97;9.33618e-34
-0.36;0.98;9.29144e-34
-0.36;0.99;9.25608e-34
-0.35;-1;9.10735e-34
-0.35;-0.99;9.13724e-34
-0.35;-0.98;9.18437e-34
-0.35;-0.97;9.22836e-34
-0.35;-0.96;9.27236e-34
-0.35;-0.95;9.31377e-34
-0.35;-0.94;9.35749e-34
-0.35;-0.93;0.000477211
-0.35;-0.92;0.00118477
-0.35;-0.91;0.0018983
-0.35;-0.9;0.00261791
-0.35;-0.89;0.0033358
-0.35;-0.88;0.00406193
-0.35;-0.87;0.00478767
-0.35;-0.86;0.00551688
-0.35;-0.85;0.00624132
-0.35;-0.84;0.00697068
-0.35;-0.83;0.00769076
-0.35;-0.82;0.00841446
-0.35;-0.81;0.00913337
-0.35;-0.8;0.00984505
-0.35;-0.79;0.0105507
-0.35;-0.78;0.011254
-0.35;-0.77;0.0119412
-0.35;-0.76;0.0126227
-0.35;-0.75;0.0132903
-0.35;-0.74;0.0139437
-0.35;-0.73;0.0145779
-0.35;-0.72;0.0151972
-0.35;-0.71;0.0157979
-0.35;-0.7;0.0163757
-0.35;-0.69;0.0169299
-0.35;-0.68;0.017457
-0.35;-0.67;0.0179569
-0.35;-0.66;0.0184257
-0.35;-0.65;0.0188578
-0.35;-0.64;0.0192617
-0.35;-0.63;0.0196205
-0.35;-0.62;0.0199377
-0.35;-0.61;0.020208
-0.35;-0.6;0.0204313
-0.35;-0.59;0.0206011
-0.35;-0.58;0.0207147
-0.35;-0.57;0.020773
-0.35;-0.56;0.0207575
-0.35;-0.55;0.0206915
-0.35;-0.54;0.0205516
-0.35;-0.53;0.0203356
-0.35;-0.52;0.0200377
-0.35;-0.51;0.0196556
-0.35;-0.5;0.0191896
-0.35;-0.49;0.0186251
-0.35;-0.48;0.0179706
-0.35;-0.47;0.0172153
-0.35;-0.46;0.0163448
-0.35;-0.45;0.0153701
-0.35;-0.44;0.0142775
-0.35;-0.43;0.0130682
-0.35;-0.42;0.0117278
-0.35;-0.41;0.0102531
-0.35;-0.4;0.00863107
-0.35;-0.39;0.006869
-0.35;-0.38;0.00496911
-0.35;-0.37;0.00289458
-0.35;-0.36;0.000672161
-0.35;-0.35;2.06763e-33
-0.35;-0.34;2.10805e-33
-0.35;-0.33;2.14764e-33
-0.35;-0.32;2.19511e-33
-0.35;-0.31;2.24271e-33
-0.35;-0.3;2.28484e-33
-0.35;-0.29;2.33281e-33
-0.35;-0.28;2.38426e-33
-0.35;-0.27;2.43286e-33
-0.35;-0.26;2.49095e-33
-0.35;-0.25;2.52599e-33
-0.35;-0.24;2.60883e-33
-0.35;-0.23;2.63928e-33
-0.35;-0.22;2.72992e-33
-0.35;-0.21;2.78929e-33
-0.35;-0.2;2.8573e-33
-0.35;-0.19;2.92692e-33
-0.35;-0.18;2.99521e-33
-0.35;-0.17;2.91044e-33
-0.35;-0.16;3.12958e-33
-0.35;-0.15;2.98658e-33
-0.35;-0.14;3.01932e-33
-0.35;-0.13;3.33386e-33
-0.35;-0.12;3.13794e-33
-0.35;-0.11;3.45959e-33
-0.35;-0.1;3.52517e-33
-0.35;-0.09;3.5698e-33
-0.35;-0.08;3.64286e-33
-0.35;-0.07;3.67961e-33
-0.35;-0.06;3.73022e-33
-0.35;-0.05;3.76669e-33
-0.35;-0.04;3.79472e-33
-0.35;-0.03;3.8204e-33
-0.35;-0.02;3.83939e-33
-0.35;-0.01;3.55403e-33
-0.35;0;3.85428e-33
-0.35;0.01;3.85216e-33
-0.35;0.02;3.52657e-33
-0.35;0.03;3.82061e-33
-0.35;0.04;3.44089e-33
-0.35;0.05;3.76417e-33
-0.35;0.06;3.72921e-33
-0.35;0.07;3.68675e-33
-0.35;0.08;3.63467e-33
-0.35;0.09;3.57854e-33
-0.35;0.1;3.20083e-33
-0.35;0.11;3.46157e-33
-0.35;0.12;3.39592e-33
-0.35;0.13;3.05989e-33
-0.35;0.14;3.01943e-33
-0.35;0.15;3.19182e-33
-0.35;0.16;3.12927e-33
-0.35;0.17;3.05599e-33
-0.35;0.18;2.83111e-33
-0.35;0.19;2.79488e-33
-0.35;0.2;2.85746e-33
-0.35;0.21;2.79806e-33
-0.35;0.22;2.68094e-33
-0.35;0.23;2.63916e-33
-0.35;0.24;2.609e-33
-0.35;0.25;2.54578e-33
-0.35;0.26;2.48309e-33
-0.35;0.27;1.35444e-19
-0.35;0.28;2.38582e-33
-0.35;0.29;2.33333e-33
-0.35;0.3;2.28631e-33
-0.35;0.31;2.23691e-33
-0.35;0.32;2.1943e-33
-0.35;0.33;2.14831e-33
-0.35;0.34;2.1065e-33
-0.35;0.35;2.06767e-33
-0.35;0.36;0.000682282
-0.35;0.37;0.00289613
-0.35;0.38;0.00495997
-0.35;0.39;0.00687372
-0.35;0.4;0.00863509
-0.35;0.41;0.0102499
-0.35;0.42;0.0117312
-0.35;0.43;0.0130642
-0.35;0.44;0.014279
-0.35;0.45;0.0153782
-0.35;0.46;0.016347
-0.35;0.47;0.0172075
-0.35;0.48;0.017969
-0.35;0.49;0.0186303
-0.35;0.5;0.019189
-0.35;0.51;0.0196577
-0.35;0.52;0.0200366
-0.35;0.53;0.0203337
-0.35;0.54;0.0205522
-0.35;0.55;0.0206939
-0.35;0.56;0.0207636
-0.35;0.57;0.0207704
-0.35;0.58;0.0207131
-0.35;0.59;0.0205999
-0.35;0.6;0.0204314
-0.35;0.61;0.0202057
-0.35;0.62;0.0199366
-0.35;0.63;0.0196221
-0.35;0.64;0.0192604
-0.35;0.65;0.0188623
-0.35;0.66;0.0184259
-0.35;0.67;0.0179568
-0.35;0.68;0.0174545
-0.35;0.69;0.016933
-0.35;0.7;0.016373
-0.35;0.71;0.0157987
-0.35;0.72;0.0151971
-0.35;0.73;0.0145795
-0.35;0.74;0.013942
-0.35;0.75;0.0132919
-0.35;0.76;0.0126226
-0.35;0.77;0.0119409
-0.35;0.78;0.0112474
-0.35;0.79;0.0105499
-0.35;0.8;0.0098449
-0.35;0.81;0.00913456
-0.35;0.82;0.00841726
-0.35;0.83;0.00769303
-0.35;0.84;0.00696352
-0.35;0.85;0.0062413
-0.35;0.86;0.00551537
-0.35;0.87;0.00478777
-0.35;0.88;0.0040606
-0.35;0.89;0.00333552
-0.35;0.9;0.00261726
-0.35;0.91;0.00189854
-0.35;0.92;0.00118466
-0.35;0.93;0.000477152
-0.35;0.94;9.35122e-34
-0.35;0.95;9.3054e-34
-0.35;0.96;9.26521e-34
-0.35;0.97;9.22414e-34
-0.35;0.98;9.18307e-34
-0.35;0.99;9.14201e-34
-0.34;-1;8.98958e-34
-0.34;-0.99;9.03031e-34
-0.34;-0.98;9.07105e-34
-0.34;-0.97;9.11178e-34
-0.34;-0.96;9.15015e-34
-0.34;-0.95;9.19415e-34
-0.34;-0.94;2.84044e-05
-0.34;-0.93;0.000729033
-0.34;-0.92;0.00143138
-0.34;-0.91;0.00213917
-0.34;-0.9;0.00284776
-0.34;-0.89;0.00356287
-0.34;-0.88;0.0042787
-0.34;-0.87;0.00499607
-0.34;-0.86;0.00571217
-0.34;-0.85;0.00642928
-0.34;-0.84;0.00714357
-0.34;-0.83;0.00785758
-0.34;-0.82;0.00856951
-0.34;-0.81;0.00927412
-0.34;-0.8;0.00997348
-0.34;-0.79;0.010667
-0.34;-0.78;0.0113488
-0.34;-0.77;0.0120221
-0.34;-0.76;0.0126854
-0.34;-0.75;0.0133324
-0.34;-0.74;0.013965
-0.34;-0.73;0.0145835
-0.34;-0.72;0.0151822
-0.34;-0.71;0.015761
-0.34;-0.7;0.0163136
-0.34;-0.69;0.0168425
-0.34;-0.68;0.0173438
-0.34;-0.67;0.0178128
-0.34;-0.66;0.0182528
-0.34;-0.65;0.0186575
-0.34;-0.64;0.0190254
-0.34;-0.63;0.0193472
-0.34;-0.62;0.0196264
-0.34;-0.61;0.0198622
-0.34;-0.6;0.0200443
-0.34;-0.59;0.0201731
-0.34;-0.58;0.0202436
-0.34;-0.57;0.020255
-0.34;-0.56;0.0202014
-0.34;-0.55;0.0200803
-0.34;-0.54;0.0198843
-0.34;-0.53;0.0196109
-0.34;-0.52;0.0192591
-0.34;-0.51;0.0188183
-0.34;-0.5;0.0182932
-0.34;-0.49;0.0176646
-0.34;-0.48;0.0169386
-0.34;-0.47;0.0161013
-0.34;-0.46;0.0151561
-0.34;-0.45;0.0140994
-0.34;-0.44;0.012919
-0.34;-0.43;0.0116092
-0.34;-0.42;0.0101724
-0.34;-0.41;0.00860031
-0.34;-0.4;0.0068732
-0.34;-0.39;0.00499554
-0.34;-0.38;0.00296756
-0.34;-0.37;0.000770986
-0.34;-0.36;1.98885e-33
-0.34;-0.35;2.03079e-33
-0.34;-0.34;2.06763e-33
-0.34;-0.33;2.10913e-33
-0.34;-0.32;2.14942e-33
-0.34;-0.31;2.19968e-33
-0.34;-0.3;2.24724e-33
-0.34;-0.29;2.29065e-33
-0.34;-0.28;2.34438e-33
-0.34;-0.27;2.3935e-33
-0.34;-0.26;2.44276e-33
-0.34;-0.25;2.50577e-33
-0.34;-0.24;2.56922e-33
-0.34;-0.23;2.62526e-33
-0.34;-0.22;2.69347e-33
-0.34;-0.21;2.74723e-33
-0.34;-0.2;2.81853e-33
-0.34;-0.19;2.88896e-33
-0.34;-0.18;2.96001e-33
-0.34;-0.17;3.01798e-33
-0.34;-0.16;3.0929e-33
-0.34;-0.15;3.16216e-33
-0.34;-0.14;3.23121e-33
-0.34;-0.13;3.30363e-33
-0.34;-0.12;3.36924e-33
-0.34;-0.11;3.44763e-33
-0.34;-0.1;3.16732e-33
-0.34;-0.09;3.56219e-33
-0.34;-0.08;3.62563e-33
-0.34;-0.07;3.27516e-33
-0.34;-0.06;3.34682e-33
-0.34;-0.05;3.76398e-33
-0.34;-0.04;3.79142e-33
-0.34;-0.03;3.81943e-33
-0.34;-0.02;3.83854e-33
-0.34;-0.01;3.85464e-33
-0.34;0;3.55157e-33
-0.34;0.01;3.52657e-33
-0.34;0.02;3.50317e-33
-0.34;0.03;3.81831e-33
-0.34;0.04;3.4079e-33
-0.34;0.05;3.3727e-33
-0.34;0.06;3.72469e-33
-0.34;0.07;3.67295e-33
-0.34;0.08;3.23895e-33
-0.34;0.09;3.20083e-33
-0.34;0.1;3.16941e-33
-0.34;0.11;3.13819e-33
-0.34;0.12;3.05989e-33
-0.34;0.13;3.3031e-33
-0.34;0.14;2.98583e-33
-0.34;0.15;2.94922e-33
-0.34;0.16;2.91276e-33
-0.34;0.17;2.83111e-33
-0.34;0.18;2.79488e-33
-0.34;0.19;2.75719e-33
-0.34;0.2;2.81833e-33
-0.34;0.21;2.68094e-33
-0.34;0.22;2.69329e-33
-0.34;0.23;2.62527e-33
-0.34;0.24;2.56717e-33
-0.34;0.25;2.48309e-33
-0.34;0.26;1.10048e-19
-0.34;0.27;2.3953e-33
-0.34;0.28;2.34479e-33
-0.34;0.29;2.29298e-33
-0.34;0.3;2.24234e-33
-0.34;0.31;2.198e-33
-0.34;0.32;2.15036e-33
-0.34;0.33;2.10746e-33
-0.34;0.34;2.06767e-33
-0.34;0.35;2.02941e-33
-0.34;0.36;1.99372e-33
-0.34;0.37;0.000775181
-0.34;0.38;0.00296789
-0.34;0.39;0.00499561
-0.34;0.4;0.00687266
-0.34;0.41;0.00859703
-0.34;0.42;0.0101771
-0.34;0.43;0.0116065
-0.34;0.44;0.0129212
-0.34;0.45;0.0140998
-0.34;0.46;0.0151601
-0.34;0.47;0.0160968
-0.34;0.48;0.016935
-0.34;0.49;0.017666
-0.34;0.5;0.0182907
-0.34;0.51;0.0188184
-0.34;0.52;0.0192577
-0.34;0.53;0.0196117
-0.34;0.54;0.0198834
-0.34;0.55;0.0200762
-0.34;0.56;0.0201994
-0.34;0.57;0.0202552
-0.34;0.58;0.0202443
-0.34;0.59;0.0201743
-0.34;0.6;0.020043
-0.34;0.61;0.0198607
-0.34;0.62;0.0196252
-0.34;0.63;0.0193468
-0.34;0.64;0.0190237
-0.34;0.65;0.0186548
-0.34;0.66;0.0182531
-0.34;0.67;0.0178146
-0.34;0.68;0.0173437
-0.34;0.69;0.0168417
-0.34;0.7;0.0163138
-0.34;0.71;0.0157621
-0.34;0.72;0.015184
-0.34;0.73;0.014584
-0.34;0.74;0.0139689
-0.34;0.75;0.0133329
-0.34;0.76;0.0126855
-0.34;0.77;0.0120214
-0.34;0.78;0.0113514
-0.34;0.79;0.0106667
-0.34;0.8;0.00997362
-0.34;0.81;0.00927073
-0.34;0.82;0.00856971
-0.34;0.83;0.00785861
-0.34;0.84;0.00714415
-0.34;0.85;0.00642869
-0.34;0.86;0.0057112
-0.34;0.87;0.00499098
-0.34;0.88;0.00427434
-0.34;0.89;0.00356194
-0.34;0.9;0.00284732
-0.34;0.91;0.0021389
-0.34;0.92;0.00143097
-0.34;0.93;0.00072682
-0.34;0.94;2.79196e-05
-0.34;0.95;9.19221e-34
-0.34;0.96;9.15114e-34
-0.34;0.97;9.11467e-34
-0.34;0.98;9.0756e-34
-0.34;0.99;9.03653e-34
-0.33;-1;8.85079e-34
-0.33;-0.99;8.92983e-34
-0.33;-0.98;8.96238e-34
-0.33;-0.97;8.99402e-34
-0.33;-0.96;9.03475e-34
-0.33;-0.95;9.07548e-34
-0.33;-0.94;0.000274212
-0.33;-0.93;0.000966259
-0.33;-0.92;0.00166116
-0.33;-0.91;0.00236589
-0.33;-0.9;0.00306713
-0.33;-0.89;0.00377485
-0.33;-0.88;0.0044808
-0.33;-0.87;0.0051878
-0.33;-0.86;0.00589664
-0.33;-0.85;0.00660464
-0.33;-0.84;0.00730886
-0.33;-0.83;0.00801143
-0.33;-0.82;0.00870766
-0.33;-0.81;0.00940108
-0.33;-0.8;0.010087
-0.33;-0.79;0.010765
-0.33;-0.78;0.0114332
-0.33;-0.77;0.012093
-0.33;-0.76;0.0127369
-0.33;-0.75;0.0133642
-0.33;-0.74;0.0139769
-0.33;-0.73;0.0145742
-0.33;-0.72;0.0151495
-0.33;-0.71;0.0157072
-0.33;-0.7;0.0162374
-0.33;-0.69;0.0167419
-0.33;-0.68;0.0172177
-0.33;-0.67;0.0176633
-0.33;-0.66;0.0180716
-0.33;-0.65;0.0184457
-0.33;-0.64;0.0187816
-0.33;-0.63;0.0190716
-0.33;-0.62;0.0193173
-0.33;-0.61;0.0195153
-0.33;-0.6;0.0196588
-0.33;-0.59;0.0197491
-0.33;-0.58;0.0197763
-0.33;-0.57;0.0197416
-0.33;-0.56;0.0196382
-0.33;-0.55;0.0194666
-0.33;-0.54;0.0192186
-0.33;-0.53;0.0188876
-0.33;-0.52;0.0184759
-0.33;-0.51;0.0179799
-0.33;-0.5;0.0173835
-0.33;-0.49;0.0166901
-0.33;-0.48;0.0158952
-0.33;-0.47;0.0149942
-0.33;-0.46;0.013972
-0.33;-0.45;0.0128275
-0.33;-0.44;0.0115636
-0.33;-0.43;0.0101624
-0.33;-0.42;0.00862569
-0.33;-0.41;0.00695104
-0.33;-0.4;0.00512467
-0.33;-0.39;0.00313597
-0.33;-0.38;0.000981252
-0.33;-0.37;1.91912e-33
-0.33;-0.36;1.95277e-33
-0.33;-0.35;1.98662e-33
-0.33;-0.34;2.02985e-33
-0.33;-0.33;2.06763e-33
-0.33;-0.32;2.11022e-33
-0.33;-0.31;2.15121e-33
-0.33;-0.3;2.20425e-33
-0.33;-0.29;2.25178e-33
-0.33;-0.28;2.30136e-33
-0.33;-0.27;2.35245e-33
-0.33;-0.26;2.40273e-33
-0.33;-0.25;2.46006e-33
-0.33;-0.24;2.5206e-33
-0.33;-0.23;2.58374e-33
-0.33;-0.22;2.6506e-33
-0.33;-0.21;2.71054e-33
-0.33;-0.2;2.77695e-33
-0.33;-0.19;2.7172e-33
-0.33;-0.18;2.92254e-33
-0.33;-0.17;2.98577e-33
-0.33;-0.16;2.83226e-33
-0.33;-0.15;2.91044e-33
-0.33;-0.14;2.94804e-33
-0.33;-0.13;3.28359e-33
-0.33;-0.12;3.35519e-33
-0.33;-0.11;3.42243e-33
-0.33;-0.1;3.13794e-33
-0.33;-0.09;3.54765e-33
-0.33;-0.08;3.60308e-33
-0.33;-0.07;3.66109e-33
-0.33;-0.06;3.27516e-33
-0.33;-0.05;3.75608e-33
-0.33;-0.04;3.78812e-33
-0.33;-0.03;3.81846e-33
-0.33;-0.02;3.83469e-33
-0.33;-0.01;3.85432e-33
-0.33;0;3.85432e-33
-0.33;0.01;3.50317e-33
-0.33;0.02;3.83886e-33
-0.33;0.03;3.81601e-33
-0.33;0.04;3.79059e-33
-0.33;0.05;3.34302e-33
-0.33;0.06;3.27561e-33
-0.33;0.07;3.66457e-33
-0.33;0.08;3.60019e-33
-0.33;0.09;3.54441e-33
-0.33;0.1;3.50317e-33
-0.33;0.11;3.42201e-33
-0.33;0.12;3.01943e-33
-0.33;0.13;3.28375e-33
-0.33;0.14;2.94922e-33
-0.33;0.15;2.91276e-33
-0.33;0.16;2.83111e-33
-0.33;0.17;2.79488e-33
-0.33;0.18;2.75719e-33
-0.33;0.19;2.84913e-33
-0.33;0.2;2.78014e-33
-0.33;0.21;2.63916e-33
-0.33;0.22;2.65038e-33
-0.33;0.23;2.58277e-33
-0.33;0.24;2.52316e-33
-0.33;0.25;2.46282e-33
-0.33;0.26;2.40477e-33
-0.33;0.27;2.35311e-33
-0.33;0.28;2.30461e-33
-0.33;0.29;2.24776e-33
-0.33;0.3;2.2017e-33
-0.33;0.31;2.1524e-33
-0.33;0.32;2.10841e-33
-0.33;0.33;-1.1706e-19
-0.33;0.34;2.02848e-33
-0.33;0.35;1.99194e-33
-0.33;0.36;1.95035e-33
-0.33;0.37;1.92255e-33
-0.33;0.38;0.000983397
-0.33;0.39;0.00313025
-0.33;0.4;0.00512295
-0.33;0.41;0.00695168
-0.33;0.42;0.00862873
-0.33;0.43;0.0101596
-0.33;0.44;0.0115612
-0.33;0.45;0.0128286
-0.33;0.46;0.0139687
-0.33;0.47;0.0149937
-0.33;0.48;0.0158964
-0.33;0.49;0.016688
-0.33;0.5;0.017382
-0.33;0.51;0.0179799
-0.33;0.52;0.0184775
-0.33;0.53;0.0188883
-0.33;0.54;0.0192168
-0.33;0.55;0.0194654
-0.33;0.56;0.019637
-0.33;0.57;0.0197411
-0.33;0.58;0.0197756
-0.33;0.59;0.0197467
-0.33;0.6;0.0196571
-0.33;0.61;0.0195142
-0.33;0.62;0.0193194
-0.33;0.63;0.0190644
-0.33;0.64;0.0187817
-0.33;0.65;0.0184479
-0.33;0.66;0.0180715
-0.33;0.67;0.0176629
-0.33;0.68;0.0172188
-0.33;0.69;0.0167412
-0.33;0.7;0.0162365
-0.33;0.71;0.015705
-0.33;0.72;0.0151514
-0.33;0.73;0.0145734
-0.33;0.74;0.0139774
-0.33;0.75;0.0133639
-0.33;0.76;0.0127356
-0.33;0.77;0.0120924
-0.33;0.78;0.0114327
-0.33;0.79;0.0107647
-0.33;0.8;0.0100866
-0.33;0.81;0.0093999
-0.33;0.82;0.00870968
-0.33;0.83;0.00801158
-0.33;0.84;0.00730796
-0.33;0.85;0.00660548
-0.33;0.86;0.00589554
-0.33;0.87;0.00518766
-0.33;0.88;0.0044796
-0.33;0.89;0.00377206
-0.33;0.9;0.00306666
-0.33;0.91;0.0023655
-0.33;0.92;0.00166067
-0.33;0.93;0.000966262
-0.33;0.94;0.000272261
-0.33;0.95;9.07986e-34
-0.33;0.96;9.04079e-34
-0.33;0.97;9.00172e-34
-0.33;0.98;8.96919e-34
-0.33;0.99;8.93406e-34
-0.32;-1;8.80428e-34
-0.32;-0.99;8.83657e-34
-0.32;-0.98;8.8643e-34
-0.32;-0.97;8.89685e-34
-0.32;-0.96;8.9294e-34
-0.32;-0.95;8.96195e-34
-0.32;-0.94;0.000506304
-0.32;-0.93;0.00118994
-0.32;-0.92;0.00188236
-0.32;-0.91;0.00257715
-0.32;-0.9;0.00327218
-0.32;-0.89;0.00396847
-0.32;-0.88;0.00467055
-0.32;-0.87;0.00537088
-0.32;-0.86;0.00606714
-0.32;-0.85;0.00676724
-0.32;-0.84;0.00745999
-0.32;-0.83;0.00815193
-0.32;-0.82;0.00883654
-0.32;-0.81;0.00951718
-0.32;-0.8;0.0101881
-0.32;-0.79;0.0108522
-0.32;-0.78;0.0115039
-0.32;-0.77;0.0121461
-0.32;-0.76;0.012771
-0.32;-0.75;0.0133843
-0.32;-0.74;0.0139824
-0.32;-0.73;0.0145592
-0.32;-0.72;0.0151135
-0.32;-0.71;0.0156461
-0.32;-0.7;0.016152
-0.32;-0.69;0.0166311
-0.32;-0.68;0.0170786
-0.32;-0.67;0.0174957
-0.32;-0.66;0.0178765
-0.32;-0.65;0.0182213
-0.32;-0.64;0.0185243
-0.32;-0.63;0.0187827
-0.32;-0.62;0.0189928
-0.32;-0.61;0.0191523
-0.32;-0.6;0.0192573
-0.32;-0.59;0.019305
-0.32;-0.58;0.0192925
-0.32;-0.57;0.0192174
-0.32;-0.56;0.0190696
-0.32;-0.55;0.0188503
-0.32;-0.54;0.0185526
-0.32;-0.53;0.0181708
-0.32;-0.52;0.0177001
-0.32;-0.51;0.0171404
-0.32;-0.5;0.0164878
-0.32;-0.49;0.0157207
-0.32;-0.48;0.0148573
-0.32;-0.47;0.0138807
-0.32;-0.46;0.0127911
-0.32;-0.45;0.0115663
-0.32;-0.44;0.010212
-0.32;-0.43;0.00872426
-0.32;-0.42;0.00709691
-0.32;-0.41;0.00532215
-0.32;-0.4;0.00339161
-0.32;-0.39;0.00129572
-0.32;-0.38;1.84986e-33
-0.32;-0.37;1.88223e-33
-0.32;-0.36;1.91481e-33
-0.32;-0.35;1.9487e-33
-0.32;-0.34;1.98439e-33
-0.32;-0.33;2.02892e-33
-0.32;-0.32;2.06763e-33
-0.32;-0.31;2.11131e-33
-0.32;-0.3;2.15771e-33
-0.32;-0.29;2.20882e-33
-0.32;-0.28;2.25631e-33
-0.32;-0.27;2.3089e-33
-0.32;-0.26;2.36053e-33
-0.32;-0.25;2.41844e-33
-0.32;-0.24;2.47194e-33
-0.32;-0.23;2.54199e-33
-0.32;-0.22;2.52599e-33
-0.32;-0.21;2.66954e-33
-0.32;-0.2;2.73558e-33
-0.32;-0.19;2.68143e-33
-0.32;-0.18;2.88256e-33
-0.32;-0.17;2.94667e-33
-0.32;-0.16;3.0171e-33
-0.32;-0.15;3.09533e-33
-0.32;-0.14;2.91044e-33
-0.32;-0.13;2.94804e-33
-0.32;-0.12;2.98658e-33
-0.32;-0.11;3.3938e-33
-0.32;-0.1;3.46132e-33
-0.32;-0.09;3.5305e-33
-0.32;-0.08;3.16732e-33
-0.32;-0.07;3.65071e-33
-0.32;-0.06;3.23843e-33
-0.32;-0.05;3.75096e-33
-0.32;-0.04;3.7795e-33
-0.32;-0.03;3.81749e-33
-0.32;-0.02;3.83408e-33
-0.32;-0.01;3.854e-33
-0.32;0;3.85433e-33
-0.32;0.01;3.85132e-33
-0.32;0.02;3.83834e-33
-0.32;0.03;3.8137e-33
-0.32;0.04;3.7895e-33
-0.32;0.05;3.27561e-33
-0.32;0.06;3.70696e-33
-0.32;0.07;3.64751e-33
-0.32;0.08;3.59302e-33
-0.32;0.09;3.52549e-33
-0.32;0.1;3.46364e-33
-0.32;0.11;3.39392e-33
-0.32;0.12;3.32494e-33
-0.32;0.13;2.94922e-33
-0.32;0.14;3.16866e-33
-0.32;0.15;3.09314e-33
-0.32;0.16;3.01715e-33
-0.32;0.17;2.94789e-33
-0.32;0.18;2.88386e-33
-0.32;0.19;2.80926e-33
-0.32;0.2;2.63916e-33
-0.32;0.21;2.66916e-33
-0.32;0.22;2.5207e-33
-0.32;0.23;2.53791e-33
-0.32;0.24;2.47372e-33
-0.32;0.25;2.42116e-33
-0.32;0.26;2.36142e-33
-0.32;0.27;2.3115e-33
-0.32;0.28;2.25318e-33
-0.32;0.29;2.2054e-33
-0.32;0.3;2.15445e-33
-0.32;0.31;2.10937e-33
-0.32;0.32;2.06767e-33
-0.32;0.33;2.02754e-33
-0.32;0.34;1.99017e-33
-0.32;0.35;1.94631e-33
-0.32;0.36;1.91763e-33
-0.32;0.37;1.881e-33
-0.32;0.38;1.84782e-33
-0.32;0.39;0.00129555
-0.32;0.4;0.00339108
-0.32;0.41;0.00532623
-0.32;0.42;0.00709709
-0.32;0.43;0.00872355
-0.32;0.44;0.0102118
-0.32;0.45;0.0115673
-0.32;0.46;0.0127921
-0.32;0.47;0.0138819
-0.32;0.48;0.0148558
-0.32;0.49;0.0157202
-0.32;0.5;0.0164828
-0.32;0.51;0.0171381
-0.32;0.52;0.0176974
-0.32;0.53;0.0181709
-0.32;0.54;0.0185526
-0.32;0.55;0.0188496
-0.32;0.56;0.0190684
-0.32;0.57;0.0192147
-0.32;0.58;0.0192928
-0.32;0.59;0.0193086
-0.32;0.6;0.0192556
-0.32;0.61;0.0191492
-0.32;0.62;0.0189926
-0.32;0.63;0.0187781
-0.32;0.64;0.0185211
-0.32;0.65;0.018221
-0.32;0.66;0.017877
-0.32;0.67;0.0174953
-0.32;0.68;0.0170793
-0.32;0.69;0.0166312
-0.32;0.7;0.016152
-0.32;0.71;0.0156454
-0.32;0.72;0.0151134
-0.32;0.73;0.0145585
-0.32;0.74;0.0139818
-0.32;0.75;0.0133863
-0.32;0.76;0.0127723
-0.32;0.77;0.0121423
-0.32;0.78;0.011502
-0.32;0.79;0.0108513
-0.32;0.8;0.0101882
-0.32;0.81;0.00951735
-0.32;0.82;0.00883523
-0.32;0.83;0.00815279
-0.32;0.84;0.00745937
-0.32;0.85;0.0067678
-0.32;0.86;0.00606716
-0.32;0.87;0.00537182
-0.32;0.88;0.00467104
-0.32;0.89;0.00396806
-0.32;0.9;0.00327185
-0.32;0.91;0.00257831
-0.32;0.92;0.00188334
-0.32;0.93;0.00119034
-0.32;0.94;0.000505106
-0.32;0.95;8.96872e-34
-0.32;0.96;8.9336e-34
-0.32;0.97;8.89847e-34
-0.32;0.98;8.86335e-34
-0.32;0.99;8.83382e-34
-0.31;-1;3.60477e-20
-0.31;-0.99;8.73503e-34
-0.31;-0.98;8.76732e-34
-0.31;-0.97;8.79961e-34
-0.31;-0.96;8.83189e-34
-0.31;-0.95;4.91218e-05
-0.31;-0.94;0.000723937
-0.31;-0.93;0.0014097
-0.31;-0.92;0.00209192
-0.31;-0.91;0.00277857
-0.31;-0.9;0.00346731
-0.31;-0.89;0.00415615
-0.31;-0.88;0.00484889
-0.31;-0.87;0.00554118
-0.31;-0.86;0.00622956
-0.31;-0.85;0.00691739
-0.31;-0.84;0.00759957
-0.31;-0.83;0.00827943
-0.31;-0.82;0.00894996
-0.31;-0.81;0.00961793
-0.31;-0.8;0.0102786
-0.31;-0.79;0.0109269
-0.31;-0.78;0.011563
-0.31;-0.77;0.0121869
-0.31;-0.76;0.0127979
-0.31;-0.75;0.0133937
-0.31;-0.74;0.0139702
-0.31;-0.73;0.0145264
-0.31;-0.72;0.0150606
-0.31;-0.71;0.0155713
-0.31;-0.7;0.0160564
-0.31;-0.69;0.0165115
-0.31;-0.68;0.0169376
-0.31;-0.67;0.0173283
-0.31;-0.66;0.0176792
-0.31;-0.65;0.0179957
-0.31;-0.64;0.018265
-0.31;-0.63;0.0184914
-0.31;-0.62;0.0186694
-0.31;-0.61;0.0187922
-0.31;-0.6;0.0188572
-0.31;-0.59;0.0188658
-0.31;-0.58;0.0188105
-0.31;-0.57;0.0186872
-0.31;-0.56;0.0184962
-0.31;-0.55;0.0182257
-0.31;-0.54;0.0178768
-0.31;-0.53;0.0174416
-0.31;-0.52;0.0169222
-0.31;-0.51;0.0163068
-0.31;-0.5;0.0155915
-0.31;-0.49;0.0147646
-0.31;-0.48;0.0138254
-0.31;-0.47;0.0127817
-0.31;-0.46;0.0116175
-0.31;-0.45;0.0103141
-0.31;-0.44;0.00888787
-0.31;-0.43;0.0073044
-0.31;-0.42;0.00558115
-0.31;-0.41;0.00371594
-0.31;-0.4;0.00168178
-0.31;-0.39;9.92781e-20
-0.31;-0.38;1.80871e-33
-0.31;-0.37;1.84319e-33
-0.31;-0.36;1.87716e-33
-0.31;-0.35;1.91051e-33
-0.31;-0.34;1.94522e-33
-0.31;-0.33;1.98215e-33
-0.31;-0.32;2.02799e-33
-0.31;-0.31;2.06763e-33
-0.31;-0.3;2.11239e-33
-0.31;-0.29;2.16099e-33
-0.31;-0.28;2.21339e-33
-0.31;-0.27;2.26085e-33
-0.31;-0.26;2.31644e-33
-0.31;-0.25;2.3686e-33
-0.31;-0.24;2.42833e-33
-0.31;-0.23;2.44384e-33
-0.31;-0.22;2.48215e-33
-0.31;-0.21;2.52599e-33
-0.31;-0.2;2.60033e-33
-0.31;-0.19;2.76461e-33
-0.31;-0.18;2.83058e-33
-0.31;-0.17;2.7172e-33
-0.31;-0.16;2.98301e-33
-0.31;-0.15;3.05645e-33
-0.31;-0.14;2.83226e-33
-0.31;-0.13;2.91044e-33
-0.31;-0.12;3.29507e-33
-0.31;-0.11;3.36612e-33
-0.31;-0.1;3.01932e-33
-0.31;-0.09;3.05886e-33
-0.31;-0.08;3.13794e-33
-0.31;-0.07;3.16732e-33
-0.31;-0.06;3.6884e-33
-0.31;-0.05;3.73824e-33
-0.31;-0.04;3.77747e-33
-0.31;-0.03;3.81652e-33
-0.31;-0.02;3.83347e-33
-0.31;-0.01;3.85368e-33
-0.31;0;3.85435e-33
-0.31;0.01;3.85104e-33
-0.31;0.02;3.83783e-33
-0.31;0.03;3.8114e-33
-0.31;0.04;3.27561e-33
-0.31;0.05;3.23895e-33
-0.31;0.06;3.6934e-33
-0.31;0.07;3.6388e-33
-0.31;0.08;3.57588e-33
-0.31;0.09;3.05989e-33
-0.31;0.1;3.44933e-33
-0.31;0.11;3.365e-33
-0.31;0.12;3.29483e-33
-0.31;0.13;3.21737e-33
-0.31;0.14;3.13819e-33
-0.31;0.15;3.05743e-33
-0.31;0.16;2.98244e-33
-0.31;0.17;2.90916e-33
-0.31;0.18;2.82954e-33
-0.31;0.19;2.76902e-33
-0.31;0.2;2.60058e-33
-0.31;0.21;2.5207e-33
-0.31;0.22;2.55266e-33
-0.31;0.23;2.49331e-33
-0.31;0.24;2.43159e-33
-0.31;0.25;2.36974e-33
-0.31;0.26;2.31838e-33
-0.31;0.27;2.2586e-33
-0.31;0.28;2.20911e-33
-0.31;0.29;2.16213e-33
-0.31;0.3;2.11033e-33
-0.31;0.31;2.06767e-33
-0.31;0.32;2.02661e-33
-0.31;0.33;1.9884e-33
-0.31;0.34;1.94358e-33
-0.31;0.35;1.91272e-33
-0.31;0.36;1.87557e-33
-0.31;0.37;1.84164e-33
-0.31;0.38;1.81002e-33
-0.31;0.39;1.77902e-33
-0.31;0.4;0.00168107
-0.31;0.41;0.00371895
-0.31;0.42;0.00558011
-0.31;0.43;0.00730938
-0.31;0.44;0.00888074
-0.31;0.45;0.0103179
-0.31;0.46;0.0116145
-0.31;0.47;0.0127823
-0.31;0.48;0.0138247
-0.31;0.49;0.0147643
-0.31;0.5;0.0155898
-0.31;0.51;0.0163073
-0.31;0.52;0.0169232
-0.31;0.53;0.0174466
-0.31;0.54;0.0178752
-0.31;0.55;0.0182269
-0.31;0.56;0.0184959
-0.31;0.57;0.0186874
-0.31;0.58;0.0188171
-0.31;0.59;0.0188677
-0.31;0.6;0.0188583
-0.31;0.61;0.0187906
-0.31;0.62;0.0186681
-0.31;0.63;0.0184912
-0.31;0.64;0.018266
-0.31;0.65;0.0179941
-0.31;0.66;0.0176809
-0.31;0.67;0.0173271
-0.31;0.68;0.0169371
-0.31;0.69;0.0165118
-0.31;0.7;0.0160566
-0.31;0.71;0.0155724
-0.31;0.72;0.0150642
-0.31;0.73;0.0145261
-0.31;0.74;0.0139687
-0.31;0.75;0.013395
-0.31;0.76;0.0127986
-0.31;0.77;0.01219
-0.31;0.78;0.0115633
-0.31;0.79;0.0109261
-0.31;0.8;0.0102759
-0.31;0.81;0.00961835
-0.31;0.82;0.0089502
-0.31;0.83;0.00827935
-0.31;0.84;0.0075989
-0.31;0.85;0.00691607
-0.31;0.86;0.00622843
-0.31;0.87;0.00553819
-0.31;0.88;0.00484888
-0.31;0.89;0.00415563
-0.31;0.9;0.00346678
-0.31;0.91;0.00277755
-0.31;0.92;0.00209002
-0.31;0.93;0.00140427
-0.31;0.94;0.000723965
-0.31;0.95;4.91195e-05
-0.31;0.96;8.8289e-34
-0.31;0.97;8.79495e-34
-0.31;0.98;-4.80194e-20
-0.31;0.99;8.70797e-34
-0.3;-1;8.60518e-34
-0.3;-0.99;8.63673e-34
-0.3;-0.98;8.66828e-34
-0.3;-0.97;2.40318e-20
-0.3;-0.96;8.73035e-34
-0.3;-0.95;0.000265014
-0.3;-0.94;0.000934706
-0.3;-0.93;0.00161146
-0.3;-0.92;0.0022883
-0.3;-0.91;0.00297082
-0.3;-0.9;0.00364875
-0.3;-0.89;0.00433435
-0.3;-0.88;0.00501612
-0.3;-0.87;0.00569839
-0.3;-0.86;0.00637683
-0.3;-0.85;0.00705364
-0.3;-0.84;0.00772698
-0.3;-0.83;0.00839392
-0.3;-0.82;0.00905598
-0.3;-0.81;0.00970966
-0.3;-0.8;0.0103568
-0.3;-0.79;0.0109884
-0.3;-0.78;0.0116135
-0.3;-0.77;0.012223
-0.3;-0.76;0.012818
-0.3;-0.75;0.0133959
-0.3;-0.74;0.0139519
-0.3;-0.73;0.0144877
-0.3;-0.72;0.0150028
-0.3;-0.71;0.015489
-0.3;-0.7;0.0159511
-0.3;-0.69;0.0163813
-0.3;-0.68;0.0167804
-0.3;-0.67;0.0171445
-0.3;-0.66;0.0174687
-0.3;-0.65;0.0177556
-0.3;-0.64;0.0179948
-0.3;-0.63;0.0181888
-0.3;-0.62;0.0183308
-0.3;-0.61;0.0184206
-0.3;-0.6;0.0184447
-0.3;-0.59;0.0184207
-0.3;-0.58;0.0183281
-0.3;-0.57;0.0181647
-0.3;-0.56;0.0179306
-0.3;-0.55;0.0176143
-0.3;-0.54;0.0172128
-0.3;-0.53;0.0167234
-0.3;-0.52;0.016144
-0.3;-0.51;0.0154708
-0.3;-0.5;0.0147011
-0.3;-0.49;0.0138178
-0.3;-0.48;0.0128165
-0.3;-0.47;0.0116947
-0.3;-0.46;0.01045
-0.3;-0.45;0.00907903
-0.3;-0.44;0.00757246
-0.3;-0.43;0.00591138
-0.3;-0.42;0.00410018
-0.3;-0.41;0.00213634
-0.3;-0.4;1.76302e-06
-0.3;-0.39;1.74464e-33
-0.3;-0.38;1.77195e-33
-0.3;-0.37;1.80137e-33
-0.3;-0.36;1.83651e-33
-0.3;-0.35;-1.045e-19
-0.3;-0.34;1.9062e-33
-0.3;-0.33;1.94175e-33
-0.3;-0.32;1.97638e-33
-0.3;-0.31;2.02706e-33
-0.3;-0.3;2.06763e-33
-0.3;-0.29;2.11348e-33
-0.3;-0.28;2.16427e-33
-0.3;-0.27;2.21796e-33
-0.3;-0.26;2.27253e-33
-0.3;-0.25;2.32399e-33
-0.3;-0.24;2.38517e-33
-0.3;-0.23;2.43823e-33
-0.3;-0.22;2.44384e-33
-0.3;-0.21;2.48215e-33
-0.3;-0.2;2.52599e-33
-0.3;-0.19;2.71387e-33
-0.3;-0.18;2.78688e-33
-0.3;-0.17;2.68143e-33
-0.3;-0.16;2.7172e-33
-0.3;-0.15;3.01621e-33
-0.3;-0.14;3.09775e-33
-0.3;-0.13;3.18337e-33
-0.3;-0.12;3.26202e-33
-0.3;-0.11;3.35207e-33
-0.3;-0.1;3.42266e-33
-0.3;-0.09;3.50635e-33
-0.3;-0.08;3.55343e-33
-0.3;-0.07;3.13794e-33
-0.3;-0.06;3.67e-33
-0.3;-0.05;3.20118e-33
-0.3;-0.04;3.77544e-33
-0.3;-0.03;3.81555e-33
-0.3;-0.02;3.83286e-33
-0.3;-0.01;3.85336e-33
-0.3;0;3.85437e-33
-0.3;0.01;3.3727e-33
-0.3;0.02;3.83731e-33
-0.3;0.03;3.8036e-33
-0.3;0.04;3.77868e-33
-0.3;0.05;3.73299e-33
-0.3;0.06;3.68718e-33
-0.3;0.07;3.61989e-33
-0.3;0.08;3.55089e-33
-0.3;0.09;3.01943e-33
-0.3;0.1;2.98583e-33
-0.3;0.11;2.94922e-33
-0.3;0.12;3.2625e-33
-0.3;0.13;2.83111e-33
-0.3;0.14;3.09536e-33
-0.3;0.15;3.01624e-33
-0.3;0.16;2.94365e-33
-0.3;0.17;2.86457e-33
-0.3;0.18;2.78909e-33
-0.3;0.19;2.7142e-33
-0.3;0.2;2.5207e-33
-0.3;0.21;2.57789e-33
-0.3;0.22;2.50602e-33
-0.3;0.23;2.41096e-33
-0.3;0.24;2.37367e-33
-0.3;0.25;2.32527e-33
-0.3;0.26;2.27217e-33
-0.3;0.27;2.21281e-33
-0.3;0.28;2.16527e-33
-0.3;0.29;2.11129e-33
-0.3;0.3;-1.1706e-19
-0.3;0.31;2.02568e-33
-0.3;0.32;1.98196e-33
-0.3;0.33;1.94084e-33
-0.3;0.34;1.9078e-33
-0.3;0.35;1.87014e-33
-0.3;0.36;1.83546e-33
-0.3;0.37;1.80334e-33
-0.3;0.38;1.771e-33
-0.3;0.39;1.74374e-33
-0.3;0.4;1.78972e-06
-0.3;0.41;0.00213618
-0.3;0.42;0.00409192
-0.3;0.43;0.00591275
-0.3;0.44;0.00757372
-0.3;0.45;0.00907932
-0.3;0.46;0.0104471
-0.3;0.47;0.0116985
-0.3;0.48;0.012816
-0.3;0.49;0.0138167
-0.3;0.5;0.0146965
-0.3;0.51;0.0154701
-0.3;0.52;0.0161472
-0.3;0.53;0.0167222
-0.3;0.54;0.017211
-0.3;0.55;0.0176116
-0.3;0.56;0.0179335
-0.3;0.57;0.0181651
-0.3;0.58;0.0183262
-0.3;0.59;0.0184223
-0.3;0.6;0.0184525
-0.3;0.61;0.0184201
-0.3;0.62;0.0183318
-0.3;0.63;0.0181887
-0.3;0.64;0.017994
-0.3;0.65;0.0177534
-0.3;0.66;0.0174685
-0.3;0.67;0.0171455
-0.3;0.68;0.0167816
-0.3;0.69;0.016382
-0.3;0.7;0.0159516
-0.3;0.71;0.015491
-0.3;0.72;0.0150037
-0.3;0.73;0.0144886
-0.3;0.74;0.0139525
-0.3;0.75;0.013395
-0.3;0.76;0.012818
-0.3;0.77;0.0122233
-0.3;0.78;0.0116134
-0.3;0.79;0.01099
-0.3;0.8;0.010357
-0.3;0.81;0.009709
-0.3;0.82;0.00905539
-0.3;0.83;0.00839537
-0.3;0.84;0.00772787
-0.3;0.85;0.0070529
-0.3;0.86;0.00637402
-0.3;0.87;0.0056934
-0.3;0.88;0.00501549
-0.3;0.89;0.00433342
-0.3;0.9;0.0036482
-0.3;0.91;0.00297007
-0.3;0.92;0.00228764
-0.3;0.93;0.0016095
-0.3;0.94;0.000933334
-0.3;0.95;0.00026076
-0.3;0.96;-2.40097e-20
-0.3;0.97;8.69252e-34
-0.3;0.98;8.66397e-34
-0.3;0.99;8.63542e-34
-0.29;-1;8.51844e-34
-0.29;-0.99;8.54402e-34
-0.29;-0.98;8.56959e-34
-0.29;-0.97;8.59612e-34
-0.29;-0.96;8.62767e-34
-0.29;-0.95;0.000467894
-0.29;-0.94;0.00113009
-0.29;-0.93;0.00180213
-0.29;-0.92;0.00247298
-0.29;-0.91;0.00314846
-0.29;-0.9;0.00382036
-0.29;-0.89;0.00449733
-0.29;-0.88;0.00517145
-0.29;-0.87;0.00584284
-0.29;-0.86;0.00651416
-0.29;-0.85;0.00717891
-0.29;-0.84;0.00784109
-0.29;-0.83;0.00850045
-0.29;-0.82;0.00915127
-0.29;-0.81;0.00979316
-0.29;-0.8;0.0104245
-0.29;-0.79;0.0110439
-0.29;-0.78;0.0116531
-0.29;-0.77;0.0122452
-0.29;-0.76;0.0128239
-0.29;-0.75;0.0133827
-0.29;-0.74;0.0139213
-0.29;-0.73;0.0144404
-0.29;-0.72;0.0149337
-0.29;-0.71;0.015405
-0.29;-0.7;0.0158436
-0.29;-0.69;0.0162516
-0.29;-0.68;0.0166264
-0.29;-0.67;0.0169638
-0.29;-0.66;0.0172626
-0.29;-0.65;0.0175175
-0.29;-0.64;0.0177285
-0.29;-0.63;0.0178899
-0.29;-0.62;0.0179997
-0.29;-0.61;0.0180521
-0.29;-0.6;0.0180451
-0.29;-0.59;0.0179769
-0.29;-0.58;0.0178432
-0.29;-0.57;0.0176351
-0.29;-0.56;0.0173529
-0.29;-0.55;0.0169921
-0.29;-0.54;0.0165492
-0.29;-0.53;0.0160172
-0.29;-0.52;0.0153821
-0.29;-0.51;0.0146502
-0.29;-0.5;0.0138139
-0.29;-0.49;0.0128724
-0.29;-0.48;0.0118107
-0.29;-0.47;0.0106246
-0.29;-0.46;0.00931043
-0.29;-0.45;0.00786518
-0.29;-0.44;0.00627109
-0.29;-0.43;0.00453788
-0.29;-0.42;0.00263403
-0.29;-0.41;0.000574576
-0.29;-0.4;1.68304e-33
-0.29;-0.39;1.70923e-33
-0.29;-0.38;1.73584e-33
-0.29;-0.37;1.76343e-33
-0.29;-0.36;1.79402e-33
-0.29;-0.35;1.82984e-33
-0.29;-0.34;-1.045e-19
-0.29;-0.33;1.90189e-33
-0.29;-0.32;1.93827e-33
-0.29;-0.31;1.97396e-33
-0.29;-0.3;2.02613e-33
-0.29;-0.29;2.06763e-33
-0.29;-0.28;2.11457e-33
-0.29;-0.27;2.16755e-33
-0.29;-0.26;2.22253e-33
-0.29;-0.25;2.27834e-33
-0.29;-0.24;2.33153e-33
-0.29;-0.23;2.3944e-33
-0.29;-0.22;2.45894e-33
-0.29;-0.21;2.44384e-33
-0.29;-0.2;2.59372e-33
-0.29;-0.19;2.52599e-33
-0.29;-0.18;2.74125e-33
-0.29;-0.17;2.82082e-33
-0.29;-0.16;2.68143e-33
-0.29;-0.15;2.7172e-33
-0.29;-0.14;3.05715e-33
-0.29;-0.13;3.15197e-33
-0.29;-0.12;2.83226e-33
-0.29;-0.11;3.32035e-33
-0.29;-0.1;3.39183e-33
-0.29;-0.09;2.98658e-33
-0.29;-0.08;3.01932e-33
-0.29;-0.07;3.05886e-33
-0.29;-0.06;3.66492e-33
-0.29;-0.05;3.72952e-33
-0.29;-0.04;3.76906e-33
-0.29;-0.03;3.23843e-33
-0.29;-0.02;3.83225e-33
-0.29;-0.01;3.34682e-33
-0.29;0;3.85439e-33
-0.29;0.01;3.34302e-33
-0.29;0.02;3.8368e-33
-0.29;0.03;3.80163e-33
-0.29;0.04;3.20083e-33
-0.29;0.05;3.72847e-33
-0.29;0.06;3.13819e-33
-0.29;0.07;3.60018e-33
-0.29;0.08;3.54028e-33
-0.29;0.09;3.46571e-33
-0.29;0.1;3.39193e-33
-0.29;0.11;3.31874e-33
-0.29;0.12;3.22656e-33
-0.29;0.13;2.79488e-33
-0.29;0.14;3.05814e-33
-0.29;0.15;2.71762e-33
-0.29;0.16;2.68094e-33
-0.29;0.17;2.82046e-33
-0.29;0.18;2.74538e-33
-0.29;0.19;2.67004e-33
-0.29;0.2;2.48309e-33
-0.29;0.21;2.53004e-33
-0.29;0.22;2.41096e-33
-0.29;0.23;2.37367e-33
-0.29;0.24;2.33216e-33
-0.29;0.25;2.27884e-33
-0.29;0.26;2.21651e-33
-0.29;0.27;2.16841e-33
-0.29;0.28;2.11224e-33
-0.29;0.29;2.06767e-33
-0.29;0.3;2.02475e-33
-0.29;0.31;1.97872e-33
-0.29;0.32;1.93811e-33
-0.29;0.33;1.90289e-33
-0.29;0.34;1.86472e-33
-0.29;0.35;1.82928e-33
-0.29;0.36;1.79429e-33
-0.29;0.37;1.76177e-33
-0.29;0.38;1.735e-33
-0.29;0.39;1.70766e-33
-0.29;0.4;1.68185e-33
-0.29;0.41;0.000573959
-0.29;0.42;0.00263348
-0.29;0.43;0.00453966
-0.29;0.44;0.00627413
-0.29;0.45;0.0078656
-0.29;0.46;0.00930824
-0.29;0.47;0.0106257
-0.29;0.48;0.0118152
-0.29;0.49;0.0128674
-0.29;0.5;0.0138119
-0.29;0.51;0.014652
-0.29;0.52;0.015383
-0.29;0.53;0.0160192
-0.29;0.54;0.0165487
-0.29;0.55;0.0169946
-0.29;0.56;0.0173551
-0.29;0.57;0.0176342
-0.29;0.58;0.0178392
-0.29;0.59;0.0179767
-0.29;0.6;0.0180459
-0.29;0.61;0.0180536
-0.29;0.62;0.0179996
-0.29;0.63;0.0178897
-0.29;0.64;0.0177286
-0.29;0.65;0.0175128
-0.29;0.66;0.0172581
-0.29;0.67;0.0169603
-0.29;0.68;0.0166256
-0.29;0.69;0.0162524
-0.29;0.7;0.0158436
-0.29;0.71;0.0154045
-0.29;0.72;0.0149346
-0.29;0.73;0.0144413
-0.29;0.74;0.0139219
-0.29;0.75;0.0133821
-0.29;0.76;0.0128224
-0.29;0.77;0.0122462
-0.29;0.78;0.0116524
-0.29;0.79;0.0110434
-0.29;0.8;0.0104235
-0.29;0.81;0.00979372
-0.29;0.82;0.00915108
-0.29;0.83;0.00849838
-0.29;0.84;0.00784598
-0.29;0.85;0.00718002
-0.29;0.86;0.00651335
-0.29;0.87;0.00584488
-0.29;0.88;0.00517166
-0.29;0.89;0.00449737
-0.29;0.9;0.00382007
-0.29;0.91;0.00314875
-0.29;0.92;0.00247188
-0.29;0.93;0.00180211
-0.29;0.94;0.00113227
-0.29;0.95;0.000462209
-0.29;0.96;-4.73426e-20
-0.29;0.97;-2.36713e-20
-0.29;0.98;8.57344e-34
-0.29;0.99;8.54747e-34
-0.28;-1;8.43387e-34
-0.28;-0.99;-4.08426e-20
-0.28;-0.98;8.48155e-34
-0.28;-0.97;8.50713e-34
-0.28;-0.96;8.53271e-34
-0.28;-0.95;0.000656298
-0.28;-0.94;0.00131803
-0.28;-0.93;0.00198041
-0.28;-0.92;0.00264773
-0.28;-0.91;0.00331464
-0.28;-0.9;0.0039821
-0.28;-0.89;0.00464788
-0.28;-0.88;0.00531373
-0.28;-0.87;0.00598032
-0.28;-0.86;0.00664172
-0.28;-0.85;0.00729899
-0.28;-0.84;0.00795221
-0.28;-0.83;0.00859694
-0.28;-0.82;0.00923524
-0.28;-0.81;0.00986455
-0.28;-0.8;0.0104819
-0.28;-0.79;0.0110905
-0.28;-0.78;0.0116844
-0.28;-0.77;0.0122606
-0.28;-0.76;0.0128209
-0.28;-0.75;0.0133629
-0.28;-0.74;0.0138853
-0.28;-0.73;0.0143832
-0.28;-0.72;0.0148596
-0.28;-0.71;0.0153048
-0.28;-0.7;0.0157211
-0.28;-0.69;0.016105
-0.28;-0.68;0.0164553
-0.28;-0.67;0.0167683
-0.28;-0.66;0.0170403
-0.28;-0.65;0.0172677
-0.28;-0.64;0.0174477
-0.28;-0.63;0.0175788
-0.28;-0.62;0.017658
-0.28;-0.61;0.017678
-0.28;-0.6;0.0176383
-0.28;-0.59;0.0175355
-0.28;-0.58;0.017364
-0.28;-0.57;0.0171178
-0.28;-0.56;0.0167913
-0.28;-0.55;0.0163813
-0.28;-0.54;0.0158903
-0.28;-0.53;0.0153052
-0.28;-0.52;0.0146236
-0.28;-0.51;0.0138461
-0.28;-0.5;0.0129506
-0.28;-0.49;0.0119421
-0.28;-0.48;0.010819
-0.28;-0.47;0.00957292
-0.28;-0.46;0.00819716
-0.28;-0.45;0.00667167
-0.28;-0.44;0.00500234
-0.28;-0.43;0.00319004
-0.28;-0.42;0.00121201
-0.28;-0.41;1.61968e-33
-0.28;-0.4;1.64429e-33
-0.28;-0.39;1.672e-33
-0.28;-0.38;1.70005e-33
-0.28;-0.37;1.72749e-33
-0.28;-0.36;1.75579e-33
-0.28;-0.35;1.78506e-33
-0.28;-0.34;1.81941e-33
-0.28;-0.33;1.85767e-33
-0.28;-0.32;1.89758e-33
-0.28;-0.31;1.9348e-33
-0.28;-0.3;1.97154e-33
-0.28;-0.29;2.0252e-33
-0.28;-0.28;2.06763e-33
-0.28;-0.27;2.11565e-33
-0.28;-0.26;2.17083e-33
-0.28;-0.25;2.2271e-33
-0.28;-0.24;2.28415e-33
-0.28;-0.23;2.34876e-33
-0.28;-0.22;2.40363e-33
-0.28;-0.21;2.47082e-33
-0.28;-0.2;2.44384e-33
-0.28;-0.19;2.62128e-33
-0.28;-0.18;2.70013e-33
-0.28;-0.17;2.77454e-33
-0.28;-0.16;2.85614e-33
-0.28;-0.15;2.93791e-33
-0.28;-0.14;2.7172e-33
-0.28;-0.13;2.75148e-33
-0.28;-0.12;3.19002e-33
-0.28;-0.11;2.83226e-33
-0.28;-0.1;3.36299e-33
-0.28;-0.09;2.94804e-33
-0.28;-0.08;3.52376e-33
-0.28;-0.07;3.58992e-33
-0.28;-0.06;3.05886e-33
-0.28;-0.05;3.72515e-33
-0.28;-0.04;3.16732e-33
-0.28;-0.03;3.80604e-33
-0.28;-0.02;3.23843e-33
-0.28;-0.01;3.27516e-33
-0.28;0;3.85441e-33
-0.28;0.01;3.27561e-33
-0.28;0.02;3.83629e-33
-0.28;0.03;3.79967e-33
-0.28;0.04;3.16941e-33
-0.28;0.05;3.71564e-33
-0.28;0.06;3.65163e-33
-0.28;0.07;3.59301e-33
-0.28;0.08;3.51969e-33
-0.28;0.09;3.4514e-33
-0.28;0.1;3.36144e-33
-0.28;0.11;3.28656e-33
-0.28;0.12;3.19048e-33
-0.28;0.13;2.75719e-33
-0.28;0.14;3.01533e-33
-0.28;0.15;2.68094e-33
-0.28;0.16;2.85624e-33
-0.28;0.17;2.60058e-33
-0.28;0.18;2.70012e-33
-0.28;0.19;2.48309e-33
-0.28;0.2;2.54479e-33
-0.28;0.21;2.41096e-33
-0.28;0.22;2.40569e-33
-0.28;0.23;2.33685e-33
-0.28;0.24;2.28551e-33
-0.28;0.25;2.22021e-33
-0.28;0.26;2.17154e-33
-0.28;0.27;2.1132e-33
-0.28;0.28;1.1706e-19
-0.28;0.29;2.02381e-33
-0.28;0.3;1.97548e-33
-0.28;0.31;1.93538e-33
-0.28;0.32;1.89797e-33
-0.28;0.33;1.85504e-33
-0.28;0.34;-1.02548e-19
-0.28;0.35;1.78626e-33
-0.28;0.36;1.75444e-33
-0.28;0.37;1.72637e-33
-0.28;0.38;1.69865e-33
-0.28;0.39;1.67062e-33
-0.28;0.4;1.64372e-33
-0.28;0.41;1.62056e-33
-0.28;0.42;0.00120774
-0.28;0.43;0.00319452
-0.28;0.44;0.00500374
-0.28;0.45;0.00666886
-0.28;0.46;0.00819386
-0.28;0.47;0.00957758
-0.28;0.48;0.0108188
-0.28;0.49;0.0119407
-0.28;0.5;0.012953
-0.28;0.51;0.013846
-0.28;0.52;0.0146267
-0.28;0.53;0.0153105
-0.28;0.54;0.0158891
-0.28;0.55;0.016384
-0.28;0.56;0.0167927
-0.28;0.57;0.0171169
-0.28;0.58;0.0173624
-0.28;0.59;0.0175348
-0.28;0.6;0.0176384
-0.28;0.61;0.0176796
-0.28;0.62;0.0176579
-0.28;0.63;0.0175791
-0.28;0.64;0.0174495
-0.28;0.65;0.0172668
-0.28;0.66;0.0170401
-0.28;0.67;0.0167675
-0.28;0.68;0.0164556
-0.28;0.69;0.0161053
-0.28;0.7;0.0157213
-0.28;0.71;0.0153042
-0.28;0.72;0.0148585
-0.28;0.73;0.014385
-0.28;0.74;0.0138886
-0.28;0.75;0.0133631
-0.28;0.76;0.0128217
-0.28;0.77;0.0122604
-0.28;0.78;0.0116826
-0.28;0.79;0.0110914
-0.28;0.8;0.0104822
-0.28;0.81;0.00986151
-0.28;0.82;0.00923551
-0.28;0.83;0.00859648
-0.28;0.84;0.00794872
-0.28;0.85;0.00729942
-0.28;0.86;0.00664225
-0.28;0.87;0.00597851
-0.28;0.88;0.00531315
-0.28;0.89;0.00465039
-0.28;0.9;0.00398228
-0.28;0.91;0.00331379
-0.28;0.92;0.00264692
-0.28;0.93;0.0019804
-0.28;0.94;0.00131848
-0.28;0.95;0.000656493
-0.28;0.96;8.53599e-34
-0.28;0.97;8.51002e-34
-0.28;0.98;8.48406e-34
-0.28;0.99;8.46149e-34
-0.27;-1;8.34667e-34
-0.27;-0.99;8.368e-34
-0.27;-0.98;8.39323e-34
-0.27;-0.97;8.41846e-34
-0.27;-0.96;0.000185871
-0.27;-0.95;0.000839153
-0.27;-0.94;0.00149147
-0.27;-0.93;0.00215398
-0.27;-0.92;0.00280866
-0.27;-0.91;0.00347171
-0.27;-0.9;0.00413281
-0.27;-0.89;0.00479362
-0.27;-0.88;0.00544934
-0.27;-0.87;0.00610642
-0.27;-0.86;0.00676024
-0.27;-0.85;0.00740673
-0.27;-0.84;0.00804891
-0.27;-0.83;0.00868289
-0.27;-0.82;0.00930713
-0.27;-0.81;0.00992306
-0.27;-0.8;0.010531
-0.27;-0.79;0.0111262
-0.27;-0.78;0.0117028
-0.27;-0.77;0.0122678
-0.27;-0.76;0.012814
-0.27;-0.75;0.0133413
-0.27;-0.74;0.0138457
-0.27;-0.73;0.0143249
-0.27;-0.72;0.0147792
-0.27;-0.71;0.0152066
-0.27;-0.7;0.0156028
-0.27;-0.69;0.0159624
-0.27;-0.68;0.0162883
-0.27;-0.67;0.016575
-0.27;-0.66;0.0168215
-0.27;-0.65;0.0170232
-0.27;-0.64;0.0171759
-0.27;-0.63;0.0172795
-0.27;-0.62;0.0173268
-0.27;-0.61;0.017305
-0.27;-0.6;0.017238
-0.27;-0.59;0.0170897
-0.27;-0.58;0.0168807
-0.27;-0.57;0.0165921
-0.27;-0.56;0.0162291
-0.27;-0.55;0.0157816
-0.27;-0.54;0.0152469
-0.27;-0.53;0.0146118
-0.27;-0.52;0.0138752
-0.27;-0.51;0.0130431
-0.27;-0.5;0.0120999
-0.27;-0.49;0.011045
-0.27;-0.48;0.00985107
-0.27;-0.47;0.0085384
-0.27;-0.46;0.00710029
-0.27;-0.45;0.00550696
-0.27;-0.44;0.00376397
-0.27;-0.43;0.00187324
-0.27;-0.42;1.56515e-33
-0.27;-0.41;1.58749e-33
-0.27;-0.4;9.14215e-20
-0.27;-0.39;1.63335e-33
-0.27;-0.38;1.66097e-33
-0.27;-0.37;1.69087e-33
-0.27;-0.36;1.71276e-33
-0.27;-0.35;1.74815e-33
-0.27;-0.34;9.92781e-20
-0.27;-0.33;1.81207e-33
-0.27;-0.32;1.85099e-33
-0.27;-0.31;1.89327e-33
-0.27;-0.3;1.93132e-33
-0.27;-0.29;1.96912e-33
-0.27;-0.28;2.02427e-33
-0.27;-0.27;2.06763e-33
-0.27;-0.26;2.1255e-33
-0.27;-0.25;2.17411e-33
-0.27;-0.24;2.24068e-33
-0.27;-0.23;2.28996e-33
-0.27;-0.22;2.35684e-33
-0.27;-0.21;2.4238e-33
-0.27;-0.2;2.49716e-33
-0.27;-0.19;2.56212e-33
-0.27;-0.18;2.63771e-33
-0.27;-0.17;2.72961e-33
-0.27;-0.16;2.81107e-33
-0.27;-0.15;2.63928e-33
-0.27;-0.14;2.97748e-33
-0.27;-0.13;3.05785e-33
-0.27;-0.12;3.15643e-33
-0.27;-0.11;3.2353e-33
-0.27;-0.1;3.33418e-33
-0.27;-0.09;3.42289e-33
-0.27;-0.08;3.51169e-33
-0.27;-0.07;3.56669e-33
-0.27;-0.06;3.6479e-33
-0.27;-0.05;3.05886e-33
-0.27;-0.04;3.75768e-33
-0.27;-0.03;3.79583e-33
-0.27;-0.02;3.82793e-33
-0.27;-0.01;3.85239e-33
-0.27;0;3.85442e-33
-0.27;0.01;3.84991e-33
-0.27;0.02;3.83577e-33
-0.27;0.03;3.79315e-33
-0.27;0.04;3.75191e-33
-0.27;0.05;3.05989e-33
-0.27;0.06;3.64292e-33
-0.27;0.07;3.57322e-33
-0.27;0.08;2.94922e-33
-0.27;0.09;3.42244e-33
-0.27;0.1;2.83111e-33
-0.27;0.11;2.79488e-33
-0.27;0.12;2.75719e-33
-0.27;0.13;3.05886e-33
-0.27;0.14;2.97719e-33
-0.27;0.15;2.63916e-33
-0.27;0.16;2.81139e-33
-0.27;0.17;2.5207e-33
-0.27;0.18;2.48309e-33
-0.27;0.19;2.55954e-33
-0.27;0.2;2.41096e-33
-0.27;0.21;2.42681e-33
-0.27;0.22;2.33685e-33
-0.27;0.23;2.29219e-33
-0.27;0.24;2.23449e-33
-0.27;0.25;1.23119e-19
-0.27;0.26;2.12293e-33
-0.27;0.27;2.06767e-33
-0.27;0.28;2.02288e-33
-0.27;0.29;1.97224e-33
-0.27;0.3;1.93264e-33
-0.27;0.31;1.89305e-33
-0.27;0.32;-1.04319e-19
-0.27;0.33;1.81307e-33
-0.27;0.34;1.77824e-33
-0.27;0.35;1.7471e-33
-0.27;0.36;1.71773e-33
-0.27;0.37;1.68963e-33
-0.27;0.38;1.6594e-33
-0.27;0.39;1.63385e-33
-0.27;0.4;1.60978e-33
-0.27;0.41;1.58736e-33
-0.27;0.42;1.56535e-33
-0.27;0.43;0.00187894
-0.27;0.44;0.00376743
-0.27;0.45;0.00550803
-0.27;0.46;0.00709729
-0.27;0.47;0.00853978
-0.27;0.48;0.00985219
-0.27;0.49;0.0110384
-0.27;0.5;0.0121023
-0.27;0.51;0.0130434
-0.27;0.52;0.0138807
-0.27;0.53;0.0146105
-0.27;0.54;0.0152471
-0.27;0.55;0.0157833
-0.27;0.56;0.0162283
-0.27;0.57;0.0165947
-0.27;0.58;0.0168797
-0.27;0.59;0.017091
-0.27;0.6;0.0172345
-0.27;0.61;0.0173114
-0.27;0.62;0.0173245
-0.27;0.63;0.0172796
-0.27;0.64;0.0171763
-0.27;0.65;0.0170221
-0.27;0.66;0.0168214
-0.27;0.67;0.0165765
-0.27;0.68;0.0162896
-0.27;0.69;0.0159633
-0.27;0.7;0.0156003
-0.27;0.71;0.0152047
-0.27;0.72;0.0147794
-0.27;0.73;0.0143257
-0.27;0.74;0.0138462
-0.27;0.75;0.0133421
-0.27;0.76;0.0128154
-0.27;0.77;0.0122692
-0.27;0.78;0.011706
-0.27;0.79;0.0111249
-0.27;0.8;0.0105319
-0.27;0.81;0.00992758
-0.27;0.82;0.00930733
-0.27;0.83;0.00868286
-0.27;0.84;0.00804892
-0.27;0.85;0.00740616
-0.27;0.86;0.00676031
-0.27;0.87;0.00610592
-0.27;0.88;0.00545252
-0.27;0.89;0.00479084
-0.27;0.9;0.00413218
-0.27;0.91;0.00347191
-0.27;0.92;0.00280915
-0.27;0.93;0.0021541
-0.27;0.94;0.00149448
-0.27;0.95;0.000839378
-0.27;0.96;0.000185921
-0.27;0.97;8.42167e-34
-0.27;0.98;8.39695e-34
-0.27;0.99;8.37223e-34
-0.26;-1;8.26024e-34
-0.26;-0.99;8.2831e-34
-0.26;-0.98;8.30596e-34
-0.26;-0.97;2.30111e-20
-0.26;-0.96;0.000362211
-0.26;-0.95;0.00100861
-0.26;-0.94;0.00165955
-0.26;-0.93;0.00231351
-0.26;-0.92;0.0029653
-0.26;-0.91;0.00362009
-0.26;-0.9;0.00427377
-0.26;-0.89;0.0049258
-0.26;-0.88;0.00557612
-0.26;-0.87;0.00622334
-0.26;-0.86;0.00686393
-0.26;-0.85;0.00750174
-0.26;-0.84;0.00813585
-0.26;-0.83;0.00876082
-0.26;-0.82;0.00937668
-0.26;-0.81;0.0099808
-0.26;-0.8;0.0105739
-0.26;-0.79;0.0111541
-0.26;-0.78;0.0117196
-0.26;-0.77;0.012267
-0.26;-0.76;0.0127987
-0.26;-0.75;0.0133083
-0.26;-0.74;0.0137949
-0.26;-0.73;0.0142562
-0.26;-0.72;0.0146916
-0.26;-0.71;0.0150985
-0.26;-0.7;0.0154734
-0.26;-0.69;0.0158145
-0.26;-0.68;0.0161146
-0.26;-0.67;0.0163783
-0.26;-0.66;0.0165983
-0.26;-0.65;0.016773
-0.26;-0.64;0.0168978
-0.26;-0.63;0.0169674
-0.26;-0.62;0.0169813
-0.26;-0.61;0.0169387
-0.26;-0.6;0.0168282
-0.26;-0.59;0.0166564
-0.26;-0.58;0.0164118
-0.26;-0.57;0.0160878
-0.26;-0.56;0.015676
-0.26;-0.55;0.0151843
-0.26;-0.54;0.0146044
-0.26;-0.53;0.0139269
-0.26;-0.52;0.0131512
-0.26;-0.51;0.0122634
-0.26;-0.5;0.0112609
-0.26;-0.49;0.0101482
-0.26;-0.48;0.00891224
-0.26;-0.47;0.0075359
-0.26;-0.46;0.00602583
-0.26;-0.45;0.00437708
-0.26;-0.44;0.00256302
-0.26;-0.43;0.000595517
-0.26;-0.42;1.5297e-33
-0.26;-0.41;1.55161e-33
-0.26;-0.4;1.57545e-33
-0.26;-0.39;1.59743e-33
-0.26;-0.38;1.62096e-33
-0.26;-0.37;1.64771e-33
-0.26;-0.36;1.68561e-33
-0.26;-0.35;1.70731e-33
-0.26;-0.34;-6.10714e-21
-0.26;-0.33;-4.96391e-20
-0.26;-0.32;1.80472e-33
-0.26;-0.31;1.84432e-33
-0.26;-0.3;1.88283e-33
-0.26;-0.29;1.92785e-33
-0.26;-0.28;1.9667e-33
-0.26;-0.27;2.01427e-33
-0.26;-0.26;2.06763e-33
-0.26;-0.25;2.12728e-33
-0.26;-0.24;2.17738e-33
-0.26;-0.23;2.24521e-33
-0.26;-0.22;2.29577e-33
-0.26;-0.21;2.36492e-33
-0.26;-0.2;2.37242e-33
-0.26;-0.19;2.51198e-33
-0.26;-0.18;2.44384e-33
-0.26;-0.17;2.67132e-33
-0.26;-0.16;2.74692e-33
-0.26;-0.15;2.60033e-33
-0.26;-0.14;2.93353e-33
-0.26;-0.13;3.01444e-33
-0.26;-0.12;3.11993e-33
-0.26;-0.11;3.19668e-33
-0.26;-0.1;3.29799e-33
-0.26;-0.09;3.38987e-33
-0.26;-0.08;3.46478e-33
-0.26;-0.07;2.94804e-33
-0.26;-0.06;3.63098e-33
-0.26;-0.05;3.68897e-33
-0.26;-0.04;3.05886e-33
-0.26;-0.03;3.79253e-33
-0.26;-0.02;3.16732e-33
-0.26;-0.01;3.84901e-33
-0.26;0;3.85444e-33
-0.26;0.01;3.84963e-33
-0.26;0.02;3.83037e-33
-0.26;0.03;3.79205e-33
-0.26;0.04;3.05989e-33
-0.26;0.05;3.69383e-33
-0.26;0.06;2.98583e-33
-0.26;0.07;3.54676e-33
-0.26;0.08;2.91276e-33
-0.26;0.09;3.38993e-33
-0.26;0.1;3.29765e-33
-0.26;0.11;3.19665e-33
-0.26;0.12;3.11899e-33
-0.26;0.13;3.01443e-33
-0.26;0.14;2.63916e-33
-0.26;0.15;2.84791e-33
-0.26;0.16;2.76685e-33
-0.26;0.17;2.67092e-33
-0.26;0.18;2.58861e-33
-0.26;0.19;2.50869e-33
-0.26;0.2;2.37367e-33
-0.26;0.21;2.33685e-33
-0.26;0.22;2.29886e-33
-0.26;0.23;2.23991e-33
-0.26;0.24;2.17782e-33
-0.26;0.25;2.12498e-33
-0.26;0.26;-1.1706e-19
-0.26;0.27;2.0139e-33
-0.26;0.28;1.969e-33
-0.26;0.29;1.92991e-33
-0.26;0.3;1.88164e-33
-0.26;0.31;-1.04319e-19
-0.26;0.32;1.80639e-33
-0.26;0.33;1.77021e-33
-0.26;0.34;1.73582e-33
-0.26;0.35;1.70577e-33
-0.26;0.36;1.67661e-33
-0.26;0.37;1.64681e-33
-0.26;0.38;1.62186e-33
-0.26;0.39;1.59771e-33
-0.26;0.4;1.57517e-33
-0.26;0.41;1.55249e-33
-0.26;0.42;1.5329e-33
-0.26;0.43;0.000602271
-0.26;0.44;0.00256435
-0.26;0.45;0.00437548
-0.26;0.46;0.00602359
-0.26;0.47;0.00753673
-0.26;0.48;0.00891301
-0.26;0.49;0.0101501
-0.26;0.5;0.0112638
-0.26;0.51;0.0122614
-0.26;0.52;0.0131525
-0.26;0.53;0.0139276
-0.26;0.54;0.0146022
-0.26;0.55;0.0151847
-0.26;0.56;0.0156786
-0.26;0.57;0.0160859
-0.26;0.58;0.016413
-0.26;0.59;0.0166578
-0.26;0.6;0.0168308
-0.26;0.61;0.01694
-0.26;0.62;0.0169817
-0.26;0.63;0.0169676
-0.26;0.64;0.0168964
-0.26;0.65;0.0167726
-0.26;0.66;0.0165983
-0.26;0.67;0.0163781
-0.26;0.68;0.0161159
-0.26;0.69;0.0158131
-0.26;0.7;0.0154737
-0.26;0.71;0.0150978
-0.26;0.72;0.0146923
-0.26;0.73;0.0142564
-0.26;0.74;0.013794
-0.26;0.75;0.0133075
-0.26;0.76;0.0127962
-0.26;0.77;0.0122666
-0.26;0.78;0.0117202
-0.26;0.79;0.0111536
-0.26;0.8;0.0105743
-0.26;0.81;0.00998081
-0.26;0.82;0.00937666
-0.26;0.83;0.00876058
-0.26;0.84;0.0081359
-0.26;0.85;0.00750542
-0.26;0.86;0.00686712
-0.26;0.87;0.00622324
-0.26;0.88;0.00557753
-0.26;0.89;0.00492599
-0.26;0.9;0.00427351
-0.26;0.91;0.00362011
-0.26;0.92;0.00296541
-0.26;0.93;0.00231355
-0.26;0.94;0.00165951
-0.26;0.95;0.0010113
-0.26;0.96;0.000362402
-0.26;0.97;8.33291e-34
-0.26;0.98;8.30932e-34
-0.26;0.99;8.28573e-34
-0.25;-1;8.17786e-34
-0.25;-0.99;8.19928e-34
-0.25;-0.98;8.2207e-34
-0.25;-0.97;8.24206e-34
-0.25;-0.96;0.000528305
-0.25;-0.95;0.00116813
-0.25;-0.94;0.00181443
-0.25;-0.93;0.00246237
-0.25;-0.92;0.0031094
-0.25;-0.91;0.00375861
-0.25;-0.9;0.00440505
-0.25;-0.89;0.00504945
-0.25;-0.88;0.00569315
-0.25;-0.87;0.00633101
-0.25;-0.86;0.00696369
-0.25;-0.85;0.0075951
-0.25;-0.84;0.00821511
-0.25;-0.83;0.00882793
-0.25;-0.82;0.00943358
-0.25;-0.81;0.0100296
-0.25;-0.8;0.0106112
-0.25;-0.79;0.0111772
-0.25;-0.78;0.0117277
-0.25;-0.77;0.0122613
-0.25;-0.76;0.0127775
-0.25;-0.75;0.0132681
-0.25;-0.74;0.0137372
-0.25;-0.73;0.0141833
-0.25;-0.72;0.0145998
-0.25;-0.71;0.0149858
-0.25;-0.7;0.0153405
-0.25;-0.69;0.015657
-0.25;-0.68;0.0159441
-0.25;-0.67;0.0161787
-0.25;-0.66;0.0163738
-0.25;-0.65;0.0165233
-0.25;-0.64;0.0166221
-0.25;-0.63;0.016662
-0.25;-0.62;0.0166556
-0.25;-0.61;0.0165803
-0.25;-0.6;0.0164337
-0.25;-0.59;0.0162237
-0.25;-0.58;0.015939
-0.25;-0.57;0.0155775
-0.25;-0.56;0.0151373
-0.25;-0.55;0.0146075
-0.25;-0.54;0.0139826
-0.25;-0.53;0.0132553
-0.25;-0.52;0.0124316
-0.25;-0.51;0.0115005
-0.25;-0.5;0.0104509
-0.25;-0.49;0.00928402
-0.25;-0.48;0.00798515
-0.25;-0.47;0.00656459
-0.25;-0.46;0.00498526
-0.25;-0.45;0.00327719
-0.25;-0.44;0.0014022
-0.25;-0.43;1.47961e-33
-0.25;-0.42;1.49863e-33
-0.25;-0.41;1.51748e-33
-0.25;-0.4;8.71917e-20
-0.25;-0.39;1.56265e-33
-0.25;-0.38;1.587e-33
-0.25;-0.37;9.14215e-20
-0.25;-0.36;1.63677e-33
-0.25;-0.35;1.68561e-33
-0.25;-0.34;1.69813e-33
-0.25;-0.33;1.73967e-33
-0.25;-0.32;1.76676e-33
-0.25;-0.31;1.79738e-33
-0.25;-0.3;1.83765e-33
-0.25;-0.29;1.87777e-33
-0.25;-0.28;1.92437e-33
-0.25;-0.27;1.96428e-33
-0.25;-0.26;2.01204e-33
-0.25;-0.25;2.06763e-33
-0.25;-0.24;2.12907e-33
-0.25;-0.23;2.18066e-33
-0.25;-0.22;2.24975e-33
-0.25;-0.21;2.31517e-33
-0.25;-0.2;2.33667e-33
-0.25;-0.19;2.44359e-33
-0.25;-0.18;2.54108e-33
-0.25;-0.17;2.44384e-33
-0.25;-0.16;2.48215e-33
-0.25;-0.15;2.78447e-33
-0.25;-0.14;2.88776e-33
-0.25;-0.13;2.97471e-33
-0.25;-0.12;2.68143e-33
-0.25;-0.11;3.16089e-33
-0.25;-0.1;3.26115e-33
-0.25;-0.09;2.79331e-33
-0.25;-0.08;3.45282e-33
-0.25;-0.07;2.91044e-33
-0.25;-0.06;3.60305e-33
-0.25;-0.05;2.98658e-33
-0.25;-0.04;3.01932e-33
-0.25;-0.03;3.78923e-33
-0.25;-0.02;3.82982e-33
-0.25;-0.01;3.16732e-33
-0.25;0;3.85446e-33
-0.25;0.01;3.84935e-33
-0.25;0.02;3.8286e-33
-0.25;0.03;3.79096e-33
-0.25;0.04;3.74436e-33
-0.25;0.05;3.68761e-33
-0.25;0.06;3.60017e-33
-0.25;0.07;3.52428e-33
-0.25;0.08;3.45347e-33
-0.25;0.09;3.35788e-33
-0.25;0.1;3.26163e-33
-0.25;0.11;2.71762e-33
-0.25;0.12;3.05958e-33
-0.25;0.13;2.97456e-33
-0.25;0.14;2.88925e-33
-0.25;0.15;2.78691e-33
-0.25;0.16;2.70354e-33
-0.25;0.17;2.61936e-33
-0.25;0.18;2.53692e-33
-0.25;0.19;2.44768e-33
-0.25;0.2;2.33685e-33
-0.25;0.21;2.30202e-33
-0.25;0.22;2.24533e-33
-0.25;0.23;2.18096e-33
-0.25;0.24;2.12703e-33
-0.25;0.25;-1.1706e-19
-0.25;0.26;2.01213e-33
-0.25;0.27;1.96576e-33
-0.25;0.28;1.92718e-33
-0.25;0.29;1.87622e-33
-0.25;0.3;1.8365e-33
-0.25;0.31;1.79971e-33
-0.25;0.32;1.7578e-33
-0.25;0.33;1.72718e-33
-0.25;0.34;1.69676e-33
-0.25;0.35;1.66539e-33
-0.25;0.36;1.63694e-33
-0.25;0.37;1.61108e-33
-0.25;0.38;1.58685e-33
-0.25;0.39;1.56296e-33
-0.25;0.4;1.54078e-33
-0.25;0.41;1.51912e-33
-0.25;0.42;1.49705e-33
-0.25;0.43;-2.04956e-20
-0.25;0.44;0.00140108
-0.25;0.45;0.00326747
-0.25;0.46;0.0049839
-0.25;0.47;0.00656201
-0.25;0.48;0.00798632
-0.25;0.49;0.009279
-0.25;0.5;0.010451
-0.25;0.51;0.0115024
-0.25;0.52;0.0124292
-0.25;0.53;0.0132539
-0.25;0.54;0.0139818
-0.25;0.55;0.0146085
-0.25;0.56;0.015137
-0.25;0.57;0.0155767
-0.25;0.58;0.0159374
-0.25;0.59;0.016225
-0.25;0.6;0.0164352
-0.25;0.61;0.0165797
-0.25;0.62;0.0166537
-0.25;0.63;0.0166666
-0.25;0.64;0.016621
-0.25;0.65;0.0165234
-0.25;0.66;0.0163745
-0.25;0.67;0.0161787
-0.25;0.68;0.0159434
-0.25;0.69;0.0156576
-0.25;0.7;0.0153397
-0.25;0.71;0.014987
-0.25;0.72;0.0145998
-0.25;0.73;0.0141835
-0.25;0.74;0.0137385
-0.25;0.75;0.0132678
-0.25;0.76;0.0127773
-0.25;0.77;0.0122614
-0.25;0.78;0.0117289
-0.25;0.79;0.0111772
-0.25;0.8;0.0106106
-0.25;0.81;0.0100295
-0.25;0.82;0.00943554
-0.25;0.83;0.00882892
-0.25;0.84;0.00821554
-0.25;0.85;0.00759519
-0.25;0.86;0.0069666
-0.25;0.87;0.00633099
-0.25;0.88;0.00569265
-0.25;0.89;0.00504941
-0.25;0.9;0.0044056
-0.25;0.91;0.0037592
-0.25;0.92;0.00310967
-0.25;0.93;0.00246233
-0.25;0.94;0.00181412
-0.25;0.95;0.00116831
-0.25;0.96;0.000528471
-0.25;0.97;8.24336e-34
-0.25;0.98;8.22168e-34
-0.25;0.99;8.20016e-34
-0.24;-1;8.10057e-34
-0.24;-0.99;-1.10748e-20
-0.24;-0.98;8.13504e-34
-0.24;-0.97;4.83711e-05
-0.24;-0.96;0.000684259
-0.24;-0.95;0.00132108
-0.24;-0.94;0.00196215
-0.24;-0.93;0.00260482
-0.24;-0.92;0.00324589
-0.24;-0.91;0.00388729
-0.24;-0.9;0.00452775
-0.24;-0.89;0.00516441
-0.24;-0.88;0.00579884
-0.24;-0.87;0.00643059
-0.24;-0.86;0.0070581
-0.24;-0.85;0.00767676
-0.24;-0.84;0.00828833
-0.24;-0.83;0.00889252
-0.24;-0.82;0.00948664
-0.24;-0.81;0.0100667
-0.24;-0.8;0.010636
-0.24;-0.79;0.01119
-0.24;-0.78;0.0117282
-0.24;-0.77;0.0122493
-0.24;-0.76;0.0127507
-0.24;-0.75;0.0132291
-0.24;-0.74;0.0136821
-0.24;-0.73;0.0141095
-0.24;-0.72;0.0145082
-0.24;-0.71;0.0148757
-0.24;-0.7;0.0152101
-0.24;-0.69;0.0155084
-0.24;-0.68;0.0157685
-0.24;-0.67;0.015983
-0.24;-0.66;0.0161567
-0.24;-0.65;0.0162795
-0.24;-0.64;0.0163475
-0.24;-0.63;0.0163619
-0.24;-0.62;0.0163201
-0.24;-0.61;0.0162147
-0.24;-0.6;0.0160367
-0.24;-0.59;0.0158043
-0.24;-0.58;0.015487
-0.24;-0.57;0.015087
-0.24;-0.56;0.0146011
-0.24;-0.55;0.0140299
-0.24;-0.54;0.0133711
-0.24;-0.53;0.0126093
-0.24;-0.52;0.0117342
-0.24;-0.51;0.0107525
-0.24;-0.5;0.00966048
-0.24;-0.49;0.00844174
-0.24;-0.48;0.00708905
-0.24;-0.47;0.00561112
-0.24;-0.46;0.00398688
-0.24;-0.45;0.00220479
-0.24;-0.44;0.000270453
-0.24;-0.43;1.45021e-33
-0.24;-0.42;1.46697e-33
-0.24;-0.41;8.32502e-20
-0.24;-0.4;-3.17111e-20
-0.24;-0.39;1.52672e-33
-0.24;-0.38;1.54732e-33
-0.24;-0.37;1.57295e-33
-0.24;-0.36;1.59694e-33
-0.24;-0.35;1.62224e-33
-0.24;-0.34;1.68561e-33
-0.24;-0.33;1.68895e-33
-0.24;-0.32;1.71276e-33
-0.24;-0.31;1.76676e-33
-0.24;-0.3;1.78439e-33
-0.24;-0.29;1.83097e-33
-0.24;-0.28;1.8727e-33
-0.24;-0.27;1.91243e-33
-0.24;-0.26;1.96186e-33
-0.24;-0.25;2.00981e-33
-0.24;-0.24;2.06763e-33
-0.24;-0.23;2.13086e-33
-0.24;-0.22;2.18394e-33
-0.24;-0.21;2.25428e-33
-0.24;-0.2;2.32271e-33
-0.24;-0.19;2.33667e-33
-0.24;-0.18;2.37242e-33
-0.24;-0.17;2.5548e-33
-0.24;-0.16;2.44384e-33
-0.24;-0.15;2.73527e-33
-0.24;-0.14;2.52599e-33
-0.24;-0.13;2.60033e-33
-0.24;-0.12;3.01356e-33
-0.24;-0.11;3.12424e-33
-0.24;-0.1;3.22142e-33
-0.24;-0.09;3.32742e-33
-0.24;-0.08;2.79331e-33
-0.24;-0.07;2.83226e-33
-0.24;-0.06;3.6071e-33
-0.24;-0.05;2.94804e-33
-0.24;-0.04;2.98658e-33
-0.24;-0.03;3.78594e-33
-0.24;-0.02;3.05886e-33
-0.24;-0.01;3.84812e-33
-0.24;0;3.85448e-33
-0.24;0.01;3.13819e-33
-0.24;0.02;3.82683e-33
-0.24;0.03;3.78987e-33
-0.24;0.04;2.98583e-33
-0.24;0.05;3.68139e-33
-0.24;0.06;2.91276e-33
-0.24;0.07;2.83111e-33
-0.24;0.08;2.79488e-33
-0.24;0.09;3.32523e-33
-0.24;0.1;2.71762e-33
-0.24;0.11;2.68094e-33
-0.24;0.12;3.01352e-33
-0.24;0.13;2.60058e-33
-0.24;0.14;2.8226e-33
-0.24;0.15;2.48309e-33
-0.24;0.16;2.63563e-33
-0.24;0.17;2.55167e-33
-0.24;0.18;2.37367e-33
-0.24;0.19;2.33685e-33
-0.24;0.2;2.30202e-33
-0.24;0.21;2.25075e-33
-0.24;0.22;1.23119e-19
-0.24;0.23;2.12908e-33
-0.24;0.24;2.06767e-33
-0.24;0.25;2.01036e-33
-0.24;0.26;1.96252e-33
-0.24;0.27;1.91492e-33
-0.24;0.28;1.87079e-33
-0.24;0.29;1.83033e-33
-0.24;0.3;1.79656e-33
-0.24;0.31;1.75046e-33
-0.24;0.32;1.71855e-33
-0.24;0.33;1.68774e-33
-0.24;0.34;1.6499e-33
-0.24;0.35;1.62874e-33
-0.24;0.36;1.59721e-33
-0.24;0.37;1.57279e-33
-0.24;0.38;1.55344e-33
-0.24;0.39;1.53022e-33
-0.24;0.4;1.50536e-33
-0.24;0.41;1.48238e-33
-0.24;0.42;1.46515e-33
-0.24;0.43;1.44939e-33
-0.24;0.44;0.000270523
-0.24;0.45;0.00220277
-0.24;0.46;0.00398751
-0.24;0.47;0.00561196
-0.24;0.48;0.00709027
-0.24;0.49;0.00844208
-0.24;0.5;0.00965991
-0.24;0.51;0.0107533
-0.24;0.52;0.0117355
-0.24;0.53;0.0126101
-0.24;0.54;0.0133672
-0.24;0.55;0.0140307
-0.24;0.56;0.0146075
-0.24;0.57;0.0150878
-0.24;0.58;0.0154852
-0.24;0.59;0.0158018
-0.24;0.6;0.0160421
-0.24;0.61;0.0162127
-0.24;0.62;0.0163195
-0.24;0.63;0.0163611
-0.24;0.64;0.0163476
-0.24;0.65;0.016277
-0.24;0.66;0.0161559
-0.24;0.67;0.0159855
-0.24;0.68;0.015768
-0.24;0.69;0.0155092
-0.24;0.7;0.0152099
-0.24;0.71;0.0148734
-0.24;0.72;0.0145084
-0.24;0.73;0.0141088
-0.24;0.74;0.013683
-0.24;0.75;0.0132292
-0.24;0.76;0.0127503
-0.24;0.77;0.01225
-0.24;0.78;0.0117297
-0.24;0.79;0.0111923
-0.24;0.8;0.0106361
-0.24;0.81;0.010067
-0.24;0.82;0.00948636
-0.24;0.83;0.00889249
-0.24;0.84;0.00828841
-0.24;0.85;0.00767662
-0.24;0.86;0.00705746
-0.24;0.87;0.00643211
-0.24;0.88;0.00579884
-0.24;0.89;0.00516423
-0.24;0.9;0.00452535
-0.24;0.91;0.00388777
-0.24;0.92;0.00324627
-0.24;0.93;0.00260475
-0.24;0.94;0.00196188
-0.24;0.95;0.00132111
-0.24;0.96;0.000684328
-0.24;0.97;4.83771e-05
-0.24;0.98;4.54059e-20
-0.24;0.99;8.11759e-34
-0.23;-1;8.03299e-34
-0.23;-0.99;8.04739e-34
-0.23;-0.98;8.06389e-34
-0.23;-0.97;0.000198478
-0.23;-0.96;0.000831079
-0.23;-0.95;0.00146655
-0.23;-0.94;0.00210087
-0.23;-0.93;0.00273847
-0.23;-0.92;0.00337294
-0.23;-0.91;0.00400753
-0.23;-0.9;0.00464137
-0.23;-0.89;0.00527179
-0.23;-0.88;0.00590048
-0.23;-0.87;0.00652028
-0.23;-0.86;0.00713899
-0.23;-0.85;0.0077506
-0.23;-0.84;0.00835439
-0.23;-0.83;0.00894806
-0.23;-0.82;0.00953001
-0.23;-0.81;0.0101007
-0.23;-0.8;0.0106564
-0.23;-0.79;0.0111982
-0.23;-0.78;0.0117256
-0.23;-0.77;0.01223
-0.23;-0.76;0.0127155
-0.23;-0.75;0.0131784
-0.23;-0.74;0.0136172
-0.23;-0.73;0.0140285
-0.23;-0.72;0.0144083
-0.23;-0.71;0.0147588
-0.23;-0.7;0.0150726
-0.23;-0.69;0.0153507
-0.23;-0.68;0.0155875
-0.23;-0.67;0.0157829
-0.23;-0.66;0.0159296
-0.23;-0.65;0.0160287
-0.23;-0.64;0.0160754
-0.23;-0.63;0.0160637
-0.23;-0.62;0.0159961
-0.23;-0.61;0.0158651
-0.23;-0.6;0.0156634
-0.23;-0.59;0.0153842
-0.23;-0.58;0.0150331
-0.23;-0.57;0.0146013
-0.23;-0.56;0.0140861
-0.23;-0.55;0.0134797
-0.23;-0.54;0.012773
-0.23;-0.53;0.0119655
-0.23;-0.52;0.0110622
-0.23;-0.51;0.0100342
-0.23;-0.5;0.0088927
-0.23;-0.49;0.0076253
-0.23;-0.48;0.00623109
-0.23;-0.47;0.00468948
-0.23;-0.46;0.00301041
-0.23;-0.45;0.00118406
-0.23;-0.44;1.40397e-33
-0.23;-0.43;1.41972e-33
-0.23;-0.42;1.43662e-33
-0.23;-0.41;1.45347e-33
-0.23;-0.4;1.4714e-33
-0.23;-0.39;1.5052e-33
-0.23;-0.38;1.52672e-33
-0.23;-0.37;1.53423e-33
-0.23;-0.36;1.56015e-33
-0.23;-0.35;1.58651e-33
-0.23;-0.34;1.61169e-33
-0.23;-0.33;1.68561e-33
-0.23;-0.32;1.67274e-33
-0.23;-0.31;1.70539e-33
-0.23;-0.3;1.76676e-33
-0.23;-0.29;1.77749e-33
-0.23;-0.28;1.81542e-33
-0.23;-0.27;-5.22499e-20
-0.23;-0.26;1.90812e-33
-0.23;-0.25;1.95944e-33
-0.23;-0.24;2.00757e-33
-0.23;-0.23;2.06763e-33
-0.23;-0.22;2.13264e-33
-0.23;-0.21;2.20225e-33
-0.23;-0.2;2.25882e-33
-0.23;-0.19;2.33025e-33
-0.23;-0.18;2.33667e-33
-0.23;-0.17;2.37242e-33
-0.23;-0.16;2.58464e-33
-0.23;-0.15;2.68972e-33
-0.23;-0.14;2.77213e-33
-0.23;-0.13;2.86289e-33
-0.23;-0.12;2.60033e-33
-0.23;-0.11;3.07832e-33
-0.23;-0.1;2.68143e-33
-0.23;-0.09;3.28943e-33
-0.23;-0.08;2.75148e-33
-0.23;-0.07;3.50495e-33
-0.23;-0.06;3.57675e-33
-0.23;-0.05;2.91044e-33
-0.23;-0.04;2.94804e-33
-0.23;-0.03;3.77652e-33
-0.23;-0.02;3.82328e-33
-0.23;-0.01;3.84768e-33
-0.23;0;3.13819e-33
-0.23;0.01;3.05989e-33
-0.23;0.02;3.82506e-33
-0.23;0.03;3.78067e-33
-0.23;0.04;3.72774e-33
-0.23;0.05;3.66045e-33
-0.23;0.06;2.83111e-33
-0.23;0.07;3.5035e-33
-0.23;0.08;3.38794e-33
-0.23;0.09;3.28938e-33
-0.23;0.1;2.68094e-33
-0.23;0.11;2.63916e-33
-0.23;0.12;2.60058e-33
-0.23;0.13;2.86334e-33
-0.23;0.14;2.77579e-33
-0.23;0.15;2.68945e-33
-0.23;0.16;2.58373e-33
-0.23;0.17;2.37367e-33
-0.23;0.18;2.33685e-33
-0.23;0.19;2.30202e-33
-0.23;0.2;2.25618e-33
-0.23;0.21;2.20008e-33
-0.23;0.22;2.13112e-33
-0.23;0.23;1.1706e-19
-0.23;0.24;2.00858e-33
-0.23;0.25;1.95928e-33
-0.23;0.26;1.91e-33
-0.23;0.27;1.86536e-33
-0.23;0.28;1.82611e-33
-0.23;0.29;1.79656e-33
-0.23;0.3;1.74313e-33
-0.23;0.31;1.73897e-33
-0.23;0.32;1.71112e-33
-0.23;0.33;1.64003e-33
-0.23;0.34;1.62874e-33
-0.23;0.35;1.58634e-33
-0.23;0.36;1.56058e-33
-0.23;0.37;1.55344e-33
-0.23;0.38;1.53022e-33
-0.23;0.39;1.48894e-33
-0.23;0.4;1.46908e-33
-0.23;0.41;1.45257e-33
-0.23;0.42;1.43619e-33
-0.23;0.43;1.42017e-33
-0.23;0.44;1.40517e-33
-0.23;0.45;0.00118478
-0.23;0.46;0.00301048
-0.23;0.47;0.00469238
-0.23;0.48;0.00623283
-0.23;0.49;0.00762127
-0.23;0.5;0.00889126
-0.23;0.51;0.0100418
-0.23;0.52;0.0110591
-0.23;0.53;0.0119698
-0.23;0.54;0.0127718
-0.23;0.55;0.0134832
-0.23;0.56;0.0140865
-0.23;0.57;0.0146017
-0.23;0.58;0.0150317
-0.23;0.59;0.0153846
-0.23;0.6;0.0156623
-0.23;0.61;0.0158636
-0.23;0.62;0.0159956
-0.23;0.63;0.0160664
-0.23;0.64;0.0160766
-0.23;0.65;0.0160293
-0.23;0.66;0.0159296
-0.23;0.67;0.0157818
-0.23;0.68;0.0155896
-0.23;0.69;0.0153525
-0.23;0.7;0.0150761
-0.23;0.71;0.0147612
-0.23;0.72;0.0144114
-0.23;0.73;0.0140301
-0.23;0.74;0.0136174
-0.23;0.75;0.0131804
-0.23;0.76;0.0127161
-0.23;0.77;0.0122308
-0.23;0.78;0.0117234
-0.23;0.79;0.0112015
-0.23;0.8;0.0106566
-0.23;0.81;0.0101001
-0.23;0.82;0.00953012
-0.23;0.83;0.00894819
-0.23;0.84;0.00835507
-0.23;0.85;0.0077505
-0.23;0.86;0.00713822
-0.23;0.87;0.00652043
-0.23;0.88;0.00590081
-0.23;0.89;0.00527173
-0.23;0.9;0.00464099
-0.23;0.91;0.0040072
-0.23;0.92;0.00337086
-0.23;0.93;0.00273785
-0.23;0.94;0.0021002
-0.23;0.95;0.00146662
-0.23;0.96;0.000831125
-0.23;0.97;0.000198485
-0.23;0.98;8.06426e-34
-0.23;0.99;8.04772e-34
-0.22;-1;7.96277e-34
-0.22;-0.99;7.97852e-34
-0.22;-0.98;7.99427e-34
-0.22;-0.97;0.000341807
-0.22;-0.96;0.00097103
-0.22;-0.95;0.00160027
-0.22;-0.94;0.00223084
-0.22;-0.93;0.00285869
-0.22;-0.92;0.00348854
-0.22;-0.91;0.00411984
-0.22;-0.9;0.00474827
-0.22;-0.89;0.00537122
-0.22;-0.88;0.00599174
-0.22;-0.87;0.00660541
-0.22;-0.86;0.00721603
-0.22;-0.85;0.00781835
-0.22;-0.84;0.00841273
-0.22;-0.83;0.00899619
-0.22;-0.82;0.00956907
-0.22;-0.81;0.0101284
-0.22;-0.8;0.0106745
-0.22;-0.79;0.0112042
-0.22;-0.78;0.0117163
-0.22;-0.77;0.01221
-0.22;-0.76;0.012682
-0.22;-0.75;0.0131325
-0.22;-0.74;0.0135502
-0.22;-0.73;0.0139449
-0.22;-0.72;0.0143103
-0.22;-0.71;0.0146419
-0.22;-0.7;0.0149379
-0.22;-0.69;0.0151967
-0.22;-0.68;0.0154132
-0.22;-0.67;0.0155865
-0.22;-0.66;0.0157137
-0.22;-0.65;0.0157885
-0.22;-0.64;0.0158132
-0.22;-0.63;0.0157776
-0.22;-0.62;0.0156767
-0.22;-0.61;0.0155118
-0.22;-0.6;0.0152818
-0.22;-0.59;0.0149774
-0.22;-0.58;0.0145927
-0.22;-0.57;0.0141359
-0.22;-0.56;0.0135807
-0.22;-0.55;0.0129349
-0.22;-0.54;0.0121977
-0.22;-0.53;0.0113557
-0.22;-0.52;0.0103982
-0.22;-0.51;0.00933481
-0.22;-0.5;0.00815321
-0.22;-0.49;0.00684155
-0.22;-0.48;0.00539046
-0.22;-0.47;0.003813
-0.22;-0.46;0.00208146
-0.22;-0.45;0.000197251
-0.22;-0.44;1.37533e-33
-0.22;-0.43;1.39009e-33
-0.22;-0.42;-7.96231e-20
-0.22;-0.41;1.42231e-33
-0.22;-0.4;1.44104e-33
-0.22;-0.39;1.45673e-33
-0.22;-0.38;1.47583e-33
-0.22;-0.37;1.52672e-33
-0.22;-0.36;1.51872e-33
-0.22;-0.35;1.54304e-33
-0.22;-0.34;1.57045e-33
-0.22;-0.33;1.59645e-33
-0.22;-0.32;1.62925e-33
-0.22;-0.31;1.6617e-33
-0.22;-0.3;1.69621e-33
-0.22;-0.29;1.71276e-33
-0.22;-0.28;1.7706e-33
-0.22;-0.27;1.80808e-33
-0.22;-0.26;1.85212e-33
-0.22;-0.25;1.90381e-33
-0.22;-0.24;1.95702e-33
-0.22;-0.23;2.00534e-33
-0.22;-0.22;2.06763e-33
-0.22;-0.21;2.13443e-33
-0.22;-0.2;2.20682e-33
-0.22;-0.19;2.26336e-33
-0.22;-0.18;2.29852e-33
-0.22;-0.17;2.42917e-33
-0.22;-0.16;2.51509e-33
-0.22;-0.15;2.59916e-33
-0.22;-0.14;2.70679e-33
-0.22;-0.13;2.81336e-33
-0.22;-0.12;2.92477e-33
-0.22;-0.11;2.60033e-33
-0.22;-0.1;2.63928e-33
-0.22;-0.09;2.68143e-33
-0.22;-0.08;3.35674e-33
-0.22;-0.07;3.50456e-33
-0.22;-0.06;3.55753e-33
-0.22;-0.05;2.83226e-33
-0.22;-0.04;3.72445e-33
-0.22;-0.03;3.77449e-33
-0.22;-0.02;3.81805e-33
-0.22;-0.01;3.01932e-33
-0.22;0;3.85451e-33
-0.22;0.01;3.01943e-33
-0.22;0.02;3.8233e-33
-0.22;0.03;2.94922e-33
-0.22;0.04;3.71215e-33
-0.22;0.05;3.63834e-33
-0.22;0.06;3.55755e-33
-0.22;0.07;2.75719e-33
-0.22;0.08;3.35433e-33
-0.22;0.09;3.25029e-33
-0.22;0.1;2.63916e-33
-0.22;0.11;3.03178e-33
-0.22;0.12;2.5207e-33
-0.22;0.13;2.81353e-33
-0.22;0.14;2.70695e-33
-0.22;0.15;2.41096e-33
-0.22;0.16;2.37367e-33
-0.22;0.17;2.43247e-33
-0.22;0.18;2.30202e-33
-0.22;0.19;2.2616e-33
-0.22;0.2;2.20378e-33
-0.22;0.21;2.13317e-33
-0.22;0.22;2.06767e-33
-0.22;0.23;2.00681e-33
-0.22;0.24;1.95604e-33
-0.22;0.25;1.90508e-33
-0.22;0.26;1.85993e-33
-0.22;0.27;1.82611e-33
-0.22;0.28;1.76943e-33
-0.22;0.29;1.72799e-33
-0.22;0.3;1.73897e-33
-0.22;0.31;1.71112e-33
-0.22;0.32;1.62447e-33
-0.22;0.33;1.5967e-33
-0.22;0.34;1.60319e-33
-0.22;0.35;1.54482e-33
-0.22;0.36;1.55344e-33
-0.22;0.37;1.49551e-33
-0.22;0.38;1.473e-33
-0.22;0.39;1.45576e-33
-0.22;0.4;1.44042e-33
-0.22;0.41;1.42263e-33
-0.22;0.42;1.40656e-33
-0.22;0.43;1.3905e-33
-0.22;0.44;1.37412e-33
-0.22;0.45;0.000197044
-0.22;0.46;0.00207132
-0.22;0.47;0.00381423
-0.22;0.48;0.00538937
-0.22;0.49;0.00683477
-0.22;0.5;0.00815426
-0.22;0.51;0.00933511
-0.22;0.52;0.0103995
-0.22;0.53;0.0113536
-0.22;0.54;0.0121994
-0.22;0.55;0.0129364
-0.22;0.56;0.0135787
-0.22;0.57;0.014135
-0.22;0.58;0.0145963
-0.22;0.59;0.0149761
-0.22;0.6;0.0152826
-0.22;0.61;0.0155115
-0.22;0.62;0.0156767
-0.22;0.63;0.0157765
-0.22;0.64;0.0158138
-0.22;0.65;0.0157907
-0.22;0.66;0.015713
-0.22;0.67;0.015586
-0.22;0.68;0.0154133
-0.22;0.69;0.0151949
-0.22;0.7;0.0149372
-0.22;0.71;0.0146419
-0.22;0.72;0.0143101
-0.22;0.73;0.0139453
-0.22;0.74;0.0135509
-0.22;0.75;0.0131303
-0.22;0.76;0.0126821
-0.22;0.77;0.0122087
-0.22;0.78;0.0117161
-0.22;0.79;0.0112058
-0.22;0.8;0.0106761
-0.22;0.81;0.0101293
-0.22;0.82;0.00956942
-0.22;0.83;0.00899643
-0.22;0.84;0.00841123
-0.22;0.85;0.00781796
-0.22;0.86;0.00721563
-0.22;0.87;0.00660546
-0.22;0.88;0.00599211
-0.22;0.89;0.00537183
-0.22;0.9;0.00474865
-0.22;0.91;0.00412022
-0.22;0.92;0.0034912
-0.22;0.93;0.00286163
-0.22;0.94;0.00222862
-0.22;0.95;0.0015999
-0.22;0.96;0.000971001
-0.22;0.97;0.000341925
-0.22;0.98;7.99656e-34
-0.22;0.99;7.98162e-34
-0.21;-1;7.89808e-34
-0.21;-0.99;7.91176e-34
-0.21;-0.98;7.92545e-34
-0.21;-0.97;0.000478359
-0.21;-0.96;0.00110195
-0.21;-0.95;0.00172664
-0.21;-0.94;0.00235109
-0.21;-0.93;0.00297564
-0.21;-0.92;0.00360015
-0.21;-0.91;0.00422417
-0.21;-0.9;0.00484428
-0.21;-0.89;0.0054623
-0.21;-0.88;0.00607558
-0.21;-0.87;0.00668548
-0.21;-0.86;0.0072856
-0.21;-0.85;0.00787948
-0.21;-0.84;0.00846454
-0.21;-0.83;0.00903769
-0.21;-0.82;0.00960152
-0.21;-0.81;0.0101509
-0.21;-0.8;0.0106871
-0.21;-0.79;0.0112067
-0.21;-0.78;0.0117052
-0.21;-0.77;0.0121857
-0.21;-0.76;0.0126442
-0.21;-0.75;0.0130759
-0.21;-0.74;0.0134834
-0.21;-0.73;0.0138636
-0.21;-0.72;0.0142104
-0.21;-0.71;0.0145259
-0.21;-0.7;0.0148059
-0.21;-0.69;0.0150459
-0.21;-0.68;0.015245
-0.21;-0.67;0.0153962
-0.21;-0.66;0.0154974
-0.21;-0.65;0.01555
-0.21;-0.64;0.0155484
-0.21;-0.63;0.0154865
-0.21;-0.62;0.0153641
-0.21;-0.61;0.0151756
-0.21;-0.6;0.0149201
-0.21;-0.59;0.0145855
-0.21;-0.58;0.014169
-0.21;-0.57;0.0136756
-0.21;-0.56;0.0130925
-0.21;-0.55;0.0124188
-0.21;-0.54;0.0116363
-0.21;-0.53;0.0107577
-0.21;-0.52;0.00976496
-0.21;-0.51;0.00866089
-0.21;-0.5;0.00743763
-0.21;-0.49;0.00608739
-0.21;-0.48;0.00459099
-0.21;-0.47;0.00295913
-0.21;-0.46;0.00118555
-0.21;-0.45;1.33417e-33
-0.21;-0.44;1.34515e-33
-0.21;-0.43;1.35791e-33
-0.21;-0.42;1.3749e-33
-0.21;-0.41;1.39061e-33
-0.21;-0.4;1.40689e-33
-0.21;-0.39;1.42491e-33
-0.21;-0.38;1.4443e-33
-0.21;-0.37;1.46319e-33
-0.21;-0.36;1.48026e-33
-0.21;-0.35;1.50314e-33
-0.21;-0.34;1.52507e-33
-0.21;-0.33;1.60269e-33
-0.21;-0.32;1.58602e-33
-0.21;-0.31;1.61297e-33
-0.21;-0.3;1.64361e-33
-0.21;-0.29;1.68703e-33
-0.21;-0.28;1.71265e-33
-0.21;-0.27;1.75515e-33
-0.21;-0.26;1.80073e-33
-0.21;-0.25;1.84545e-33
-0.21;-0.24;1.89951e-33
-0.21;-0.23;1.94327e-33
-0.21;-0.22;2.00311e-33
-0.21;-0.21;2.06763e-33
-0.21;-0.2;2.13622e-33
-0.21;-0.19;2.21139e-33
-0.21;-0.18;2.28346e-33
-0.21;-0.17;2.29852e-33
-0.21;-0.16;2.43906e-33
-0.21;-0.15;2.54748e-33
-0.21;-0.14;2.63373e-33
-0.21;-0.13;2.74094e-33
-0.21;-0.12;2.48215e-33
-0.21;-0.11;2.98902e-33
-0.21;-0.1;2.60033e-33
-0.21;-0.09;3.20755e-33
-0.21;-0.08;3.32067e-33
-0.21;-0.07;3.4426e-33
-0.21;-0.06;3.52236e-33
-0.21;-0.05;3.62171e-33
-0.21;-0.04;2.83226e-33
-0.21;-0.03;2.91044e-33
-0.21;-0.02;3.81708e-33
-0.21;-0.01;2.98658e-33
-0.21;0;3.85453e-33
-0.21;0.01;3.84379e-33
-0.21;0.02;3.82153e-33
-0.21;0.03;3.77323e-33
-0.21;0.04;2.83111e-33
-0.21;0.05;3.62963e-33
-0.21;0.06;3.51848e-33
-0.21;0.07;2.71762e-33
-0.21;0.08;3.31903e-33
-0.21;0.09;2.63916e-33
-0.21;0.1;3.09954e-33
-0.21;0.11;2.5207e-33
-0.21;0.12;2.87598e-33
-0.21;0.13;2.74502e-33
-0.21;0.14;2.41096e-33
-0.21;0.15;2.54381e-33
-0.21;0.16;2.4429e-33
-0.21;0.17;2.30202e-33
-0.21;0.18;2.26266e-33
-0.21;0.19;2.20748e-33
-0.21;0.2;2.13522e-33
-0.21;0.21;2.06767e-33
-0.21;0.22;2.00504e-33
-0.21;0.23;1.9528e-33
-0.21;0.24;1.90017e-33
-0.21;0.25;1.84373e-33
-0.21;0.26;1.82611e-33
-0.21;0.27;1.75382e-33
-0.21;0.28;1.71936e-33
-0.21;0.29;1.68586e-33
-0.21;0.3;1.71112e-33
-0.21;0.31;1.61369e-33
-0.21;0.32;1.58583e-33
-0.21;0.33;1.60319e-33
-0.21;0.34;1.53311e-33
-0.21;0.35;1.55344e-33
-0.21;0.36;1.47693e-33
-0.21;0.37;1.4618e-33
-0.21;0.38;1.44361e-33
-0.21;0.39;1.42509e-33
-0.21;0.4;1.41815e-33
-0.21;0.41;1.3911e-33
-0.21;0.42;1.37374e-33
-0.21;0.43;1.35826e-33
-0.21;0.44;1.3455e-33
-0.21;0.45;-7.42744e-20
-0.21;0.46;0.00118566
-0.21;0.47;0.00296607
-0.21;0.48;0.00459054
-0.21;0.49;0.00608156
-0.21;0.5;0.00743733
-0.21;0.51;0.00866126
-0.21;0.52;0.00977147
-0.21;0.53;0.0107566
-0.21;0.54;0.0116386
-0.21;0.55;0.0124162
-0.21;0.56;0.0130921
-0.21;0.57;0.0136718
-0.21;0.58;0.01417
-0.21;0.59;0.0145846
-0.21;0.6;0.0149205
-0.21;0.61;0.0151765
-0.21;0.62;0.0153618
-0.21;0.63;0.0154859
-0.21;0.64;0.015548
-0.21;0.65;0.015551
-0.21;0.66;0.0154912
-0.21;0.67;0.0153953
-0.21;0.68;0.0152433
-0.21;0.69;0.0150449
-0.21;0.7;0.0148048
-0.21;0.71;0.0145266
-0.21;0.72;0.0142131
-0.21;0.73;0.0138647
-0.21;0.74;0.0134846
-0.21;0.75;0.0130768
-0.21;0.76;0.0126437
-0.21;0.77;0.0121866
-0.21;0.78;0.0117059
-0.21;0.79;0.0112056
-0.21;0.8;0.0106872
-0.21;0.81;0.0101513
-0.21;0.82;0.00960211
-0.21;0.83;0.00903848
-0.21;0.84;0.00846489
-0.21;0.85;0.00787874
-0.21;0.86;0.00728484
-0.21;0.87;0.00668575
-0.21;0.88;0.00607579
-0.21;0.89;0.00546268
-0.21;0.9;0.00484678
-0.21;0.91;0.00422493
-0.21;0.92;0.00360155
-0.21;0.93;0.00297741
-0.21;0.94;0.00235116
-0.21;0.95;0.00172678
-0.21;0.96;0.00110224
-0.21;0.97;0.00047891
-0.21;0.98;7.92908e-34
-0.21;0.99;7.9143e-34
-0.2;-1;-4.28964e-20
-0.2;-0.99;7.84807e-34
-0.2;-0.98;7.86038e-34
-0.2;-0.97;0.000603207
-0.2;-0.96;0.0012243
-0.2;-0.95;0.00184455
-0.2;-0.94;0.00246299
-0.2;-0.93;0.00308495
-0.2;-0.92;0.00370411
-0.2;-0.91;0.00432185
-0.2;-0.9;0.00493392
-0.2;-0.89;0.00554561
-0.2;-0.88;0.00615424
-0.2;-0.87;0.00675589
-0.2;-0.86;0.00734896
-0.2;-0.85;0.00793212
-0.2;-0.84;0.00850855
-0.2;-0.83;0.0090756
-0.2;-0.82;0.00962805
-0.2;-0.81;0.0101684
-0.2;-0.8;0.0106911
-0.2;-0.79;0.0112012
-0.2;-0.78;0.0116893
-0.2;-0.77;0.0121577
-0.2;-0.76;0.0126029
-0.2;-0.75;0.013022
-0.2;-0.74;0.0134161
-0.2;-0.73;0.0137801
-0.2;-0.72;0.0141119
-0.2;-0.71;0.0144093
-0.2;-0.7;0.0146707
-0.2;-0.69;0.0148915
-0.2;-0.68;0.0150695
-0.2;-0.67;0.0152011
-0.2;-0.66;0.0152832
-0.2;-0.65;0.0153152
-0.2;-0.64;0.0152923
-0.2;-0.63;0.0152112
-0.2;-0.62;0.015067
-0.2;-0.61;0.0148478
-0.2;-0.6;0.014561
-0.2;-0.59;0.0141974
-0.2;-0.58;0.0137587
-0.2;-0.57;0.0132395
-0.2;-0.56;0.0126192
-0.2;-0.55;0.0119087
-0.2;-0.54;0.0110969
-0.2;-0.53;0.0101865
-0.2;-0.52;0.00915763
-0.2;-0.51;0.00801594
-0.2;-0.5;0.00675424
-0.2;-0.49;0.00535498
-0.2;-0.48;0.00382839
-0.2;-0.47;0.00214799
-0.2;-0.46;0.000330649
-0.2;-0.45;-7.42673e-20
-0.2;-0.44;1.32068e-33
-0.2;-0.43;1.33242e-33
-0.2;-0.42;1.34418e-33
-0.2;-0.41;1.35748e-33
-0.2;-0.4;1.37447e-33
-0.2;-0.39;1.39113e-33
-0.2;-0.38;1.40835e-33
-0.2;-0.37;1.42751e-33
-0.2;-0.36;1.44756e-33
-0.2;-0.35;1.46762e-33
-0.2;-0.34;1.48995e-33
-0.2;-0.33;1.51362e-33
-0.2;-0.32;1.60269e-33
-0.2;-0.31;1.6277e-33
-0.2;-0.3;1.59597e-33
-0.2;-0.29;1.63268e-33
-0.2;-0.28;1.66759e-33
-0.2;-0.27;1.70347e-33
-0.2;-0.26;1.7475e-33
-0.2;-0.25;1.78371e-33
-0.2;-0.24;1.83878e-33
-0.2;-0.23;1.8952e-33
-0.2;-0.22;1.9398e-33
-0.2;-0.21;2.00088e-33
-0.2;-0.2;2.06763e-33
-0.2;-0.19;2.138e-33
-0.2;-0.18;2.21596e-33
-0.2;-0.17;2.28927e-33
-0.2;-0.16;2.29852e-33
-0.2;-0.15;2.48854e-33
-0.2;-0.14;2.5801e-33
-0.2;-0.13;2.69306e-33
-0.2;-0.12;2.78205e-33
-0.2;-0.11;2.89937e-33
-0.2;-0.1;3.03209e-33
-0.2;-0.09;3.15071e-33
-0.2;-0.08;3.28087e-33
-0.2;-0.07;3.38594e-33
-0.2;-0.06;3.51029e-33
-0.2;-0.05;2.75148e-33
-0.2;-0.04;3.72223e-33
-0.2;-0.03;2.83226e-33
-0.2;-0.02;2.91044e-33
-0.2;-0.01;2.94804e-33
-0.2;0;3.85455e-33
-0.2;0.01;2.94922e-33
-0.2;0.02;2.91276e-33
-0.2;0.03;2.83111e-33
-0.2;0.04;3.7e-33
-0.2;0.05;2.75719e-33
-0.2;0.06;3.50809e-33
-0.2;0.07;3.38595e-33
-0.2;0.08;3.28112e-33
-0.2;0.09;3.13275e-33
-0.2;0.1;3.03249e-33
-0.2;0.11;2.48309e-33
-0.2;0.12;2.80446e-33
-0.2;0.13;2.69287e-33
-0.2;0.14;2.57886e-33
-0.2;0.15;2.33685e-33
-0.2;0.16;2.30202e-33
-0.2;0.17;2.26266e-33
-0.2;0.18;2.21118e-33
-0.2;0.19;2.13727e-33
-0.2;0.2;1.1706e-19
-0.2;0.21;2.00327e-33
-0.2;0.22;1.94956e-33
-0.2;0.23;1.89525e-33
-0.2;0.24;1.83755e-33
-0.2;0.25;1.82611e-33
-0.2;0.26;1.74649e-33
-0.2;0.27;1.702e-33
-0.2;0.28;1.66614e-33
-0.2;0.29;1.71112e-33
-0.2;0.3;1.68446e-33
-0.2;0.31;1.62874e-33
-0.2;0.32;1.60319e-33
-0.2;0.33;1.51448e-33
-0.2;0.34;1.4874e-33
-0.2;0.35;1.46573e-33
-0.2;0.36;1.44679e-33
-0.2;0.37;1.42756e-33
-0.2;0.38;1.40934e-33
-0.2;0.39;1.3917e-33
-0.2;0.4;1.37335e-33
-0.2;0.41;1.35788e-33
-0.2;0.42;1.34449e-33
-0.2;0.43;7.42744e-20
-0.2;0.44;3.71372e-20
-0.2;0.45;1.30692e-33
-0.2;0.46;0.000330393
-0.2;0.47;0.00214857
-0.2;0.48;0.00382872
-0.2;0.49;0.0053513
-0.2;0.5;0.00675369
-0.2;0.51;0.00801753
-0.2;0.52;0.00915684
-0.2;0.53;0.0101865
-0.2;0.54;0.0110987
-0.2;0.55;0.0119066
-0.2;0.56;0.012619
-0.2;0.57;0.0132385
-0.2;0.58;0.0137595
-0.2;0.59;0.0141987
-0.2;0.6;0.0145595
-0.2;0.61;0.0148493
-0.2;0.62;0.0150655
-0.2;0.63;0.0152116
-0.2;0.64;0.0152934
-0.2;0.65;0.0153161
-0.2;0.66;0.0152845
-0.2;0.67;0.0152005
-0.2;0.68;0.0150688
-0.2;0.69;0.0148907
-0.2;0.7;0.0146686
-0.2;0.71;0.0144097
-0.2;0.72;0.0141124
-0.2;0.73;0.0137804
-0.2;0.74;0.0134162
-0.2;0.75;0.0130229
-0.2;0.76;0.0126029
-0.2;0.77;0.0121566
-0.2;0.78;0.0116888
-0.2;0.79;0.0112009
-0.2;0.8;0.0106914
-0.2;0.81;0.0101687
-0.2;0.82;0.00962852
-0.2;0.83;0.00907593
-0.2;0.84;0.00851131
-0.2;0.85;0.00793422
-0.2;0.86;0.00734823
-0.2;0.87;0.00675524
-0.2;0.88;0.00615396
-0.2;0.89;0.0055458
-0.2;0.9;0.00493753
-0.2;0.91;0.00432198
-0.2;0.92;0.0037046
-0.2;0.93;0.0030846
-0.2;0.94;0.00246314
-0.2;0.95;0.00184168
-0.2;0.96;0.00122424
-0.2;0.97;0.000604616
-0.2;0.98;7.85881e-34
-0.2;0.99;7.84609e-34
-0.19;-1;7.7753e-34
-0.19;-0.99;7.78598e-34
-0.19;-0.98;0.000108216
-0.19;-0.97;0.000721889
-0.19;-0.96;0.00133853
-0.19;-0.95;0.00195203
-0.19;-0.94;0.00256873
-0.19;-0.93;0.00318573
-0.19;-0.92;0.00379977
-0.19;-0.91;0.00441175
-0.19;-0.9;0.00501877
-0.19;-0.89;0.00562621
-0.19;-0.88;0.00622595
-0.19;-0.87;0.00682013
-0.19;-0.86;0.00740507
-0.19;-0.85;0.00798333
-0.19;-0.84;0.00855204
-0.19;-0.83;0.00910764
-0.19;-0.82;0.00965156
-0.19;-0.81;0.0101806
-0.19;-0.8;0.0106963
-0.19;-0.79;0.0111926
-0.19;-0.78;0.0116688
-0.19;-0.77;0.0121246
-0.19;-0.76;0.0125566
-0.19;-0.75;0.012964
-0.19;-0.74;0.0133439
-0.19;-0.73;0.0136931
-0.19;-0.72;0.0140105
-0.19;-0.71;0.0142928
-0.19;-0.7;0.0145363
-0.19;-0.69;0.0147414
-0.19;-0.68;0.0149003
-0.19;-0.67;0.0150142
-0.19;-0.66;0.0150809
-0.19;-0.65;0.0150947
-0.19;-0.64;0.0150469
-0.19;-0.63;0.0149384
-0.19;-0.62;0.0147655
-0.19;-0.61;0.0145268
-0.19;-0.6;0.0142156
-0.19;-0.59;0.013836
-0.19;-0.58;0.0133627
-0.19;-0.57;0.0128061
-0.19;-0.56;0.0121629
-0.19;-0.55;0.0114295
-0.19;-0.54;0.0105791
-0.19;-0.53;0.00962973
-0.19;-0.52;0.0085782
-0.19;-0.51;0.00739409
-0.19;-0.5;0.00608987
-0.19;-0.49;0.00466696
-0.19;-0.48;0.00309146
-0.19;-0.47;0.00138482
-0.19;-0.46;1.27044e-33
-0.19;-0.45;1.28074e-33
-0.19;-0.44;-7.31098e-20
-0.19;-0.43;7.42673e-20
-0.19;-0.42;1.31763e-33
-0.19;-0.41;1.35388e-33
-0.19;-0.4;1.37799e-33
-0.19;-0.39;1.35706e-33
-0.19;-0.38;1.41758e-33
-0.19;-0.37;1.43988e-33
-0.19;-0.36;1.48164e-33
-0.19;-0.35;1.4301e-33
-0.19;-0.34;1.45082e-33
-0.19;-0.33;1.55266e-33
-0.19;-0.32;1.49585e-33
-0.19;-0.31;1.60269e-33
-0.19;-0.3;1.55516e-33
-0.19;-0.29;1.58554e-33
-0.19;-0.28;1.71276e-33
-0.19;-0.27;1.65655e-33
-0.19;-0.26;1.69428e-33
-0.19;-0.25;1.73986e-33
-0.19;-0.24;1.77682e-33
-0.19;-0.23;1.8321e-33
-0.19;-0.22;1.89089e-33
-0.19;-0.21;1.93632e-33
-0.19;-0.2;1.99865e-33
-0.19;-0.19;2.06763e-33
-0.19;-0.18;2.13979e-33
-0.19;-0.17;2.22053e-33
-0.19;-0.16;2.31389e-33
-0.19;-0.15;2.39621e-33
-0.19;-0.14;2.50337e-33
-0.19;-0.13;2.37242e-33
-0.19;-0.12;2.7293e-33
-0.19;-0.11;2.44384e-33
-0.19;-0.1;2.48215e-33
-0.19;-0.09;3.10599e-33
-0.19;-0.08;2.60033e-33
-0.19;-0.07;3.3345e-33
-0.19;-0.06;3.50456e-33
-0.19;-0.05;2.7172e-33
-0.19;-0.04;3.72223e-33
-0.19;-0.03;3.74905e-33
-0.19;-0.02;3.80692e-33
-0.19;-0.01;3.8459e-33
-0.19;0;3.85457e-33
-0.19;0.01;3.86002e-33
-0.19;0.02;3.80813e-33
-0.19;0.03;2.79488e-33
-0.19;0.04;3.68182e-33
-0.19;0.05;3.5679e-33
-0.19;0.06;2.68094e-33
-0.19;0.07;3.33172e-33
-0.19;0.08;2.60058e-33
-0.19;0.09;2.5207e-33
-0.19;0.1;2.48309e-33
-0.19;0.11;2.44794e-33
-0.19;0.12;2.73158e-33
-0.19;0.13;2.37367e-33
-0.19;0.14;2.33685e-33
-0.19;0.15;2.30202e-33
-0.19;0.16;2.26266e-33
-0.19;0.17;2.21488e-33
-0.19;0.18;2.13932e-33
-0.19;0.19;1.1706e-19
-0.19;0.2;2.0015e-33
-0.19;0.21;1.93658e-33
-0.19;0.22;1.89034e-33
-0.19;0.23;1.83137e-33
-0.19;0.24;1.82611e-33
-0.19;0.25;1.72881e-33
-0.19;0.26;1.69298e-33
-0.19;0.27;1.65492e-33
-0.19;0.28;1.71112e-33
-0.19;0.29;1.68446e-33
-0.19;0.3;1.62874e-33
-0.19;0.31;1.60319e-33
-0.19;0.32;1.57902e-33
-0.19;0.33;1.46965e-33
-0.19;0.34;1.44998e-33
-0.19;0.35;1.50437e-33
-0.19;0.36;1.41073e-33
-0.19;0.37;1.43929e-33
-0.19;0.38;1.37296e-33
-0.19;0.39;1.35749e-33
-0.19;0.4;1.37655e-33
-0.19;0.41;1.33076e-33
-0.19;0.42;1.32212e-33
-0.19;0.43;1.3037e-33
-0.19;0.44;1.29171e-33
-0.19;0.45;-3.56289e-20
-0.19;0.46;1.27102e-33
-0.19;0.47;0.00138271
-0.19;0.48;0.00308871
-0.19;0.49;0.00466528
-0.19;0.5;0.006092
-0.19;0.51;0.00739797
-0.19;0.52;0.00857736
-0.19;0.53;0.0096329
-0.19;0.54;0.0105801
-0.19;0.55;0.011421
-0.19;0.56;0.0121628
-0.19;0.57;0.0128095
-0.19;0.58;0.0133636
-0.19;0.59;0.0138336
-0.19;0.6;0.014217
-0.19;0.61;0.0145284
-0.19;0.62;0.0147667
-0.19;0.63;0.0149376
-0.19;0.64;0.0150477
-0.19;0.65;0.015093
-0.19;0.66;0.0150809
-0.19;0.67;0.0150141
-0.19;0.68;0.0149013
-0.19;0.69;0.0147405
-0.19;0.7;0.0145408
-0.19;0.71;0.0142892
-0.19;0.72;0.0140105
-0.19;0.73;0.0136935
-0.19;0.74;0.0133456
-0.19;0.75;0.0129643
-0.19;0.76;0.0125579
-0.19;0.77;0.0121256
-0.19;0.78;0.0116681
-0.19;0.79;0.0111911
-0.19;0.8;0.0106966
-0.19;0.81;0.0101807
-0.19;0.82;0.00965167
-0.19;0.83;0.0091081
-0.19;0.84;0.00855202
-0.19;0.85;0.007984
-0.19;0.86;0.00740612
-0.19;0.87;0.00681988
-0.19;0.88;0.00622546
-0.19;0.89;0.00562406
-0.19;0.9;0.00502165
-0.19;0.91;0.00441042
-0.19;0.92;0.0037998
-0.19;0.93;0.00318557
-0.19;0.94;0.00256861
-0.19;0.95;0.00195182
-0.19;0.96;0.00133594
-0.19;0.97;0.000721641
-0.19;0.98;0.000108164
-0.19;0.99;7.7824e-34
-0.18;-1;7.71533e-34
-0.18;-0.99;7.72638e-34
-0.18;-0.98;0.000221264
-0.18;-0.97;0.000832355
-0.18;-0.96;0.00144369
-0.18;-0.95;0.00205577
-0.18;-0.94;0.00266781
-0.18;-0.93;0.00327825
-0.18;-0.92;0.00388874
-0.18;-0.91;0.00449538
-0.18;-0.9;0.0050982
-0.18;-0.89;0.00569781
-0.18;-0.88;0.00629075
-0.18;-0.87;0.00687654
-0.18;-0.86;0.00745566
-0.18;-0.85;0.00802766
-0.18;-0.84;0.00858791
-0.18;-0.83;0.00913677
-0.18;-0.82;0.00967104
-0.18;-0.81;0.0101928
-0.18;-0.8;0.0106966
-0.18;-0.79;0.0111822
-0.18;-0.78;0.0116472
-0.18;-0.77;0.0120914
-0.18;-0.76;0.0125125
-0.18;-0.75;0.0129075
-0.18;-0.74;0.013273
-0.18;-0.73;0.0136094
-0.18;-0.72;0.0139139
-0.18;-0.71;0.0141786
-0.18;-0.7;0.0144083
-0.18;-0.69;0.0145966
-0.18;-0.68;0.0147411
-0.18;-0.67;0.0148379
-0.18;-0.66;0.0148814
-0.18;-0.65;0.0148712
-0.18;-0.64;0.0148029
-0.18;-0.63;0.0146759
-0.18;-0.62;0.0144837
-0.18;-0.61;0.014225
-0.18;-0.6;0.0138907
-0.18;-0.59;0.0134741
-0.18;-0.58;0.0129776
-0.18;-0.57;0.0124015
-0.18;-0.56;0.0117319
-0.18;-0.55;0.0109568
-0.18;-0.54;0.0100851
-0.18;-0.53;0.00911027
-0.18;-0.52;0.00801979
-0.18;-0.51;0.00680335
-0.18;-0.5;0.00547163
-0.18;-0.49;0.00399979
-0.18;-0.48;0.00240403
-0.18;-0.47;0.000646679
-0.18;-0.46;1.24964e-33
-0.18;-0.45;1.25853e-33
-0.18;-0.44;1.26755e-33
-0.18;-0.43;1.27669e-33
-0.18;-0.42;1.30187e-33
-0.18;-0.41;1.29971e-33
-0.18;-0.4;1.31457e-33
-0.18;-0.39;1.32891e-33
-0.18;-0.38;1.34225e-33
-0.18;-0.37;1.41758e-33
-0.18;-0.36;1.43988e-33
-0.18;-0.35;1.39217e-33
-0.18;-0.34;1.5052e-33
-0.18;-0.33;1.4327e-33
-0.18;-0.32;1.45408e-33
-0.18;-0.31;1.47648e-33
-0.18;-0.3;1.60269e-33
-0.18;-0.29;1.53446e-33
-0.18;-0.28;1.68561e-33
-0.18;-0.27;1.6037e-33
-0.18;-0.26;1.6361e-33
-0.18;-0.25;1.67347e-33
-0.18;-0.24;1.79391e-33
-0.18;-0.23;1.76992e-33
-0.18;-0.22;1.81143e-33
-0.18;-0.21;1.8733e-33
-0.18;-0.2;1.93285e-33
-0.18;-0.19;1.99642e-33
-0.18;-0.18;2.06763e-33
-0.18;-0.17;2.14158e-33
-0.18;-0.16;2.2251e-33
-0.18;-0.15;2.26425e-33
-0.18;-0.14;2.42463e-33
-0.18;-0.13;2.54016e-33
-0.18;-0.12;2.65503e-33
-0.18;-0.11;2.40876e-33
-0.18;-0.1;2.89297e-33
-0.18;-0.09;2.48215e-33
-0.18;-0.08;2.52599e-33
-0.18;-0.07;3.31391e-33
-0.18;-0.06;3.50456e-33
-0.18;-0.05;2.68143e-33
-0.18;-0.04;3.72223e-33
-0.18;-0.03;3.73247e-33
-0.18;-0.02;3.8042e-33
-0.18;-0.01;2.83226e-33
-0.18;0;2.91276e-33
-0.18;0.01;3.86002e-33
-0.18;0.02;2.79488e-33
-0.18;0.03;3.74177e-33
-0.18;0.04;2.71762e-33
-0.18;0.05;3.55489e-33
-0.18;0.06;3.50317e-33
-0.18;0.07;3.31284e-33
-0.18;0.08;2.5207e-33
-0.18;0.09;3.03321e-33
-0.18;0.1;2.44794e-33
-0.18;0.11;2.79539e-33
-0.18;0.12;2.37367e-33
-0.18;0.13;2.53594e-33
-0.18;0.14;2.30202e-33
-0.18;0.15;2.26266e-33
-0.18;0.16;2.21859e-33
-0.18;0.17;2.14136e-33
-0.18;0.18;1.1706e-19
-0.18;0.19;1.99972e-33
-0.18;0.2;1.93384e-33
-0.18;0.21;1.88937e-33
-0.18;0.22;1.81249e-33
-0.18;0.23;1.82611e-33
-0.18;0.24;1.72017e-33
-0.18;0.25;1.67212e-33
-0.18;0.26;1.63633e-33
-0.18;0.27;1.60422e-33
-0.18;0.28;1.56564e-33
-0.18;0.29;1.62874e-33
-0.18;0.3;1.60319e-33
-0.18;0.31;1.47929e-33
-0.18;0.32;1.45317e-33
-0.18;0.33;1.53022e-33
-0.18;0.34;1.50437e-33
-0.18;0.35;1.3929e-33
-0.18;0.36;1.43929e-33
-0.18;0.37;1.3571e-33
-0.18;0.38;1.34247e-33
-0.18;0.39;1.37655e-33
-0.18;0.4;1.31429e-33
-0.18;0.41;1.29885e-33
-0.18;0.42;1.28849e-33
-0.18;0.43;1.27708e-33
-0.18;0.44;1.26641e-33
-0.18;0.45;1.25729e-33
-0.18;0.46;-6.95185e-20
-0.18;0.47;0.000644414
-0.18;0.48;0.00240303
-0.18;0.49;0.00399998
-0.18;0.5;0.00547229
-0.18;0.51;0.00680299
-0.18;0.52;0.00801374
-0.18;0.53;0.00911123
-0.18;0.54;0.010087
-0.18;0.55;0.0109555
-0.18;0.56;0.0117292
-0.18;0.57;0.0124006
-0.18;0.58;0.0129801
-0.18;0.59;0.013476
-0.18;0.6;0.0138907
-0.18;0.61;0.0142251
-0.18;0.62;0.0144843
-0.18;0.63;0.0146761
-0.18;0.64;0.0148037
-0.18;0.65;0.0148715
-0.18;0.66;0.0148791
-0.18;0.67;0.0148389
-0.18;0.68;0.0147424
-0.18;0.69;0.0145981
-0.18;0.7;0.014408
-0.18;0.71;0.0141802
-0.18;0.72;0.0139136
-0.18;0.73;0.013609
-0.18;0.74;0.0132763
-0.18;0.75;0.0129071
-0.18;0.76;0.0125157
-0.18;0.77;0.0120935
-0.18;0.78;0.0116477
-0.18;0.79;0.0111814
-0.18;0.8;0.0106965
-0.18;0.81;0.0101924
-0.18;0.82;0.009671
-0.18;0.83;0.00913703
-0.18;0.84;0.00858804
-0.18;0.85;0.00802773
-0.18;0.86;0.00745584
-0.18;0.87;0.00687646
-0.18;0.88;0.0062908
-0.18;0.89;0.00569751
-0.18;0.9;0.00509959
-0.18;0.91;0.00449528
-0.18;0.92;0.00388761
-0.18;0.93;0.00327981
-0.18;0.94;0.00266785
-0.18;0.95;0.00205599
-0.18;0.96;0.00144384
-0.18;0.97;0.000832152
-0.18;0.98;0.000221271
-0.18;0.99;7.7254e-34
-0.17;-1;7.66028e-34
-0.17;-0.99;-4.20832e-20
-0.17;-0.98;0.000327441
-0.17;-0.97;0.000934768
-0.17;-0.96;0.0015438
-0.17;-0.95;0.00215135
-0.17;-0.94;0.00275849
-0.17;-0.93;0.0033647
-0.17;-0.92;0.00397116
-0.17;-0.91;0.00457217
-0.17;-0.9;0.00517137
-0.17;-0.89;0.00576366
-0.17;-0.88;0.00635019
-0.17;-0.87;0.00692869
-0.17;-0.86;0.00750133
-0.17;-0.85;0.00806636
-0.17;-0.84;0.00861898
-0.17;-0.83;0.00915986
-0.17;-0.82;0.00968787
-0.17;-0.81;0.0101999
-0.17;-0.8;0.010694
-0.17;-0.79;0.0111699
-0.17;-0.78;0.0116251
-0.17;-0.77;0.0120596
-0.17;-0.76;0.0124689
-0.17;-0.75;0.0128514
-0.17;-0.74;0.0132051
-0.17;-0.73;0.0135285
-0.17;-0.72;0.0138182
-0.17;-0.71;0.014071
-0.17;-0.7;0.0142849
-0.17;-0.69;0.0144548
-0.17;-0.68;0.0145806
-0.17;-0.67;0.0146589
-0.17;-0.66;0.0146852
-0.17;-0.65;0.0146579
-0.17;-0.64;0.0145737
-0.17;-0.63;0.0144282
-0.17;-0.62;0.0142162
-0.17;-0.61;0.0139291
-0.17;-0.6;0.0135714
-0.17;-0.59;0.0131306
-0.17;-0.58;0.0126173
-0.17;-0.57;0.0120089
-0.17;-0.56;0.0113091
-0.17;-0.55;0.0105166
-0.17;-0.54;0.00961654
-0.17;-0.53;0.00860322
-0.17;-0.52;0.00748654
-0.17;-0.51;0.0062451
-0.17;-0.5;0.00487528
-0.17;-0.49;0.00337998
-0.17;-0.48;0.00173802
-0.17;-0.47;1.21832e-33
-0.17;-0.46;1.22595e-33
-0.17;-0.45;1.23445e-33
-0.17;-0.44;1.24422e-33
-0.17;-0.43;1.25369e-33
-0.17;-0.42;1.26244e-33
-0.17;-0.41;1.27265e-33
-0.17;-0.4;1.28518e-33
-0.17;-0.39;1.29626e-33
-0.17;-0.38;1.31152e-33
-0.17;-0.37;1.32716e-33
-0.17;-0.36;1.34128e-33
-0.17;-0.35;1.3562e-33
-0.17;-0.34;1.37878e-33
-0.17;-0.33;1.5052e-33
-0.17;-0.32;1.52672e-33
-0.17;-0.31;1.44165e-33
-0.17;-0.3;1.57948e-33
-0.17;-0.29;1.48856e-33
-0.17;-0.28;1.51486e-33
-0.17;-0.27;1.54327e-33
-0.17;-0.26;1.58505e-33
-0.17;-0.25;1.73967e-33
-0.17;-0.24;1.66244e-33
-0.17;-0.23;1.79391e-33
-0.17;-0.22;1.751e-33
-0.17;-0.21;1.80409e-33
-0.17;-0.2;1.86824e-33
-0.17;-0.19;1.92937e-33
-0.17;-0.18;1.99418e-33
-0.17;-0.17;2.08382e-33
-0.17;-0.16;2.14337e-33
-0.17;-0.15;2.22967e-33
-0.17;-0.14;2.26425e-33
-0.17;-0.13;2.45558e-33
-0.17;-0.12;2.57556e-33
-0.17;-0.11;2.37242e-33
-0.17;-0.1;2.40876e-33
-0.17;-0.09;2.98725e-33
-0.17;-0.08;2.48215e-33
-0.17;-0.07;2.52599e-33
-0.17;-0.06;3.38397e-33
-0.17;-0.05;2.63928e-33
-0.17;-0.04;2.68143e-33
-0.17;-0.03;2.7172e-33
-0.17;-0.02;2.75148e-33
-0.17;-0.01;3.84501e-33
-0.17;0;3.8546e-33
-0.17;0.01;3.86002e-33
-0.17;0.02;3.79639e-33
-0.17;0.03;2.71762e-33
-0.17;0.04;2.68094e-33
-0.17;0.05;3.51269e-33
-0.17;0.06;3.38395e-33
-0.17;0.07;2.5207e-33
-0.17;0.08;2.48309e-33
-0.17;0.09;2.98652e-33
-0.17;0.1;2.83836e-33
-0.17;0.11;2.71814e-33
-0.17;0.12;2.57398e-33
-0.17;0.13;2.45872e-33
-0.17;0.14;2.26266e-33
-0.17;0.15;2.22229e-33
-0.17;0.16;2.14341e-33
-0.17;0.17;1.1706e-19
-0.17;0.18;1.99795e-33
-0.17;0.19;1.93111e-33
-0.17;0.2;1.88937e-33
-0.17;0.21;1.80581e-33
-0.17;0.22;1.74984e-33
-0.17;0.23;1.71153e-33
-0.17;0.24;1.6609e-33
-0.17;0.25;1.6163e-33
-0.17;0.26;1.58481e-33
-0.17;0.27;1.54503e-33
-0.17;0.28;1.62874e-33
-0.17;0.29;1.48585e-33
-0.17;0.3;1.46238e-33
-0.17;0.31;1.44101e-33
-0.17;0.32;1.53022e-33
-0.17;0.33;1.3935e-33
-0.17;0.34;1.37745e-33
-0.17;0.35;1.35671e-33
-0.17;0.36;1.34146e-33
-0.17;0.37;1.32726e-33
-0.17;0.38;1.37655e-33
-0.17;0.39;1.3546e-33
-0.17;0.4;1.28527e-33
-0.17;0.41;1.30088e-33
-0.17;0.42;1.26203e-33
-0.17;0.43;1.25291e-33
-0.17;0.44;1.24275e-33
-0.17;0.45;1.23366e-33
-0.17;0.46;1.22601e-33
-0.17;0.47;1.21826e-33
-0.17;0.48;0.00173833
-0.17;0.49;0.00338036
-0.17;0.5;0.00487487
-0.17;0.51;0.00624482
-0.17;0.52;0.00748503
-0.17;0.53;0.00860816
-0.17;0.54;0.00961593
-0.17;0.55;0.0105172
-0.17;0.56;0.0113112
-0.17;0.57;0.0120089
-0.17;0.58;0.0126188
-0.17;0.59;0.0131333
-0.17;0.6;0.0135703
-0.17;0.61;0.0139286
-0.17;0.62;0.0142157
-0.17;0.63;0.0144282
-0.17;0.64;0.0145747
-0.17;0.65;0.0146589
-0.17;0.66;0.014686
-0.17;0.67;0.0146592
-0.17;0.68;0.0145811
-0.17;0.69;0.0144551
-0.17;0.7;0.0142851
-0.17;0.71;0.014071
-0.17;0.72;0.0138176
-0.17;0.73;0.0135287
-0.17;0.74;0.0132066
-0.17;0.75;0.0128519
-0.17;0.76;0.0124695
-0.17;0.77;0.0120596
-0.17;0.78;0.0116258
-0.17;0.79;0.0111706
-0.17;0.8;0.0106932
-0.17;0.81;0.0101992
-0.17;0.82;0.00968814
-0.17;0.83;0.00915967
-0.17;0.84;0.00861865
-0.17;0.85;0.0080665
-0.17;0.86;0.00750418
-0.17;0.87;0.0069292
-0.17;0.88;0.00634938
-0.17;0.89;0.00576339
-0.17;0.9;0.0051707
-0.17;0.91;0.00457226
-0.17;0.92;0.00397074
-0.17;0.93;0.00336655
-0.17;0.94;0.00275835
-0.17;0.95;0.00215168
-0.17;0.96;0.00154392
-0.17;0.97;0.000934743
-0.17;0.98;0.000327556
-0.17;0.99;7.67144e-34
-0.16;-1;7.60835e-34
-0.16;-0.99;-2.10416e-20
-0.16;-0.98;0.000428794
-0.16;-0.97;0.00103233
-0.16;-0.96;0.00163606
-0.16;-0.95;0.0022399
-0.16;-0.94;0.00284399
-0.16;-0.93;0.00344465
-0.16;-0.92;0.00404462
-0.16;-0.91;0.00464187
-0.16;-0.9;0.00523582
-0.16;-0.89;0.00582418
-0.16;-0.88;0.00640422
-0.16;-0.87;0.00697748
-0.16;-0.86;0.00754416
-0.16;-0.85;0.00810046
-0.16;-0.84;0.00864573
-0.16;-0.83;0.0091786
-0.16;-0.82;0.00969917
-0.16;-0.81;0.0102008
-0.16;-0.8;0.0106877
-0.16;-0.79;0.0111542
-0.16;-0.78;0.0116013
-0.16;-0.77;0.0120256
-0.16;-0.76;0.0124209
-0.16;-0.75;0.0127949
-0.16;-0.74;0.0131363
-0.16;-0.73;0.0134466
-0.16;-0.72;0.0137217
-0.16;-0.71;0.0139607
-0.16;-0.7;0.0141588
-0.16;-0.69;0.0143144
-0.16;-0.68;0.0144265
-0.16;-0.67;0.0144889
-0.16;-0.66;0.0144999
-0.16;-0.65;0.0144566
-0.16;-0.64;0.0143552
-0.16;-0.63;0.0141869
-0.16;-0.62;0.0139489
-0.16;-0.61;0.0136469
-0.16;-0.6;0.0132692
-0.16;-0.59;0.0128127
-0.16;-0.58;0.0122665
-0.16;-0.57;0.0116359
-0.16;-0.56;0.0109184
-0.16;-0.55;0.010094
-0.16;-0.54;0.00916484
-0.16;-0.53;0.00813565
-0.16;-0.52;0.00698459
-0.16;-0.51;0.00571671
-0.16;-0.5;0.0043215
-0.16;-0.49;0.00278426
-0.16;-0.48;0.00112446
-0.16;-0.47;1.19691e-33
-0.16;-0.46;1.20478e-33
-0.16;-0.45;1.21289e-33
-0.16;-0.44;1.21987e-33
-0.16;-0.43;1.25491e-33
-0.16;-0.42;1.2388e-33
-0.16;-0.41;1.28434e-33
-0.16;-0.4;1.25883e-33
-0.16;-0.39;1.32199e-33
-0.16;-0.38;1.35388e-33
-0.16;-0.37;1.29282e-33
-0.16;-0.36;1.39725e-33
-0.16;-0.35;1.41758e-33
-0.16;-0.34;1.43988e-33
-0.16;-0.33;1.35577e-33
-0.16;-0.32;1.3793e-33
-0.16;-0.31;1.52672e-33
-0.16;-0.3;1.41418e-33
-0.16;-0.29;1.57948e-33
-0.16;-0.28;1.46827e-33
-0.16;-0.27;1.49446e-33
-0.16;-0.26;1.53018e-33
-0.16;-0.25;1.56296e-33
-0.16;-0.24;1.73967e-33
-0.16;-0.23;1.63952e-33
-0.16;-0.22;1.79391e-33
-0.16;-0.21;1.74336e-33
-0.16;-0.2;1.79674e-33
-0.16;-0.19;1.89004e-33
-0.16;-0.18;1.91005e-33
-0.16;-0.17;1.99195e-33
-0.16;-0.16;2.08491e-33
-0.16;-0.15;2.16507e-33
-0.16;-0.14;2.23215e-33
-0.16;-0.13;2.26425e-33
-0.16;-0.12;2.29852e-33
-0.16;-0.11;2.61332e-33
-0.16;-0.1;2.37242e-33
-0.16;-0.09;2.88657e-33
-0.16;-0.08;3.05888e-33
-0.16;-0.07;3.20265e-33
-0.16;-0.06;3.32774e-33
-0.16;-0.05;2.60033e-33
-0.16;-0.04;3.61244e-33
-0.16;-0.03;2.68143e-33
-0.16;-0.02;3.79876e-33
-0.16;-0.01;3.84457e-33
-0.16;0;3.85584e-33
-0.16;0.01;2.75719e-33
-0.16;0.02;2.71762e-33
-0.16;0.03;3.70867e-33
-0.16;0.04;2.63916e-33
-0.16;0.05;3.50317e-33
-0.16;0.06;3.32552e-33
-0.16;0.07;2.48309e-33
-0.16;0.08;3.03393e-33
-0.16;0.09;2.88801e-33
-0.16;0.1;2.73812e-33
-0.16;0.11;2.33685e-33
-0.16;0.12;2.30202e-33
-0.16;0.13;2.26266e-33
-0.16;0.14;2.2243e-33
-0.16;0.15;2.16603e-33
-0.16;0.16;2.08611e-33
-0.16;0.17;1.99618e-33
-0.16;0.18;1.92838e-33
-0.16;0.19;1.88937e-33
-0.16;0.2;1.79914e-33
-0.16;0.21;1.72962e-33
-0.16;0.22;1.69109e-33
-0.16;0.23;1.63941e-33
-0.16;0.24;1.60553e-33
-0.16;0.25;1.71112e-33
-0.16;0.26;1.53332e-33
-0.16;0.27;1.49242e-33
-0.16;0.28;1.4663e-33
-0.16;0.29;1.4442e-33
-0.16;0.3;1.55344e-33
-0.16;0.31;1.3941e-33
-0.16;0.32;1.37805e-33
-0.16;0.33;1.47815e-33
-0.16;0.34;1.43929e-33
-0.16;0.35;1.32552e-33
-0.16;0.36;1.30784e-33
-0.16;0.37;1.29241e-33
-0.16;0.38;1.27922e-33
-0.16;0.39;1.32212e-33
-0.16;0.4;1.25765e-33
-0.16;0.41;1.24659e-33
-0.16;0.42;1.26822e-33
-0.16;0.43;1.22852e-33
-0.16;0.44;1.21994e-33
-0.16;0.45;1.21241e-33
-0.16;0.46;1.20505e-33
-0.16;0.47;1.19854e-33
-0.16;0.48;0.00112511
-0.16;0.49;0.00278709
-0.16;0.5;0.00432042
-0.16;0.51;0.00571219
-0.16;0.52;0.00698467
-0.16;0.53;0.00813824
-0.16;0.54;0.00916431
-0.16;0.55;0.0100941
-0.16;0.56;0.0109167
-0.16;0.57;0.011638
-0.16;0.58;0.0122669
-0.16;0.59;0.0128143
-0.16;0.6;0.0132699
-0.16;0.61;0.0136473
-0.16;0.62;0.0139505
-0.16;0.63;0.0141851
-0.16;0.64;0.0143567
-0.16;0.65;0.0144567
-0.16;0.66;0.0145001
-0.16;0.67;0.0144892
-0.16;0.68;0.0144258
-0.16;0.69;0.0143165
-0.16;0.7;0.0141602
-0.16;0.71;0.0139616
-0.16;0.72;0.0137226
-0.16;0.73;0.0134465
-0.16;0.74;0.013137
-0.16;0.75;0.0127955
-0.16;0.76;0.0124245
-0.16;0.77;0.0120261
-0.16;0.78;0.0116024
-0.16;0.79;0.0111549
-0.16;0.8;0.0106882
-0.16;0.81;0.0102005
-0.16;0.82;0.00969773
-0.16;0.83;0.0091783
-0.16;0.84;0.00864567
-0.16;0.85;0.00810128
-0.16;0.86;0.00754417
-0.16;0.87;0.00697877
-0.16;0.88;0.00640412
-0.16;0.89;0.00582429
-0.16;0.9;0.00523604
-0.16;0.91;0.00464276
-0.16;0.92;0.00404454
-0.16;0.93;0.00344721
-0.16;0.94;0.0028431
-0.16;0.95;0.00223979
-0.16;0.96;0.00163583
-0.16;0.97;0.00103245
-0.16;0.98;0.000428984
-0.16;0.99;7.61868e-34
-0.15;-1;4.14211e-20
-0.15;-0.99;-5.17764e-21
-0.15;-0.98;0.000520546
-0.15;-0.97;0.001121
-0.15;-0.96;0.00172049
-0.15;-0.95;0.00232214
-0.15;-0.94;0.00292168
-0.15;-0.93;0.00352121
-0.15;-0.92;0.00411541
-0.15;-0.91;0.00470733
-0.15;-0.9;0.00529515
-0.15;-0.89;0.00587842
-0.15;-0.88;0.00645488
-0.15;-0.87;0.00702252
-0.15;-0.86;0.00758374
-0.15;-0.85;0.00813203
-0.15;-0.84;0.00866996
-0.15;-0.83;0.00919516
-0.15;-0.82;0.00970637
-0.15;-0.81;0.010201
-0.15;-0.8;0.0106785
-0.15;-0.79;0.0111375
-0.15;-0.78;0.0115752
-0.15;-0.77;0.0119881
-0.15;-0.76;0.012376
-0.15;-0.75;0.0127357
-0.15;-0.74;0.0130669
-0.15;-0.73;0.0133652
-0.15;-0.72;0.0136291
-0.15;-0.71;0.0138548
-0.15;-0.7;0.0140407
-0.15;-0.69;0.0141837
-0.15;-0.68;0.0142811
-0.15;-0.67;0.0143304
-0.15;-0.66;0.0143269
-0.15;-0.65;0.0142651
-0.15;-0.64;0.0141393
-0.15;-0.63;0.013955
-0.15;-0.62;0.0137034
-0.15;-0.61;0.0133827
-0.15;-0.6;0.0129854
-0.15;-0.59;0.0125007
-0.15;-0.58;0.0119374
-0.15;-0.57;0.0112919
-0.15;-0.56;0.0105389
-0.15;-0.55;0.00969364
-0.15;-0.54;0.00874812
-0.15;-0.53;0.00768134
-0.15;-0.52;0.00651102
-0.15;-0.51;0.00521644
-0.15;-0.5;0.00378987
-0.15;-0.49;0.00223887
-0.15;-0.48;0.000536513
-0.15;-0.47;1.17611e-33
-0.15;-0.46;3.35611e-20
-0.15;-0.45;1.18967e-33
-0.15;-0.44;1.19776e-33
-0.15;-0.43;1.22326e-33
-0.15;-0.42;1.21444e-33
-0.15;-0.41;1.22142e-33
-0.15;-0.4;1.23153e-33
-0.15;-0.39;1.30187e-33
-0.15;-0.38;1.25231e-33
-0.15;-0.37;1.35388e-33
-0.15;-0.36;1.27485e-33
-0.15;-0.35;1.39725e-33
-0.15;-0.34;1.30541e-33
-0.15;-0.33;1.3185e-33
-0.15;-0.32;1.33934e-33
-0.15;-0.31;1.35535e-33
-0.15;-0.3;1.37982e-33
-0.15;-0.29;1.40059e-33
-0.15;-0.28;1.41564e-33
-0.15;-0.27;1.44817e-33
-0.15;-0.26;1.6277e-33
-0.15;-0.25;1.50975e-33
-0.15;-0.24;1.71276e-33
-0.15;-0.23;1.58456e-33
-0.15;-0.22;1.62858e-33
-0.15;-0.21;1.79391e-33
-0.15;-0.2;1.7088e-33
-0.15;-0.19;1.86018e-33
-0.15;-0.18;1.89004e-33
-0.15;-0.17;1.8891e-33
-0.15;-0.16;1.97095e-33
-0.15;-0.15;2.086e-33
-0.15;-0.14;2.16835e-33
-0.15;-0.13;2.23215e-33
-0.15;-0.12;2.38788e-33
-0.15;-0.11;2.29852e-33
-0.15;-0.1;2.65592e-33
-0.15;-0.09;2.77964e-33
-0.15;-0.08;2.96089e-33
-0.15;-0.07;3.11459e-33
-0.15;-0.06;3.28379e-33
-0.15;-0.05;3.50456e-33
-0.15;-0.04;2.60033e-33
-0.15;-0.03;3.72223e-33
-0.15;-0.02;2.68143e-33
-0.15;-0.01;3.83741e-33
-0.15;0;2.75719e-33
-0.15;0.01;3.86002e-33
-0.15;0.02;3.77894e-33
-0.15;0.03;2.63916e-33
-0.15;0.04;3.56524e-33
-0.15;0.05;3.50317e-33
-0.15;0.06;2.48309e-33
-0.15;0.07;3.1133e-33
-0.15;0.08;2.41096e-33
-0.15;0.09;2.80659e-33
-0.15;0.1;2.33685e-33
-0.15;0.11;2.30202e-33
-0.15;0.12;2.26266e-33
-0.15;0.13;2.2243e-33
-0.15;0.14;2.16917e-33
-0.15;0.15;2.06767e-33
-0.15;0.16;1.97469e-33
-0.15;0.17;1.92564e-33
-0.15;0.18;1.82222e-33
-0.15;0.19;1.76054e-33
-0.15;0.2;1.70723e-33
-0.15;0.21;1.66689e-33
-0.15;0.22;1.61761e-33
-0.15;0.23;1.57308e-33
-0.15;0.24;1.71112e-33
-0.15;0.25;1.50984e-33
-0.15;0.26;1.47023e-33
-0.15;0.27;1.44739e-33
-0.15;0.28;1.42384e-33
-0.15;0.29;1.3947e-33
-0.15;0.3;1.37865e-33
-0.15;0.31;1.35593e-33
-0.15;0.32;1.33944e-33
-0.15;0.33;1.43929e-33
-0.15;0.34;1.30461e-33
-0.15;0.35;1.28919e-33
-0.15;0.36;1.37655e-33
-0.15;0.37;1.26239e-33
-0.15;0.38;1.25327e-33
-0.15;0.39;1.30088e-33
-0.15;0.4;1.23104e-33
-0.15;0.41;1.22161e-33
-0.15;0.42;1.21409e-33
-0.15;0.43;1.22359e-33
-0.15;0.44;1.19925e-33
-0.15;0.45;1.1901e-33
-0.15;0.46;1.18132e-33
-0.15;0.47;-6.57659e-20
-0.15;0.48;0.000536007
-0.15;0.49;0.0022392
-0.15;0.5;0.00378927
-0.15;0.51;0.00521788
-0.15;0.52;0.00651055
-0.15;0.53;0.00768435
-0.15;0.54;0.00874694
-0.15;0.55;0.0096929
-0.15;0.56;0.0105398
-0.15;0.57;0.0112908
-0.15;0.58;0.011937
-0.15;0.59;0.0125016
-0.15;0.6;0.0129854
-0.15;0.61;0.0133842
-0.15;0.62;0.0136998
-0.15;0.63;0.0139539
-0.15;0.64;0.0141384
-0.15;0.65;0.0142643
-0.15;0.66;0.0143273
-0.15;0.67;0.0143308
-0.15;0.68;0.0142817
-0.15;0.69;0.0141866
-0.15;0.7;0.0140414
-0.15;0.71;0.0138552
-0.15;0.72;0.0136298
-0.15;0.73;0.0133666
-0.15;0.74;0.0130676
-0.15;0.75;0.0127378
-0.15;0.76;0.0123761
-0.15;0.77;0.0119889
-0.15;0.78;0.0115754
-0.15;0.79;0.0111382
-0.15;0.8;0.0106804
-0.15;0.81;0.0102013
-0.15;0.82;0.00970593
-0.15;0.83;0.00919594
-0.15;0.84;0.00867031
-0.15;0.85;0.00813299
-0.15;0.86;0.00758286
-0.15;0.87;0.00702375
-0.15;0.88;0.0064549
-0.15;0.89;0.00587826
-0.15;0.9;0.00529505
-0.15;0.91;0.00470758
-0.15;0.92;0.004116
-0.15;0.93;0.00351911
-0.15;0.94;0.00292236
-0.15;0.95;0.0023221
-0.15;0.96;0.0017204
-0.15;0.97;0.00111976
-0.15;0.98;0.00052052
-0.15;0.99;7.56533e-34
-0.14;-1;7.51582e-34
-0.14;-0.99;8.32491e-06
-0.14;-0.98;0.000604142
-0.14;-0.97;0.00120055
-0.14;-0.96;0.00179809
-0.14;-0.95;0.00239632
-0.14;-0.94;0.00299349
-0.14;-0.93;0.00358886
-0.14;-0.92;0.00417981
-0.14;-0.91;0.00476716
-0.14;-0.9;0.00535096
-0.14;-0.89;0.00592731
-0.14;-0.88;0.00649855
-0.14;-0.87;0.00706281
-0.14;-0.86;0.00761735
-0.14;-0.85;0.00816066
-0.14;-0.84;0.00869073
-0.14;-0.83;0.00920904
-0.14;-0.82;0.00971514
-0.14;-0.81;0.0102004
-0.14;-0.8;0.0106698
-0.14;-0.79;0.0111214
-0.14;-0.78;0.0115486
-0.14;-0.77;0.0119527
-0.14;-0.76;0.0123304
-0.14;-0.75;0.0126821
-0.14;-0.74;0.0130013
-0.14;-0.73;0.013288
-0.14;-0.72;0.0135417
-0.14;-0.71;0.0137562
-0.14;-0.7;0.0139298
-0.14;-0.69;0.0140599
-0.14;-0.68;0.0141453
-0.14;-0.67;0.0141776
-0.14;-0.66;0.0141532
-0.14;-0.65;0.0140753
-0.14;-0.64;0.013939
-0.14;-0.63;0.0137377
-0.14;-0.62;0.013473
-0.14;-0.61;0.0131276
-0.14;-0.6;0.012712
-0.14;-0.59;0.0122167
-0.14;-0.58;0.0116335
-0.14;-0.57;0.0109548
-0.14;-0.56;0.0101862
-0.14;-0.55;0.0093213
-0.14;-0.54;0.00834754
-0.14;-0.53;0.00726262
-0.14;-0.52;0.00606951
-0.14;-0.51;0.00474643
-0.14;-0.5;0.00330618
-0.14;-0.49;0.00171259
-0.14;-0.48;1.75415e-06
-0.14;-0.47;1.15725e-33
-0.14;-0.46;1.1628e-33
-0.14;-0.45;1.18144e-33
-0.14;-0.44;1.17522e-33
-0.14;-0.43;1.21031e-33
-0.14;-0.42;1.18958e-33
-0.14;-0.41;1.25491e-33
-0.14;-0.4;1.26755e-33
-0.14;-0.39;1.28434e-33
-0.14;-0.38;1.22582e-33
-0.14;-0.37;1.32199e-33
-0.14;-0.36;1.24689e-33
-0.14;-0.35;1.25913e-33
-0.14;-0.34;1.2708e-33
-0.14;-0.33;1.28593e-33
-0.14;-0.32;1.30235e-33
-0.14;-0.31;1.48164e-33
-0.14;-0.3;1.33837e-33
-0.14;-0.29;1.35492e-33
-0.14;-0.28;1.38034e-33
-0.14;-0.27;1.40205e-33
-0.14;-0.26;1.60269e-33
-0.14;-0.25;1.45143e-33
-0.14;-0.24;1.48717e-33
-0.14;-0.23;1.71276e-33
-0.14;-0.22;1.56046e-33
-0.14;-0.21;1.76676e-33
-0.14;-0.2;1.79391e-33
-0.14;-0.19;1.69962e-33
-0.14;-0.18;1.86018e-33
-0.14;-0.17;1.89004e-33
-0.14;-0.16;1.88403e-33
-0.14;-0.15;1.96853e-33
-0.14;-0.14;2.08708e-33
-0.14;-0.13;2.17162e-33
-0.14;-0.12;2.23215e-33
-0.14;-0.11;2.26425e-33
-0.14;-0.1;2.57102e-33
-0.14;-0.09;2.72332e-33
-0.14;-0.08;2.88016e-33
-0.14;-0.07;3.06131e-33
-0.14;-0.06;2.44384e-33
-0.14;-0.05;3.50456e-33
-0.14;-0.04;2.52599e-33
-0.14;-0.03;3.72223e-33
-0.14;-0.02;2.63928e-33
-0.14;-0.01;2.68143e-33
-0.14;0;3.85592e-33
-0.14;0.01;2.68094e-33
-0.14;0.02;3.77522e-33
-0.14;0.03;2.60058e-33
-0.14;0.04;3.55223e-33
-0.14;0.05;3.50317e-33
-0.14;0.06;3.21153e-33
-0.14;0.07;2.41096e-33
-0.14;0.08;2.88138e-33
-0.14;0.09;2.72468e-33
-0.14;0.1;2.5691e-33
-0.14;0.11;2.26266e-33
-0.14;0.12;2.2243e-33
-0.14;0.13;2.19475e-33
-0.14;0.14;2.06767e-33
-0.14;0.15;1.97145e-33
-0.14;0.16;1.92416e-33
-0.14;0.17;1.81554e-33
-0.14;0.18;1.7532e-33
-0.14;0.19;1.69822e-33
-0.14;0.2;1.6425e-33
-0.14;0.21;1.60683e-33
-0.14;0.22;1.56087e-33
-0.14;0.23;1.71112e-33
-0.14;0.24;1.68446e-33
-0.14;0.25;1.45058e-33
-0.14;0.26;1.60319e-33
-0.14;0.27;1.40333e-33
-0.14;0.28;1.37925e-33
-0.14;0.29;1.35554e-33
-0.14;0.3;1.33843e-33
-0.14;0.31;1.3152e-33
-0.14;0.32;1.43929e-33
-0.14;0.33;1.28597e-33
-0.14;0.34;1.27137e-33
-0.14;0.35;1.25802e-33
-0.14;0.36;1.24528e-33
-0.14;0.37;1.32212e-33
-0.14;0.38;1.30088e-33
-0.14;0.39;1.28448e-33
-0.14;0.4;1.26822e-33
-0.14;0.41;1.19996e-33
-0.14;0.42;1.18998e-33
-0.14;0.43;1.20963e-33
-0.14;0.44;1.19712e-33
-0.14;0.45;1.17094e-33
-0.14;0.46;1.16402e-33
-0.14;0.47;1.15773e-33
-0.14;0.48;1.75496e-06
-0.14;0.49;0.00171553
-0.14;0.5;0.00330147
-0.14;0.51;0.00474882
-0.14;0.52;0.00606903
-0.14;0.53;0.0072645
-0.14;0.54;0.00834525
-0.14;0.55;0.00932396
-0.14;0.56;0.0101904
-0.14;0.57;0.0109555
-0.14;0.58;0.0116335
-0.14;0.59;0.0122107
-0.14;0.6;0.0127096
-0.14;0.61;0.0131278
-0.14;0.62;0.0134733
-0.14;0.63;0.0137371
-0.14;0.64;0.0139389
-0.14;0.65;0.0140759
-0.14;0.66;0.014155
-0.14;0.67;0.0141764
-0.14;0.68;0.0141447
-0.14;0.69;0.0140591
-0.14;0.7;0.0139294
-0.14;0.71;0.0137563
-0.14;0.72;0.0135419
-0.14;0.73;0.0132871
-0.14;0.74;0.0130027
-0.14;0.75;0.0126828
-0.14;0.76;0.0123318
-0.14;0.77;0.0119532
-0.14;0.78;0.0115489
-0.14;0.79;0.0111211
-0.14;0.8;0.0106721
-0.14;0.81;0.0102032
-0.14;0.82;0.00971243
-0.14;0.83;0.00920947
-0.14;0.84;0.00869137
-0.14;0.85;0.00815958
-0.14;0.86;0.00761799
-0.14;0.87;0.00706297
-0.14;0.88;0.00649969
-0.14;0.89;0.00592732
-0.14;0.9;0.00535114
-0.14;0.91;0.00476732
-0.14;0.92;0.00417967
-0.14;0.93;0.00358828
-0.14;0.94;0.0029939
-0.14;0.95;0.00239763
-0.14;0.96;0.00179849
-0.14;0.97;0.00120079
-0.14;0.98;0.000604858
-0.14;0.99;8.38625e-06
-0.13;-1;7.47181e-34
-0.13;-0.99;8.91682e-05
-0.13;-0.98;0.00068309
-0.13;-0.97;0.00127691
-0.13;-0.96;0.00187142
-0.13;-0.95;0.00246684
-0.13;-0.94;0.00306002
-0.13;-0.93;0.00365059
-0.13;-0.92;0.00423726
-0.13;-0.91;0.00482084
-0.13;-0.9;0.00540126
-0.13;-0.89;0.00597159
-0.13;-0.88;0.00653803
-0.13;-0.87;0.00709753
-0.13;-0.86;0.00764612
-0.13;-0.85;0.00818572
-0.13;-0.84;0.00871043
-0.13;-0.83;0.00922256
-0.13;-0.82;0.00971964
-0.13;-0.81;0.0101992
-0.13;-0.8;0.0106612
-0.13;-0.79;0.0111035
-0.13;-0.78;0.0115236
-0.13;-0.77;0.0119182
-0.13;-0.76;0.0122872
-0.13;-0.75;0.0126294
-0.13;-0.74;0.012939
-0.13;-0.73;0.0132166
-0.13;-0.72;0.0134591
-0.13;-0.71;0.0136622
-0.13;-0.7;0.0138255
-0.13;-0.69;0.0139414
-0.13;-0.68;0.0140103
-0.13;-0.67;0.0140267
-0.13;-0.66;0.0139936
-0.13;-0.65;0.0139015
-0.13;-0.64;0.0137509
-0.13;-0.63;0.0135377
-0.13;-0.62;0.0132478
-0.13;-0.61;0.0128878
-0.13;-0.6;0.012454
-0.13;-0.59;0.0119404
-0.13;-0.58;0.0113378
-0.13;-0.57;0.010644
-0.13;-0.56;0.00985901
-0.13;-0.55;0.00896914
-0.13;-0.54;0.00797615
-0.13;-0.53;0.00687771
-0.13;-0.52;0.00564904
-0.13;-0.51;0.00431571
-0.13;-0.5;0.00284047
-0.13;-0.49;0.00123849
-0.13;-0.48;-4.77745e-20
-0.13;-0.47;1.13832e-33
-0.13;-0.46;1.14226e-33
-0.13;-0.45;1.14842e-33
-0.13;-0.44;1.15441e-33
-0.13;-0.43;1.16121e-33
-0.13;-0.42;1.16676e-33
-0.13;-0.41;1.17433e-33
-0.13;-0.4;1.1826e-33
-0.13;-0.39;1.18949e-33
-0.13;-0.38;1.19948e-33
-0.13;-0.37;1.30187e-33
-0.13;-0.36;1.21755e-33
-0.13;-0.35;1.35388e-33
-0.13;-0.34;1.24147e-33
-0.13;-0.33;1.39725e-33
-0.13;-0.32;1.41758e-33
-0.13;-0.31;1.27706e-33
-0.13;-0.3;1.48164e-33
-0.13;-0.29;1.5052e-33
-0.13;-0.28;1.33109e-33
-0.13;-0.27;1.55266e-33
-0.13;-0.26;1.57948e-33
-0.13;-0.25;1.60269e-33
-0.13;-0.24;1.6277e-33
-0.13;-0.23;1.68561e-33
-0.13;-0.22;1.71276e-33
-0.13;-0.21;1.73967e-33
-0.13;-0.2;1.57076e-33
-0.13;-0.19;1.79391e-33
-0.13;-0.18;1.67421e-33
-0.13;-0.17;1.86018e-33
-0.13;-0.16;1.89004e-33
-0.13;-0.15;1.87897e-33
-0.13;-0.14;1.94827e-33
-0.13;-0.13;2.08817e-33
-0.13;-0.12;2.1749e-33
-0.13;-0.11;2.3377e-33
-0.13;-0.1;2.26425e-33
-0.13;-0.09;2.61133e-33
-0.13;-0.08;2.7673e-33
-0.13;-0.07;2.37242e-33
-0.13;-0.06;3.1189e-33
-0.13;-0.05;2.44384e-33
-0.13;-0.04;2.48215e-33
-0.13;-0.03;2.52599e-33
-0.13;-0.02;2.60033e-33
-0.13;-0.01;2.63928e-33
-0.13;0;2.68094e-33
-0.13;0.01;2.63916e-33
-0.13;0.02;2.60058e-33
-0.13;0.03;2.5207e-33
-0.13;0.04;2.48309e-33
-0.13;0.05;3.31932e-33
-0.13;0.06;2.41096e-33
-0.13;0.07;2.37367e-33
-0.13;0.08;2.79752e-33
-0.13;0.09;2.61148e-33
-0.13;0.1;2.26266e-33
-0.13;0.11;2.2243e-33
-0.13;0.12;2.19845e-33
-0.13;0.13;2.06767e-33
-0.13;0.14;1.96821e-33
-0.13;0.15;1.92416e-33
-0.13;0.16;1.80886e-33
-0.13;0.17;1.85736e-33
-0.13;0.18;1.67287e-33
-0.13;0.19;1.61891e-33
-0.13;0.2;1.5707e-33
-0.13;0.21;1.53736e-33
-0.13;0.22;1.49087e-33
-0.13;0.23;1.46295e-33
-0.13;0.24;1.62874e-33
-0.13;0.25;1.60319e-33
-0.13;0.26;1.37985e-33
-0.13;0.27;1.35516e-33
-0.13;0.28;1.33118e-33
-0.13;0.29;1.31198e-33
-0.13;0.3;1.47815e-33
-0.13;0.31;1.43929e-33
-0.13;0.32;1.41815e-33
-0.13;0.33;1.39876e-33
-0.13;0.34;1.37655e-33
-0.13;0.35;1.22841e-33
-0.13;0.36;1.21743e-33
-0.13;0.37;1.30088e-33
-0.13;0.38;1.20067e-33
-0.13;0.39;1.18986e-33
-0.13;0.4;1.18109e-33
-0.13;0.41;1.22359e-33
-0.13;0.42;1.20963e-33
-0.13;0.43;1.16221e-33
-0.13;0.44;1.15534e-33
-0.13;0.45;1.15069e-33
-0.13;0.46;1.14526e-33
-0.13;0.47;1.13942e-33
-0.13;0.48;1.13358e-33
-0.13;0.49;0.00123794
-0.13;0.5;0.00283713
-0.13;0.51;0.00431401
-0.13;0.52;0.00565042
-0.13;0.53;0.00687731
-0.13;0.54;0.00797635
-0.13;0.55;0.00897059
-0.13;0.56;0.00986058
-0.13;0.57;0.0106426
-0.13;0.58;0.0113378
-0.13;0.59;0.0119434
-0.13;0.6;0.0124545
-0.13;0.61;0.012887
-0.13;0.62;0.013249
-0.13;0.63;0.0135379
-0.13;0.64;0.0137519
-0.13;0.65;0.0139014
-0.13;0.66;0.0139912
-0.13;0.67;0.0140284
-0.13;0.68;0.0140088
-0.13;0.69;0.0139429
-0.13;0.7;0.0138249
-0.13;0.71;0.0136624
-0.13;0.72;0.0134585
-0.13;0.73;0.0132163
-0.13;0.74;0.0129395
-0.13;0.75;0.0126302
-0.13;0.76;0.0122886
-0.13;0.77;0.0119188
-0.13;0.78;0.0115237
-0.13;0.79;0.0111034
-0.13;0.8;0.0106621
-0.13;0.81;0.0102003
-0.13;0.82;0.00971884
-0.13;0.83;0.00922275
-0.13;0.84;0.00871015
-0.13;0.85;0.00818548
-0.13;0.86;0.00764717
-0.13;0.87;0.0070977
-0.13;0.88;0.00653993
-0.13;0.89;0.00597216
-0.13;0.9;0.00540071
-0.13;0.91;0.00482172
-0.13;0.92;0.00423864
-0.13;0.93;0.00365144
-0.13;0.94;0.00305985
-0.13;0.95;0.00246691
-0.13;0.96;0.00187169
-0.13;0.97;0.00127839
-0.13;0.98;0.000682662
-0.13;0.99;8.90837e-05
-0.12;-1;7.43104e-34
-0.12;-0.99;0.000163277
-0.12;-0.98;0.000754476
-0.12;-0.97;0.00134651
-0.12;-0.96;0.00193866
-0.12;-0.95;0.00253037
-0.12;-0.94;0.00312018
-0.12;-0.93;0.00370759
-0.12;-0.92;0.00429105
-0.12;-0.91;0.00487146
-0.12;-0.9;0.00544477
-0.12;-0.89;0.0060127
-0.12;-0.88;0.00657472
-0.12;-0.87;0.00712876
-0.12;-0.86;0.00767238
-0.12;-0.85;0.00820506
-0.12;-0.84;0.00872685
-0.12;-0.83;0.00923292
-0.12;-0.82;0.009723
-0.12;-0.81;0.0101966
-0.12;-0.8;0.0106521
-0.12;-0.79;0.0110866
-0.12;-0.78;0.0114983
-0.12;-0.77;0.0118857
-0.12;-0.76;0.0122472
-0.12;-0.75;0.0125799
-0.12;-0.74;0.0128811
-0.12;-0.73;0.0131493
-0.12;-0.72;0.0133805
-0.12;-0.71;0.0135728
-0.12;-0.7;0.0137221
-0.12;-0.69;0.0138296
-0.12;-0.68;0.0138837
-0.12;-0.67;0.01389
-0.12;-0.66;0.0138438
-0.12;-0.65;0.0137423
-0.12;-0.64;0.0135775
-0.12;-0.63;0.013343
-0.12;-0.62;0.0130446
-0.12;-0.61;0.0126681
-0.12;-0.6;0.0122204
-0.12;-0.59;0.0116836
-0.12;-0.58;0.0110646
-0.12;-0.57;0.0103601
-0.12;-0.56;0.0095516
-0.12;-0.55;0.00864227
-0.12;-0.54;0.00763815
-0.12;-0.53;0.00650758
-0.12;-0.52;0.00526953
-0.12;-0.51;0.00390707
-0.12;-0.5;0.00241715
-0.12;-0.49;0.000790278
-0.12;-0.48;6.26107e-20
-0.12;-0.47;1.1225e-33
-0.12;-0.46;1.13392e-33
-0.12;-0.45;1.13074e-33
-0.12;-0.44;1.13591e-33
-0.12;-0.43;1.18144e-33
-0.12;-0.42;1.19519e-33
-0.12;-0.41;1.15177e-33
-0.12;-0.4;1.15961e-33
-0.12;-0.39;1.16516e-33
-0.12;-0.38;1.17344e-33
-0.12;-0.37;1.28434e-33
-0.12;-0.36;1.30187e-33
-0.12;-0.35;1.32199e-33
-0.12;-0.34;1.21212e-33
-0.12;-0.33;1.2191e-33
-0.12;-0.32;1.2314e-33
-0.12;-0.31;1.24551e-33
-0.12;-0.3;1.25943e-33
-0.12;-0.29;1.27301e-33
-0.12;-0.28;1.5052e-33
-0.12;-0.27;1.52672e-33
-0.12;-0.26;1.55266e-33
-0.12;-0.25;1.35407e-33
-0.12;-0.24;1.38138e-33
-0.12;-0.23;1.40496e-33
-0.12;-0.22;1.41758e-33
-0.12;-0.21;1.45795e-33
-0.12;-0.2;1.73967e-33
-0.12;-0.19;1.54351e-33
-0.12;-0.18;1.59401e-33
-0.12;-0.17;1.64636e-33
-0.12;-0.16;1.70688e-33
-0.12;-0.15;1.71276e-33
-0.12;-0.14;1.87391e-33
-0.12;-0.13;1.9448e-33
-0.12;-0.12;2.08926e-33
-0.12;-0.11;2.17818e-33
-0.12;-0.1;2.34577e-33
-0.12;-0.09;2.19635e-33
-0.12;-0.08;2.29852e-33
-0.12;-0.07;2.33667e-33
-0.12;-0.06;2.37242e-33
-0.12;-0.05;3.27522e-33
-0.12;-0.04;3.50456e-33
-0.12;-0.03;2.48215e-33
-0.12;-0.02;3.73176e-33
-0.12;-0.01;3.8307e-33
-0.12;0;2.63916e-33
-0.12;0.01;3.86002e-33
-0.12;0.02;3.75465e-33
-0.12;0.03;2.48309e-33
-0.12;0.04;2.44794e-33
-0.12;0.05;2.41096e-33
-0.12;0.06;2.37367e-33
-0.12;0.07;2.87474e-33
-0.12;0.08;2.30202e-33
-0.12;0.09;2.49391e-33
-0.12;0.1;2.2243e-33
-0.12;0.11;2.20216e-33
-0.12;0.12;2.06767e-33
-0.12;0.13;1.96497e-33
-0.12;0.14;1.92416e-33
-0.12;0.15;1.7639e-33
-0.12;0.16;1.85736e-33
-0.12;0.17;1.64559e-33
-0.12;0.18;1.59415e-33
-0.12;0.19;1.54524e-33
-0.12;0.2;1.51133e-33
-0.12;0.21;1.45695e-33
-0.12;0.22;1.43122e-33
-0.12;0.23;1.62874e-33
-0.12;0.24;1.38045e-33
-0.12;0.25;1.57902e-33
-0.12;0.26;1.32943e-33
-0.12;0.27;1.30875e-33
-0.12;0.28;1.28989e-33
-0.12;0.29;1.27351e-33
-0.12;0.3;1.25838e-33
-0.12;0.31;1.24397e-33
-0.12;0.32;1.23092e-33
-0.12;0.33;1.21911e-33
-0.12;0.34;1.3546e-33
-0.12;0.35;1.32212e-33
-0.12;0.36;1.18975e-33
-0.12;0.37;1.28448e-33
-0.12;0.38;1.26822e-33
-0.12;0.39;1.16669e-33
-0.12;0.4;1.16041e-33
-0.12;0.41;1.15328e-33
-0.12;0.42;1.14864e-33
-0.12;0.43;1.17961e-33
-0.12;0.44;1.1571e-33
-0.12;0.45;1.14664e-33
-0.12;0.46;1.12652e-33
-0.12;0.47;1.12249e-33
-0.12;0.48;1.119e-33
-0.12;0.49;0.000790288
-0.12;0.5;0.0024164
-0.12;0.51;0.00390805
-0.12;0.52;0.00527022
-0.12;0.53;0.00650629
-0.12;0.54;0.00763734
-0.12;0.55;0.00864351
-0.12;0.56;0.00955064
-0.12;0.57;0.010358
-0.12;0.58;0.0110646
-0.12;0.59;0.0116844
-0.12;0.6;0.0122205
-0.12;0.61;0.012667
-0.12;0.62;0.0130386
-0.12;0.63;0.0133421
-0.12;0.64;0.0135782
-0.12;0.65;0.0137428
-0.12;0.66;0.0138444
-0.12;0.67;0.0138902
-0.12;0.68;0.0138837
-0.12;0.69;0.0138266
-0.12;0.7;0.0137216
-0.12;0.71;0.0135725
-0.12;0.72;0.0133812
-0.12;0.73;0.0131495
-0.12;0.74;0.012881
-0.12;0.75;0.012579
-0.12;0.76;0.0122479
-0.12;0.77;0.0118866
-0.12;0.78;0.0114985
-0.12;0.79;0.0110869
-0.12;0.8;0.0106523
-0.12;0.81;0.0101975
-0.12;0.82;0.00972367
-0.12;0.83;0.00923253
-0.12;0.84;0.00872586
-0.12;0.85;0.00820632
-0.12;0.86;0.00767242
-0.12;0.87;0.00712864
-0.12;0.88;0.00657595
-0.12;0.89;0.006015
-0.12;0.9;0.00544586
-0.12;0.91;0.00487032
-0.12;0.92;0.00429146
-0.12;0.93;0.00370753
-0.12;0.94;0.00312035
-0.12;0.95;0.00253044
-0.12;0.96;0.00193877
-0.12;0.97;0.00134637
-0.12;0.98;0.000754291
-0.12;0.99;0.000162188
-0.11;-1;-4.0834e-20
-0.11;-0.99;0.000230993
-0.11;-0.98;0.000819767
-0.11;-0.97;0.00141001
-0.11;-0.96;0.00199929
-0.11;-0.95;0.00258795
-0.11;-0.94;0.00317467
-0.11;-0.93;0.00375766
-0.11;-0.92;0.00433924
-0.11;-0.91;0.00491595
-0.11;-0.9;0.00548571
-0.11;-0.89;0.00605018
-0.11;-0.88;0.00660842
-0.11;-0.87;0.00715671
-0.11;-0.86;0.00769562
-0.11;-0.85;0.00822383
-0.11;-0.84;0.00873915
-0.11;-0.83;0.00923948
-0.11;-0.82;0.00972409
-0.11;-0.81;0.0101932
-0.11;-0.8;0.0106422
-0.11;-0.79;0.0110701
-0.11;-0.78;0.0114743
-0.11;-0.77;0.0118563
-0.11;-0.76;0.0122098
-0.11;-0.75;0.0125333
-0.11;-0.74;0.0128268
-0.11;-0.73;0.0130834
-0.11;-0.72;0.0133046
-0.11;-0.71;0.0134855
-0.11;-0.7;0.0136258
-0.11;-0.69;0.0137214
-0.11;-0.68;0.0137667
-0.11;-0.67;0.0137638
-0.11;-0.66;0.0137071
-0.11;-0.65;0.0135908
-0.11;-0.64;0.0134095
-0.11;-0.63;0.0131616
-0.11;-0.62;0.0128495
-0.11;-0.61;0.0124654
-0.11;-0.6;0.011997
-0.11;-0.59;0.0114475
-0.11;-0.58;0.0108171
-0.11;-0.57;0.0100892
-0.11;-0.56;0.00926749
-0.11;-0.55;0.00834618
-0.11;-0.54;0.00731327
-0.11;-0.53;0.00617253
-0.11;-0.52;0.00491873
-0.11;-0.51;0.00353359
-0.11;-0.5;0.00202847
-0.11;-0.49;0.000382451
-0.11;-0.48;1.10575e-33
-0.11;-0.47;1.10895e-33
-0.11;-0.46;1.11191e-33
-0.11;-0.45;1.13392e-33
-0.11;-0.44;1.1185e-33
-0.11;-0.43;1.12156e-33
-0.11;-0.42;1.18144e-33
-0.11;-0.41;1.13169e-33
-0.11;-0.4;1.21031e-33
-0.11;-0.39;1.14139e-33
-0.11;-0.38;1.25491e-33
-0.11;-0.37;1.15802e-33
-0.11;-0.36;1.16357e-33
-0.11;-0.35;1.30187e-33
-0.11;-0.34;1.18242e-33
-0.11;-0.33;1.18931e-33
-0.11;-0.32;1.20119e-33
-0.11;-0.31;1.39725e-33
-0.11;-0.3;1.41758e-33
-0.11;-0.29;1.24009e-33
-0.11;-0.28;1.48164e-33
-0.11;-0.27;1.26896e-33
-0.11;-0.26;1.52672e-33
-0.11;-0.25;1.30628e-33
-0.11;-0.24;1.32758e-33
-0.11;-0.23;1.34612e-33
-0.11;-0.22;1.37063e-33
-0.11;-0.21;1.40642e-33
-0.11;-0.2;1.41758e-33
-0.11;-0.19;1.47335e-33
-0.11;-0.18;1.76676e-33
-0.11;-0.17;1.55232e-33
-0.11;-0.16;1.61935e-33
-0.11;-0.15;1.6977e-33
-0.11;-0.14;1.71276e-33
-0.11;-0.13;1.82549e-33
-0.11;-0.12;1.94132e-33
-0.11;-0.11;2.09034e-33
-0.11;-0.1;2.20938e-33
-0.11;-0.09;2.23215e-33
-0.11;-0.08;2.19635e-33
-0.11;-0.07;2.29852e-33
-0.11;-0.06;2.92701e-33
-0.11;-0.05;2.37242e-33
-0.11;-0.04;2.40876e-33
-0.11;-0.03;2.44384e-33
-0.11;-0.02;2.48215e-33
-0.11;-0.01;2.52599e-33
-0.11;0;3.85604e-33
-0.11;0.01;2.5207e-33
-0.11;0.02;3.73918e-33
-0.11;0.03;2.44794e-33
-0.11;0.04;2.41096e-33
-0.11;0.05;2.37367e-33
-0.11;0.06;2.95618e-33
-0.11;0.07;2.73122e-33
-0.11;0.08;2.26266e-33
-0.11;0.09;2.2243e-33
-0.11;0.1;2.22964e-33
-0.11;0.11;2.0909e-33
-0.11;0.12;1.96173e-33
-0.11;0.13;1.92416e-33
-0.11;0.14;1.75656e-33
-0.11;0.15;1.85736e-33
-0.11;0.16;1.62022e-33
-0.11;0.17;1.55313e-33
-0.11;0.18;1.51896e-33
-0.11;0.19;1.73897e-33
-0.11;0.2;1.43369e-33
-0.11;0.21;1.40751e-33
-0.11;0.22;1.36985e-33
-0.11;0.23;1.34651e-33
-0.11;0.24;1.32768e-33
-0.11;0.25;1.30553e-33
-0.11;0.26;1.28667e-33
-0.11;0.27;1.26959e-33
-0.11;0.28;1.254e-33
-0.11;0.29;1.43929e-33
-0.11;0.3;1.22578e-33
-0.11;0.31;1.21325e-33
-0.11;0.32;1.37655e-33
-0.11;0.33;1.3546e-33
-0.11;0.34;1.18085e-33
-0.11;0.35;1.30088e-33
-0.11;0.36;1.28448e-33
-0.11;0.37;1.1586e-33
-0.11;0.38;1.2529e-33
-0.11;0.39;1.14397e-33
-0.11;0.4;1.20963e-33
-0.11;0.41;1.13108e-33
-0.11;0.42;1.1273e-33
-0.11;0.43;1.1225e-33
-0.11;0.44;1.119e-33
-0.11;0.45;1.1155e-33
-0.11;0.46;1.11143e-33
-0.11;0.47;1.10801e-33
-0.11;0.48;1.10454e-33
-0.11;0.49;0.000382485
-0.11;0.5;0.00202922
-0.11;0.51;0.00353502
-0.11;0.52;0.00491847
-0.11;0.53;0.00617346
-0.11;0.54;0.0073137
-0.11;0.55;0.00834535
-0.11;0.56;0.00926682
-0.11;0.57;0.0100904
-0.11;0.58;0.0108159
-0.11;0.59;0.0114486
-0.11;0.6;0.0119971
-0.11;0.61;0.0124676
-0.11;0.62;0.0128497
-0.11;0.63;0.0131625
-0.11;0.64;0.0134098
-0.11;0.65;0.0135902
-0.11;0.66;0.0137075
-0.11;0.67;0.0137642
-0.11;0.68;0.0137675
-0.11;0.69;0.0137203
-0.11;0.7;0.0136253
-0.11;0.71;0.0134856
-0.11;0.72;0.0133049
-0.11;0.73;0.0130838
-0.11;0.74;0.012825
-0.11;0.75;0.0125341
-0.11;0.76;0.0122095
-0.11;0.77;0.0118552
-0.11;0.78;0.011475
-0.11;0.79;0.0110693
-0.11;0.8;0.0106422
-0.11;0.81;0.0101935
-0.11;0.82;0.00972553
-0.11;0.83;0.00923986
-0.11;0.84;0.00873884
-0.11;0.85;0.00822318
-0.11;0.86;0.00769621
-0.11;0.87;0.00715626
-0.11;0.88;0.00660767
-0.11;0.89;0.00605069
-0.11;0.9;0.00548705
-0.11;0.91;0.00491525
-0.11;0.92;0.00433913
-0.11;0.93;0.00375848
-0.11;0.94;0.00317502
-0.11;0.95;0.00258828
-0.11;0.96;0.00199949
-0.11;0.97;0.00141029
-0.11;0.98;0.000820233
-0.11;0.99;0.000231007
-0.1;-1;7.35835e-34
-0.1;-0.99;0.000292473
-0.1;-0.98;0.00087906
-0.1;-0.97;0.0014668
-0.1;-0.96;0.0020538
-0.1;-0.95;0.00263955
-0.1;-0.94;0.00322365
-0.1;-0.93;0.00380452
-0.1;-0.92;0.00438232
-0.1;-0.91;0.00495553
-0.1;-0.9;0.00552258
-0.1;-0.89;0.00608484
-0.1;-0.88;0.00663715
-0.1;-0.87;0.00718125
-0.1;-0.86;0.0077159
-0.1;-0.85;0.00823901
-0.1;-0.84;0.00874923
-0.1;-0.83;0.00924415
-0.1;-0.82;0.00972507
-0.1;-0.81;0.0101862
-0.1;-0.8;0.010631
-0.1;-0.79;0.0110525
-0.1;-0.78;0.0114517
-0.1;-0.77;0.0118256
-0.1;-0.76;0.0121708
-0.1;-0.75;0.0124872
-0.1;-0.74;0.0127714
-0.1;-0.73;0.0130199
-0.1;-0.72;0.0132326
-0.1;-0.71;0.0134071
-0.1;-0.7;0.0135369
-0.1;-0.69;0.013623
-0.1;-0.68;0.0136627
-0.1;-0.67;0.013642
-0.1;-0.66;0.0135789
-0.1;-0.65;0.013448
-0.1;-0.64;0.0132543
-0.1;-0.63;0.0130012
-0.1;-0.62;0.0126755
-0.1;-0.61;0.0122747
-0.1;-0.6;0.0117929
-0.1;-0.59;0.0112319
-0.1;-0.58;0.0105866
-0.1;-0.57;0.00984383
-0.1;-0.56;0.00900612
-0.1;-0.55;0.0080747
-0.1;-0.54;0.00702214
-0.1;-0.53;0.00587074
-0.1;-0.52;0.00459292
-0.1;-0.51;0.00320096
-0.1;-0.5;0.00167039
-0.1;-0.49;1.7343e-05
-0.1;-0.48;1.09117e-33
-0.1;-0.47;1.09402e-33
-0.1;-0.46;1.09744e-33
-0.1;-0.45;1.1225e-33
-0.1;-0.44;1.13392e-33
-0.1;-0.43;1.1432e-33
-0.1;-0.42;1.11125e-33
-0.1;-0.41;1.18144e-33
-0.1;-0.4;1.1185e-33
-0.1;-0.39;1.21031e-33
-0.1;-0.38;1.128e-33
-0.1;-0.37;1.13504e-33
-0.1;-0.36;1.13898e-33
-0.1;-0.35;1.14647e-33
-0.1;-0.34;1.15246e-33
-0.1;-0.33;1.16197e-33
-0.1;-0.32;1.17165e-33
-0.1;-0.31;1.18233e-33
-0.1;-0.3;1.39725e-33
-0.1;-0.29;1.41758e-33
-0.1;-0.28;1.21522e-33
-0.1;-0.27;1.22848e-33
-0.1;-0.26;1.5052e-33
-0.1;-0.25;1.25973e-33
-0.1;-0.24;1.55266e-33
-0.1;-0.23;1.29431e-33
-0.1;-0.22;1.60269e-33
-0.1;-0.21;1.33677e-33
-0.1;-0.2;1.37021e-33
-0.1;-0.19;1.71276e-33
-0.1;-0.18;1.41758e-33
-0.1;-0.17;1.76676e-33
-0.1;-0.16;1.79391e-33
-0.1;-0.15;1.59353e-33
-0.1;-0.14;1.64978e-33
-0.1;-0.13;1.9549e-33
-0.1;-0.12;1.71276e-33
-0.1;-0.11;1.91629e-33
-0.1;-0.1;2.09143e-33
-0.1;-0.09;2.26464e-33
-0.1;-0.08;2.23215e-33
-0.1;-0.07;2.60934e-33
-0.1;-0.06;2.83799e-33
-0.1;-0.05;3.06617e-33
-0.1;-0.04;2.37242e-33
-0.1;-0.03;3.51423e-33
-0.1;-0.02;2.44384e-33
-0.1;-0.01;2.48215e-33
-0.1;0;3.85714e-33
-0.1;0.01;3.86002e-33
-0.1;0.02;3.70519e-33
-0.1;0.03;2.41096e-33
-0.1;0.04;2.37367e-33
-0.1;0.05;2.33685e-33
-0.1;0.06;2.83713e-33
-0.1;0.07;2.60951e-33
-0.1;0.08;2.2243e-33
-0.1;0.09;2.26311e-33
-0.1;0.1;2.06767e-33
-0.1;0.11;1.95849e-33
-0.1;0.12;1.92416e-33
-0.1;0.13;1.74923e-33
-0.1;0.14;1.64867e-33
-0.1;0.15;1.59365e-33
-0.1;0.16;1.54141e-33
-0.1;0.17;1.47473e-33
-0.1;0.18;1.43615e-33
-0.1;0.19;1.71112e-33
-0.1;0.2;1.36946e-33
-0.1;0.21;1.33684e-33
-0.1;0.22;1.31612e-33
-0.1;0.23;1.29381e-33
-0.1;0.24;1.27565e-33
-0.1;0.25;1.53022e-33
-0.1;0.26;1.24266e-33
-0.1;0.27;1.22829e-33
-0.1;0.28;1.21493e-33
-0.1;0.29;1.2028e-33
-0.1;0.3;1.18952e-33
-0.1;0.31;1.18074e-33
-0.1;0.32;1.17275e-33
-0.1;0.33;1.16308e-33
-0.1;0.34;1.15382e-33
-0.1;0.35;1.14918e-33
-0.1;0.36;1.1404e-33
-0.1;0.37;1.13456e-33
-0.1;0.38;1.12807e-33
-0.1;0.39;1.1225e-33
-0.1;0.4;1.19712e-33
-0.1;0.41;1.11551e-33
-0.1;0.42;1.1571e-33
-0.1;0.43;1.10724e-33
-0.1;0.44;1.1329e-33
-0.1;0.45;1.10036e-33
-0.1;0.46;1.10519e-33
-0.1;0.47;1.09426e-33
-0.1;0.48;1.09149e-33
-0.1;0.49;1.73493e-05
-0.1;0.5;0.00167157
-0.1;0.51;0.003202
-0.1;0.52;0.00459277
-0.1;0.53;0.0058712
-0.1;0.54;0.00702594
-0.1;0.55;0.00807114
-0.1;0.56;0.00900736
-0.1;0.57;0.00984172
-0.1;0.58;0.0105871
-0.1;0.59;0.0112332
-0.1;0.6;0.0117927
-0.1;0.61;0.0122742
-0.1;0.62;0.0126767
-0.1;0.63;0.0130009
-0.1;0.64;0.0132558
-0.1;0.65;0.0134473
-0.1;0.66;0.0135758
-0.1;0.67;0.0136501
-0.1;0.68;0.0136626
-0.1;0.69;0.0136245
-0.1;0.7;0.0135383
-0.1;0.71;0.0134066
-0.1;0.72;0.0132325
-0.1;0.73;0.0130209
-0.1;0.74;0.0127712
-0.1;0.75;0.0124869
-0.1;0.76;0.0121706
-0.1;0.77;0.0118242
-0.1;0.78;0.0114514
-0.1;0.79;0.0110518
-0.1;0.8;0.0106308
-0.1;0.81;0.010187
-0.1;0.82;0.00972455
-0.1;0.83;0.00924427
-0.1;0.84;0.00874986
-0.1;0.85;0.00823805
-0.1;0.86;0.00771606
-0.1;0.87;0.00718189
-0.1;0.88;0.00663747
-0.1;0.89;0.00608413
-0.1;0.9;0.00552301
-0.1;0.91;0.00495581
-0.1;0.92;0.00438164
-0.1;0.93;0.00380454
-0.1;0.94;0.00322214
-0.1;0.95;0.00263974
-0.1;0.96;0.00205369
-0.1;0.97;0.00146633
-0.1;0.98;0.000879568
-0.1;0.99;0.000292585
-0.09;-1;7.33073e-34
-0.09;-0.99;0.000347098
-0.09;-0.98;0.000932586
-0.09;-0.97;0.00151746
-0.09;-0.96;0.00210211
-0.09;-0.95;0.00268607
-0.09;-0.94;0.00326764
-0.09;-0.93;0.00384578
-0.09;-0.92;0.00442075
-0.09;-0.91;0.00499091
-0.09;-0.9;0.00555596
-0.09;-0.89;0.00611339
-0.09;-0.88;0.00666232
-0.09;-0.87;0.00720308
-0.09;-0.86;0.00773438
-0.09;-0.85;0.00825352
-0.09;-0.84;0.00875719
-0.09;-0.83;0.00924871
-0.09;-0.82;0.00972372
-0.09;-0.81;0.0101808
-0.09;-0.8;0.0106187
-0.09;-0.79;0.0110346
-0.09;-0.78;0.0114285
-0.09;-0.77;0.0117947
-0.09;-0.76;0.0121343
-0.09;-0.75;0.0124437
-0.09;-0.74;0.0127209
-0.09;-0.73;0.0129643
-0.09;-0.72;0.0131684
-0.09;-0.71;0.0133338
-0.09;-0.7;0.0134567
-0.09;-0.69;0.0135354
-0.09;-0.68;0.0135652
-0.09;-0.67;0.0135406
-0.09;-0.66;0.0134588
-0.09;-0.65;0.0133185
-0.09;-0.64;0.0131171
-0.09;-0.63;0.0128523
-0.09;-0.62;0.0125142
-0.09;-0.61;0.0121004
-0.09;-0.6;0.011609
-0.09;-0.59;0.0110384
-0.09;-0.58;0.0103738
-0.09;-0.57;0.00962007
-0.09;-0.56;0.00877572
-0.09;-0.55;0.00781704
-0.09;-0.54;0.00676335
-0.09;-0.53;0.00559002
-0.09;-0.52;0.00430441
-0.09;-0.51;0.00289133
-0.09;-0.5;0.00135252
-0.09;-0.49;1.07686e-33
-0.09;-0.48;1.07895e-33
-0.09;-0.47;1.08136e-33
-0.09;-0.46;1.09685e-33
-0.09;-0.45;1.08588e-33
-0.09;-0.44;1.08902e-33
-0.09;-0.43;1.09187e-33
-0.09;-0.42;1.1432e-33
-0.09;-0.41;1.09921e-33
-0.09;-0.4;1.18144e-33
-0.09;-0.39;1.19519e-33
-0.09;-0.38;1.11059e-33
-0.09;-0.37;1.11545e-33
-0.09;-0.36;1.11851e-33
-0.09;-0.35;1.12432e-33
-0.09;-0.34;1.28434e-33
-0.09;-0.33;1.30187e-33
-0.09;-0.32;1.32199e-33
-0.09;-0.31;1.35388e-33
-0.09;-0.3;1.37799e-33
-0.09;-0.29;1.39725e-33
-0.09;-0.28;1.18223e-33
-0.09;-0.27;1.18913e-33
-0.09;-0.26;1.20291e-33
-0.09;-0.25;1.5052e-33
-0.09;-0.24;1.52672e-33
-0.09;-0.23;1.24817e-33
-0.09;-0.22;1.26364e-33
-0.09;-0.21;1.60269e-33
-0.09;-0.2;1.31325e-33
-0.09;-0.19;1.33502e-33
-0.09;-0.18;1.36978e-33
-0.09;-0.17;1.73967e-33
-0.09;-0.16;1.41758e-33
-0.09;-0.15;1.49759e-33
-0.09;-0.14;1.82642e-33
-0.09;-0.13;1.63884e-33
-0.09;-0.12;1.9549e-33
-0.09;-0.11;1.71276e-33
-0.09;-0.1;1.8897e-33
-0.09;-0.09;2.09252e-33
-0.09;-0.08;2.20602e-33
-0.09;-0.07;2.19635e-33
-0.09;-0.06;2.71734e-33
-0.09;-0.05;2.79386e-33
-0.09;-0.04;3.20674e-33
-0.09;-0.03;3.50456e-33
-0.09;-0.02;3.72223e-33
-0.09;-0.01;2.44384e-33
-0.09;0;3.85682e-33
-0.09;0.01;2.44794e-33
-0.09;0.02;2.41096e-33
-0.09;0.03;2.37367e-33
-0.09;0.04;2.33685e-33
-0.09;0.05;2.79758e-33
-0.09;0.06;2.26266e-33
-0.09;0.07;2.2243e-33
-0.09;0.08;2.26979e-33
-0.09;0.09;2.06767e-33
-0.09;0.1;1.95525e-33
-0.09;0.11;1.81191e-33
-0.09;0.12;1.88937e-33
-0.09;0.13;1.85736e-33
-0.09;0.14;1.54929e-33
-0.09;0.15;1.51282e-33
-0.09;0.16;1.76497e-33
-0.09;0.17;1.41029e-33
-0.09;0.18;1.36907e-33
-0.09;0.19;1.33509e-33
-0.09;0.2;1.31289e-33
-0.09;0.21;1.28171e-33
-0.09;0.22;1.26349e-33
-0.09;0.23;1.55344e-33
-0.09;0.24;1.2308e-33
-0.09;0.25;1.2166e-33
-0.09;0.26;1.20351e-33
-0.09;0.27;1.1894e-33
-0.09;0.28;1.18062e-33
-0.09;0.29;1.16756e-33
-0.09;0.3;1.16128e-33
-0.09;0.31;1.15177e-33
-0.09;0.32;1.14713e-33
-0.09;0.33;1.13684e-33
-0.09;0.34;1.12884e-33
-0.09;0.35;1.12506e-33
-0.09;0.36;1.11901e-33
-0.09;0.37;1.11332e-33
-0.09;0.38;1.20963e-33
-0.09;0.39;1.10648e-33
-0.09;0.4;1.17961e-33
-0.09;0.41;1.1571e-33
-0.09;0.42;1.14664e-33
-0.09;0.43;1.09217e-33
-0.09;0.44;1.12357e-33
-0.09;0.45;1.08631e-33
-0.09;0.46;1.08409e-33
-0.09;0.47;1.08187e-33
-0.09;0.48;1.07917e-33
-0.09;0.49;1.07675e-33
-0.09;0.5;0.00135375
-0.09;0.51;0.00289235
-0.09;0.52;0.00430185
-0.09;0.53;0.00559045
-0.09;0.54;0.0067641
-0.09;0.55;0.00781682
-0.09;0.56;0.0087741
-0.09;0.57;0.00961823
-0.09;0.58;0.0103734
-0.09;0.59;0.011039
-0.09;0.6;0.0116081
-0.09;0.61;0.0120986
-0.09;0.62;0.0125148
-0.09;0.63;0.0128531
-0.09;0.64;0.0131193
-0.09;0.65;0.0133183
-0.09;0.66;0.0134575
-0.09;0.67;0.0135418
-0.09;0.68;0.0135656
-0.09;0.69;0.0135361
-0.09;0.7;0.0134573
-0.09;0.71;0.0133353
-0.09;0.72;0.013171
-0.09;0.73;0.0129633
-0.09;0.74;0.0127214
-0.09;0.75;0.012444
-0.09;0.76;0.0121335
-0.09;0.77;0.0117949
-0.09;0.78;0.0114264
-0.09;0.79;0.0110347
-0.09;0.8;0.010619
-0.09;0.81;0.0101823
-0.09;0.82;0.00972407
-0.09;0.83;0.00924912
-0.09;0.84;0.00875761
-0.09;0.85;0.00825279
-0.09;0.86;0.00773274
-0.09;0.87;0.00720391
-0.09;0.88;0.00666301
-0.09;0.89;0.0061131
-0.09;0.9;0.00555554
-0.09;0.91;0.00499129
-0.09;0.92;0.00442031
-0.09;0.93;0.00384575
-0.09;0.94;0.00326618
-0.09;0.95;0.00268604
-0.09;0.96;0.00210246
-0.09;0.97;0.00151731
-0.09;0.98;0.000931515
-0.09;0.99;0.000346393
-0.08;-1;7.30546e-34
-0.08;-0.99;0.000394525
-0.08;-0.98;0.00097819
-0.08;-0.97;0.00156209
-0.08;-0.96;0.00214522
-0.08;-0.95;0.00272745
-0.08;-0.94;0.0033057
-0.08;-0.93;0.00388239
-0.08;-0.92;0.00445434
-0.08;-0.91;0.0050219
-0.08;-0.9;0.00558468
-0.08;-0.89;0.00613844
-0.08;-0.88;0.00668446
-0.08;-0.87;0.00722224
-0.08;-0.86;0.0077491
-0.08;-0.85;0.00826415
-0.08;-0.84;0.0087647
-0.08;-0.83;0.00925177
-0.08;-0.82;0.00972265
-0.08;-0.81;0.0101754
-0.08;-0.8;0.0106077
-0.08;-0.79;0.0110203
-0.08;-0.78;0.0114083
-0.08;-0.77;0.0117682
-0.08;-0.76;0.0121019
-0.08;-0.75;0.012405
-0.08;-0.74;0.0126773
-0.08;-0.73;0.0129138
-0.08;-0.72;0.0131115
-0.08;-0.71;0.01327
-0.08;-0.7;0.0133857
-0.08;-0.69;0.0134573
-0.08;-0.68;0.013477
-0.08;-0.67;0.0134421
-0.08;-0.66;0.013352
-0.08;-0.65;0.0132034
-0.08;-0.64;0.0129957
-0.08;-0.63;0.0127106
-0.08;-0.62;0.0123681
-0.08;-0.61;0.0119459
-0.08;-0.6;0.0114454
-0.08;-0.59;0.0108612
-0.08;-0.58;0.010184
-0.08;-0.57;0.00942361
-0.08;-0.56;0.00856126
-0.08;-0.55;0.00759384
-0.08;-0.54;0.00652947
-0.08;-0.53;0.00533956
-0.08;-0.52;0.00404571
-0.08;-0.51;0.00261704
-0.08;-0.5;0.00107161
-0.08;-0.49;1.06565e-33
-0.08;-0.48;6.03104e-20
-0.08;-0.47;1.06944e-33
-0.08;-0.46;1.07135e-33
-0.08;-0.45;1.07387e-33
-0.08;-0.44;1.07596e-33
-0.08;-0.43;1.07806e-33
-0.08;-0.42;1.13392e-33
-0.08;-0.41;1.08347e-33
-0.08;-0.4;1.08572e-33
-0.08;-0.39;1.08973e-33
-0.08;-0.38;1.19519e-33
-0.08;-0.37;1.09543e-33
-0.08;-0.36;1.10098e-33
-0.08;-0.35;1.10434e-33
-0.08;-0.34;1.26755e-33
-0.08;-0.33;1.28434e-33
-0.08;-0.32;1.30187e-33
-0.08;-0.31;1.12527e-33
-0.08;-0.3;1.13416e-33
-0.08;-0.29;1.13811e-33
-0.08;-0.28;1.14716e-33
-0.08;-0.27;1.15879e-33
-0.08;-0.26;1.16987e-33
-0.08;-0.25;1.48164e-33
-0.08;-0.24;1.18904e-33
-0.08;-0.23;1.52672e-33
-0.08;-0.22;1.55266e-33
-0.08;-0.21;1.23406e-33
-0.08;-0.2;1.26003e-33
-0.08;-0.19;1.27742e-33
-0.08;-0.18;1.2985e-33
-0.08;-0.17;1.33327e-33
-0.08;-0.16;1.35387e-33
-0.08;-0.15;1.76676e-33
-0.08;-0.14;1.79391e-33
-0.08;-0.13;1.50348e-33
-0.08;-0.12;1.59304e-33
-0.08;-0.11;1.9549e-33
-0.08;-0.1;1.71276e-33
-0.08;-0.09;1.95401e-33
-0.08;-0.08;1.98765e-33
-0.08;-0.07;2.27626e-33
-0.08;-0.06;2.23215e-33
-0.08;-0.05;2.90873e-33
-0.08;-0.04;2.29852e-33
-0.08;-0.03;3.50456e-33
-0.08;-0.02;3.72223e-33
-0.08;-0.01;3.80237e-33
-0.08;0;2.44794e-33
-0.08;0.01;3.86002e-33
-0.08;0.02;3.65425e-33
-0.08;0.03;2.33685e-33
-0.08;0.04;2.30202e-33
-0.08;0.05;2.94915e-33
-0.08;0.06;2.2243e-33
-0.08;0.07;2.30683e-33
-0.08;0.08;2.06767e-33
-0.08;0.09;1.95201e-33
-0.08;0.1;1.75992e-33
-0.08;0.11;1.88937e-33
-0.08;0.12;1.85736e-33
-0.08;0.13;1.52045e-33
-0.08;0.14;1.45436e-33
-0.08;0.15;1.41168e-33
-0.08;0.16;1.35459e-33
-0.08;0.17;1.33335e-33
-0.08;0.18;1.29773e-33
-0.08;0.19;1.27779e-33
-0.08;0.2;1.60319e-33
-0.08;0.21;1.23331e-33
-0.08;0.22;1.21827e-33
-0.08;0.23;1.20422e-33
-0.08;0.24;1.18929e-33
-0.08;0.25;1.47815e-33
-0.08;0.26;1.16575e-33
-0.08;0.27;1.15947e-33
-0.08;0.28;1.39876e-33
-0.08;0.29;1.13911e-33
-0.08;0.3;1.3546e-33
-0.08;0.31;1.12583e-33
-0.08;0.32;1.30088e-33
-0.08;0.33;1.28448e-33
-0.08;0.34;1.10913e-33
-0.08;0.35;1.10334e-33
-0.08;0.36;1.1005e-33
-0.08;0.37;1.20963e-33
-0.08;0.38;1.09286e-33
-0.08;0.39;1.09008e-33
-0.08;0.4;1.08616e-33
-0.08;0.41;1.08394e-33
-0.08;0.42;1.08171e-33
-0.08;0.43;1.07813e-33
-0.08;0.44;1.10519e-33
-0.08;0.45;1.09701e-33
-0.08;0.46;1.07047e-33
-0.08;0.47;1.06836e-33
-0.08;0.48;1.06625e-33
-0.08;0.49;1.0648e-33
-0.08;0.5;0.00107186
-0.08;0.51;0.00261771
-0.08;0.52;0.00404521
-0.08;0.53;0.00533987
-0.08;0.54;0.00652974
-0.08;0.55;0.00759574
-0.08;0.56;0.0085591
-0.08;0.57;0.00942246
-0.08;0.58;0.0101855
-0.08;0.59;0.0108597
-0.08;0.6;0.0114437
-0.08;0.61;0.0119445
-0.08;0.62;0.0123687
-0.08;0.63;0.0127196
-0.08;0.64;0.0129937
-0.08;0.65;0.0132034
-0.08;0.66;0.0133506
-0.08;0.67;0.0134413
-0.08;0.68;0.013479
-0.08;0.69;0.0134567
-0.08;0.7;0.0133857
-0.08;0.71;0.01327
-0.08;0.72;0.0131112
-0.08;0.73;0.0129121
-0.08;0.74;0.0126771
-0.08;0.75;0.0124058
-0.08;0.76;0.0121012
-0.08;0.77;0.0117676
-0.08;0.78;0.0114067
-0.08;0.79;0.0110192
-0.08;0.8;0.0106088
-0.08;0.81;0.0101754
-0.08;0.82;0.00972236
-0.08;0.83;0.00925194
-0.08;0.84;0.00876505
-0.08;0.85;0.00826392
-0.08;0.86;0.00774795
-0.08;0.87;0.00722216
-0.08;0.88;0.00668541
-0.08;0.89;0.00613918
-0.08;0.9;0.00558466
-0.08;0.91;0.00502272
-0.08;0.92;0.00445465
-0.08;0.93;0.00388218
-0.08;0.94;0.00330541
-0.08;0.95;0.00272637
-0.08;0.96;0.00214561
-0.08;0.97;0.00156267
-0.08;0.98;0.000978281
-0.08;0.99;0.000394584
-0.07;-1;7.28208e-34
-0.07;-0.99;0.000437554
-0.07;-0.98;0.0010195
-0.07;-0.97;0.00160165
-0.07;-0.96;0.00218343
-0.07;-0.95;0.00276354
-0.07;-0.94;0.00334044
-0.07;-0.93;0.00391426
-0.07;-0.92;0.00448402
-0.07;-0.91;0.00504921
-0.07;-0.9;0.00560865
-0.07;-0.89;0.00616089
-0.07;-0.88;0.00670432
-0.07;-0.87;0.00723876
-0.07;-0.86;0.00776221
-0.07;-0.85;0.00827244
-0.07;-0.84;0.00877085
-0.07;-0.83;0.00925419
-0.07;-0.82;0.0097213
-0.07;-0.81;0.0101692
-0.07;-0.8;0.0105978
-0.07;-0.79;0.0110046
-0.07;-0.78;0.011387
-0.07;-0.77;0.0117437
-0.07;-0.76;0.0120726
-0.07;-0.75;0.0123707
-0.07;-0.74;0.0126365
-0.07;-0.73;0.0128662
-0.07;-0.72;0.0130596
-0.07;-0.71;0.0132121
-0.07;-0.7;0.0133227
-0.07;-0.69;0.0133861
-0.07;-0.68;0.0133976
-0.07;-0.67;0.0133569
-0.07;-0.66;0.0132622
-0.07;-0.65;0.0131015
-0.07;-0.64;0.0128861
-0.07;-0.63;0.0125997
-0.07;-0.62;0.0122394
-0.07;-0.61;0.0118081
-0.07;-0.6;0.0113018
-0.07;-0.59;0.0107023
-0.07;-0.58;0.0100186
-0.07;-0.57;0.0092477
-0.07;-0.56;0.00837092
-0.07;-0.55;0.0073994
-0.07;-0.54;0.00631662
-0.07;-0.53;0.00512301
-0.07;-0.52;0.00381308
-0.07;-0.51;0.00237627
-0.07;-0.5;0.000813253
-0.07;-0.49;1.05585e-33
-0.07;-0.48;1.05717e-33
-0.07;-0.47;1.05849e-33
-0.07;-0.46;1.06025e-33
-0.07;-0.45;1.06188e-33
-0.07;-0.44;1.09685e-33
-0.07;-0.43;1.06514e-33
-0.07;-0.42;1.1225e-33
-0.07;-0.41;1.13392e-33
-0.07;-0.4;1.07166e-33
-0.07;-0.39;1.15669e-33
-0.07;-0.38;1.07716e-33
-0.07;-0.37;1.08105e-33
-0.07;-0.36;1.21031e-33
-0.07;-0.35;1.08557e-33
-0.07;-0.34;1.25491e-33
-0.07;-0.33;1.26755e-33
-0.07;-0.32;1.28434e-33
-0.07;-0.31;1.30187e-33
-0.07;-0.3;1.32199e-33
-0.07;-0.29;1.11545e-33
-0.07;-0.28;1.11851e-33
-0.07;-0.27;1.39725e-33
-0.07;-0.26;1.1357e-33
-0.07;-0.25;1.14452e-33
-0.07;-0.24;1.15051e-33
-0.07;-0.23;1.5052e-33
-0.07;-0.22;1.52672e-33
-0.07;-0.21;1.55266e-33
-0.07;-0.2;1.20462e-33
-0.07;-0.19;1.21988e-33
-0.07;-0.18;1.2468e-33
-0.07;-0.17;1.68561e-33
-0.07;-0.16;1.71276e-33
-0.07;-0.15;1.33151e-33
-0.07;-0.14;1.3529e-33
-0.07;-0.13;1.41226e-33
-0.07;-0.12;1.41758e-33
-0.07;-0.11;1.52493e-33
-0.07;-0.1;1.64226e-33
-0.07;-0.09;1.92053e-33
-0.07;-0.08;1.95159e-33
-0.07;-0.07;1.98933e-33
-0.07;-0.06;2.19954e-33
-0.07;-0.05;2.90873e-33
-0.07;-0.04;2.26425e-33
-0.07;-0.03;2.29852e-33
-0.07;-0.02;3.72223e-33
-0.07;-0.01;2.37242e-33
-0.07;0;3.85618e-33
-0.07;0.01;3.86002e-33
-0.07;0.02;2.33685e-33
-0.07;0.03;2.30202e-33
-0.07;0.04;2.80854e-33
-0.07;0.05;2.2243e-33
-0.07;0.06;2.34243e-33
-0.07;0.07;2.06767e-33
-0.07;0.08;1.94877e-33
-0.07;0.09;1.71058e-33
-0.07;0.1;1.64189e-33
-0.07;0.11;1.85736e-33
-0.07;0.12;1.45755e-33
-0.07;0.13;1.79656e-33
-0.07;0.14;1.76497e-33
-0.07;0.15;1.3316e-33
-0.07;0.16;1.28384e-33
-0.07;0.17;1.26385e-33
-0.07;0.18;1.62874e-33
-0.07;0.19;1.21995e-33
-0.07;0.2;1.20493e-33
-0.07;0.21;1.17951e-33
-0.07;0.22;1.1752e-33
-0.07;0.23;1.15695e-33
-0.07;0.24;1.47815e-33
-0.07;0.25;1.14767e-33
-0.07;0.26;1.13554e-33
-0.07;0.27;1.39876e-33
-0.07;0.28;1.37655e-33
-0.07;0.29;1.3546e-33
-0.07;0.3;1.10837e-33
-0.07;0.31;1.102e-33
-0.07;0.32;1.28448e-33
-0.07;0.33;1.09354e-33
-0.07;0.34;1.2529e-33
-0.07;0.35;1.22359e-33
-0.07;0.36;1.08378e-33
-0.07;0.37;1.19712e-33
-0.07;0.38;1.17961e-33
-0.07;0.39;1.1571e-33
-0.07;0.4;1.07082e-33
-0.07;0.41;1.0687e-33
-0.07;0.42;1.06659e-33
-0.07;0.43;1.06463e-33
-0.07;0.44;1.06411e-33
-0.07;0.45;1.08854e-33
-0.07;0.46;1.06307e-33
-0.07;0.47;1.06102e-33
-0.07;0.48;1.05923e-33
-0.07;0.49;1.05744e-33
-0.07;0.5;0.000814799
-0.07;0.51;0.00237659
-0.07;0.52;0.00381253
-0.07;0.53;0.00512517
-0.07;0.54;0.00631661
-0.07;0.55;0.00739669
-0.07;0.56;0.00836983
-0.07;0.57;0.00924823
-0.07;0.58;0.0100197
-0.07;0.59;0.0107044
-0.07;0.6;0.0113002
-0.07;0.61;0.0118077
-0.07;0.62;0.0122384
-0.07;0.63;0.0125987
-0.07;0.64;0.012888
-0.07;0.65;0.0131031
-0.07;0.66;0.013255
-0.07;0.67;0.0133556
-0.07;0.68;0.013396
-0.07;0.69;0.0133855
-0.07;0.7;0.0133223
-0.07;0.71;0.0132118
-0.07;0.72;0.0130588
-0.07;0.73;0.0128668
-0.07;0.74;0.0126372
-0.07;0.75;0.0123707
-0.07;0.76;0.0120725
-0.07;0.77;0.011744
-0.07;0.78;0.0113867
-0.07;0.79;0.0110034
-0.07;0.8;0.0105977
-0.07;0.81;0.01017
-0.07;0.82;0.00972157
-0.07;0.83;0.00925461
-0.07;0.84;0.00877229
-0.07;0.85;0.00827347
-0.07;0.86;0.00776133
-0.07;0.87;0.00723803
-0.07;0.88;0.00670442
-0.07;0.89;0.0061616
-0.07;0.9;0.00560925
-0.07;0.91;0.00504935
-0.07;0.92;0.00448453
-0.07;0.93;0.00391455
-0.07;0.94;0.00334002
-0.07;0.95;0.00276271
-0.07;0.96;0.00218327
-0.07;0.97;0.00160233
-0.07;0.98;0.00101966
-0.07;0.99;0.000437687
-0.06;-1;-1.99693e-20
-0.06;-0.99;0.000475043
-0.06;-0.98;0.00105594
-0.06;-0.97;0.00163657
-0.06;-0.96;0.00221641
-0.06;-0.95;0.0027945
-0.06;-0.94;0.00336971
-0.06;-0.93;0.00394139
-0.06;-0.92;0.00450877
-0.06;-0.91;0.0050717
-0.06;-0.9;0.00562911
-0.06;-0.89;0.00617933
-0.06;-0.88;0.00672119
-0.06;-0.87;0.00725266
-0.06;-0.86;0.00777253
-0.06;-0.85;0.00828097
-0.06;-0.84;0.00877742
-0.06;-0.83;0.00925675
-0.06;-0.82;0.00972126
-0.06;-0.81;0.0101644
-0.06;-0.8;0.010589
-0.06;-0.79;0.0109911
-0.06;-0.78;0.01137
-0.06;-0.77;0.0117229
-0.06;-0.76;0.0120471
-0.06;-0.75;0.01234
-0.06;-0.74;0.0126012
-0.06;-0.73;0.0128276
-0.06;-0.72;0.0130152
-0.06;-0.71;0.0131618
-0.06;-0.7;0.0132635
-0.06;-0.69;0.0133213
-0.06;-0.68;0.0133257
-0.06;-0.67;0.0132776
-0.06;-0.66;0.0131751
-0.06;-0.65;0.0130142
-0.06;-0.64;0.0127827
-0.06;-0.63;0.0124961
-0.06;-0.62;0.0121278
-0.06;-0.61;0.0116893
-0.06;-0.6;0.0111714
-0.06;-0.59;0.0105656
-0.06;-0.58;0.00987595
-0.06;-0.57;0.00909298
-0.06;-0.56;0.00820695
-0.06;-0.55;0.00723228
-0.06;-0.54;0.0061356
-0.06;-0.53;0.00493532
-0.06;-0.52;0.00360871
-0.06;-0.51;0.00217271
-0.06;-0.5;0.000594387
-0.06;-0.49;1.04667e-33
-0.06;-0.48;1.04755e-33
-0.06;-0.47;1.04837e-33
-0.06;-0.46;1.04976e-33
-0.06;-0.45;1.05114e-33
-0.06;-0.44;1.08814e-33
-0.06;-0.43;1.0547e-33
-0.06;-0.42;1.05602e-33
-0.06;-0.41;1.05734e-33
-0.06;-0.4;1.05866e-33
-0.06;-0.39;1.06137e-33
-0.06;-0.38;1.063e-33
-0.06;-0.37;1.18144e-33
-0.06;-0.36;1.06816e-33
-0.06;-0.35;1.21031e-33
-0.06;-0.34;1.07197e-33
-0.06;-0.33;1.07627e-33
-0.06;-0.32;1.0809e-33
-0.06;-0.31;1.28434e-33
-0.06;-0.3;1.30187e-33
-0.06;-0.29;1.32199e-33
-0.06;-0.28;1.35388e-33
-0.06;-0.27;1.10115e-33
-0.06;-0.26;1.1086e-33
-0.06;-0.25;1.11546e-33
-0.06;-0.24;1.11451e-33
-0.06;-0.23;1.48164e-33
-0.06;-0.22;1.5052e-33
-0.06;-0.21;1.14118e-33
-0.06;-0.2;1.15385e-33
-0.06;-0.19;1.1667e-33
-0.06;-0.18;1.18886e-33
-0.06;-0.17;1.21445e-33
-0.06;-0.16;1.22143e-33
-0.06;-0.15;1.26033e-33
-0.06;-0.14;1.73967e-33
-0.06;-0.13;1.32976e-33
-0.06;-0.12;1.35193e-33
-0.06;-0.11;1.41371e-33
-0.06;-0.1;1.86018e-33
-0.06;-0.09;1.55255e-33
-0.06;-0.08;1.9549e-33
-0.06;-0.07;1.95126e-33
-0.06;-0.06;1.99101e-33
-0.06;-0.05;2.2593e-33
-0.06;-0.04;2.90873e-33
-0.06;-0.03;3.10495e-33
-0.06;-0.02;3.72223e-33
-0.06;-0.01;3.28184e-33
-0.06;0;3.85586e-33
-0.06;0.01;3.86002e-33
-0.06;0.02;2.30202e-33
-0.06;0.03;2.26266e-33
-0.06;0.04;2.94915e-33
-0.06;0.05;2.25675e-33
-0.06;0.06;2.02998e-33
-0.06;0.07;1.82164e-33
-0.06;0.08;1.70157e-33
-0.06;0.09;1.88937e-33
-0.06;0.1;1.85736e-33
-0.06;0.11;1.82611e-33
-0.06;0.12;1.79656e-33
-0.06;0.13;1.76497e-33
-0.06;0.14;1.27992e-33
-0.06;0.15;1.24903e-33
-0.06;0.16;1.22162e-33
-0.06;0.17;1.20563e-33
-0.06;0.18;1.17888e-33
-0.06;0.19;1.57902e-33
-0.06;0.2;1.1549e-33
-0.06;0.21;1.53022e-33
-0.06;0.22;1.13116e-33
-0.06;0.23;1.12252e-33
-0.06;0.24;1.43929e-33
-0.06;0.25;1.11102e-33
-0.06;0.26;1.1076e-33
-0.06;0.27;1.10065e-33
-0.06;0.28;1.3546e-33
-0.06;0.29;1.09145e-33
-0.06;0.3;1.30088e-33
-0.06;0.31;1.08363e-33
-0.06;0.32;1.26822e-33
-0.06;0.33;1.08133e-33
-0.06;0.34;1.07364e-33
-0.06;0.35;1.06905e-33
-0.06;0.36;1.19712e-33
-0.06;0.37;1.06447e-33
-0.06;0.38;1.06395e-33
-0.06;0.39;1.14664e-33
-0.06;0.4;1.1329e-33
-0.06;0.41;1.05946e-33
-0.06;0.42;1.10519e-33
-0.06;0.43;1.09701e-33
-0.06;0.44;1.08854e-33
-0.06;0.45;1.05197e-33
-0.06;0.46;1.05052e-33
-0.06;0.47;1.04906e-33
-0.06;0.48;1.04819e-33
-0.06;0.49;1.04751e-33
-0.06;0.5;0.00059513
-0.06;0.51;0.0021714
-0.06;0.52;0.00361133
-0.06;0.53;0.00493338
-0.06;0.54;0.0061339
-0.06;0.55;0.00723093
-0.06;0.56;0.00820967
-0.06;0.57;0.00909361
-0.06;0.58;0.00987682
-0.06;0.59;0.0105647
-0.06;0.6;0.0111714
-0.06;0.61;0.0116893
-0.06;0.62;0.012129
-0.06;0.63;0.0124946
-0.06;0.64;0.012792
-0.06;0.65;0.0130157
-0.06;0.66;0.0131753
-0.06;0.67;0.0132761
-0.06;0.68;0.0133241
-0.06;0.69;0.0133215
-0.06;0.7;0.0132649
-0.06;0.71;0.0131624
-0.06;0.72;0.0130155
-0.06;0.73;0.0128273
-0.06;0.74;0.0126028
-0.06;0.75;0.0123411
-0.06;0.76;0.0120469
-0.06;0.77;0.0117225
-0.06;0.78;0.0113699
-0.06;0.79;0.0109913
-0.06;0.8;0.0105885
-0.06;0.81;0.0101645
-0.06;0.82;0.00972034
-0.06;0.83;0.00925634
-0.06;0.84;0.00877663
-0.06;0.85;0.00828227
-0.06;0.86;0.00777303
-0.06;0.87;0.00725194
-0.06;0.88;0.00672082
-0.06;0.89;0.00617952
-0.06;0.9;0.00563021
-0.06;0.91;0.00507259
-0.06;0.92;0.00450939
-0.06;0.93;0.00394169
-0.06;0.94;0.00336985
-0.06;0.95;0.00279396
-0.06;0.96;0.00221597
-0.06;0.97;0.00163669
-0.06;0.98;0.00105607
-0.06;0.99;0.00047522
-0.05;-1;7.24232e-34
-0.05;-0.99;0.000506732
-0.05;-0.98;0.00108634
-0.05;-0.97;0.00166561
-0.05;-0.96;0.00224385
-0.05;-0.95;0.00281974
-0.05;-0.94;0.00339329
-0.05;-0.93;0.00396385
-0.05;-0.92;0.00452988
-0.05;-0.91;0.00509126
-0.05;-0.9;0.00564685
-0.05;-0.89;0.00619507
-0.05;-0.88;0.00673523
-0.05;-0.87;0.00726402
-0.05;-0.86;0.0077815
-0.05;-0.85;0.0082892
-0.05;-0.84;0.00878105
-0.05;-0.83;0.00925812
-0.05;-0.82;0.00971822
-0.05;-0.81;0.01016
-0.05;-0.8;0.0105817
-0.05;-0.79;0.0109817
-0.05;-0.78;0.0113557
-0.05;-0.77;0.0117048
-0.05;-0.76;0.0120248
-0.05;-0.75;0.0123137
-0.05;-0.74;0.0125713
-0.05;-0.73;0.0127933
-0.05;-0.72;0.0129772
-0.05;-0.71;0.0131213
-0.05;-0.7;0.0132172
-0.05;-0.69;0.0132657
-0.05;-0.68;0.0132649
-0.05;-0.67;0.0132134
-0.05;-0.66;0.0131057
-0.05;-0.65;0.0129403
-0.05;-0.64;0.0127054
-0.05;-0.63;0.0124039
-0.05;-0.62;0.0120329
-0.05;-0.61;0.0115903
-0.05;-0.6;0.0110613
-0.05;-0.59;0.0104505
-0.05;-0.58;0.00975649
-0.05;-0.57;0.0089611
-0.05;-0.56;0.00807308
-0.05;-0.55;0.00708282
-0.05;-0.54;0.00598551
-0.05;-0.53;0.00477732
-0.05;-0.52;0.0034419
-0.05;-0.51;0.00199545
-0.05;-0.5;0.000410701
-0.05;-0.49;1.04162e-33
-0.05;-0.48;1.0422e-33
-0.05;-0.47;1.04277e-33
-0.05;-0.46;1.05416e-33
-0.05;-0.45;1.04393e-33
-0.05;-0.44;1.04486e-33
-0.05;-0.43;1.08814e-33
-0.05;-0.42;1.04594e-33
-0.05;-0.41;1.10652e-33
-0.05;-0.4;1.04703e-33
-0.05;-0.39;1.04902e-33
-0.05;-0.38;1.1432e-33
-0.05;-0.37;1.05178e-33
-0.05;-0.36;1.05487e-33
-0.05;-0.35;1.05619e-33
-0.05;-0.34;1.05751e-33
-0.05;-0.33;1.06086e-33
-0.05;-0.32;1.06249e-33
-0.05;-0.31;1.06656e-33
-0.05;-0.3;1.28434e-33
-0.05;-0.29;1.30187e-33
-0.05;-0.28;1.07537e-33
-0.05;-0.27;1.07747e-33
-0.05;-0.26;1.083e-33
-0.05;-0.25;1.39725e-33
-0.05;-0.24;1.41758e-33
-0.05;-0.23;1.09469e-33
-0.05;-0.22;1.48164e-33
-0.05;-0.21;1.5052e-33
-0.05;-0.2;1.52672e-33
-0.05;-0.19;1.12158e-33
-0.05;-0.18;1.13273e-33
-0.05;-0.17;1.14271e-33
-0.05;-0.16;1.1651e-33
-0.05;-0.15;1.68561e-33
-0.05;-0.14;1.21601e-33
-0.05;-0.13;1.73967e-33
-0.05;-0.12;1.76676e-33
-0.05;-0.11;1.29925e-33
-0.05;-0.1;1.35096e-33
-0.05;-0.09;1.4749e-33
-0.05;-0.08;1.89004e-33
-0.05;-0.07;1.92053e-33
-0.05;-0.06;1.95126e-33
-0.05;-0.05;1.99269e-33
-0.05;-0.04;2.90873e-33
-0.05;-0.03;2.90052e-33
-0.05;-0.02;3.72223e-33
-0.05;-0.01;3.55392e-33
-0.05;0;3.8439e-33
-0.05;0.01;2.30202e-33
-0.05;0.02;2.26266e-33
-0.05;0.03;2.8989e-33
-0.05;0.04;2.94915e-33
-0.05;0.05;2.03084e-33
-0.05;0.06;1.89473e-33
-0.05;0.07;1.92416e-33
-0.05;0.08;1.88937e-33
-0.05;0.09;1.42357e-33
-0.05;0.1;1.82611e-33
-0.05;0.11;1.79656e-33
-0.05;0.12;1.25287e-33
-0.05;0.13;1.22329e-33
-0.05;0.14;1.20634e-33
-0.05;0.15;1.68446e-33
-0.05;0.16;1.17395e-33
-0.05;0.17;1.15285e-33
-0.05;0.18;1.13193e-33
-0.05;0.19;1.12252e-33
-0.05;0.2;1.11368e-33
-0.05;0.21;1.10498e-33
-0.05;0.22;1.47815e-33
-0.05;0.23;1.09491e-33
-0.05;0.24;1.41815e-33
-0.05;0.25;1.0857e-33
-0.05;0.26;1.37655e-33
-0.05;0.27;1.3546e-33
-0.05;0.28;1.32212e-33
-0.05;0.29;1.30088e-33
-0.05;0.3;1.06728e-33
-0.05;0.31;1.26822e-33
-0.05;0.32;1.2529e-33
-0.05;0.33;1.06149e-33
-0.05;0.34;1.20963e-33
-0.05;0.35;1.0579e-33
-0.05;0.36;1.17961e-33
-0.05;0.37;1.05265e-33
-0.05;0.38;1.14664e-33
-0.05;0.39;1.04974e-33
-0.05;0.4;1.12357e-33
-0.05;0.41;1.04736e-33
-0.05;0.42;1.04694e-33
-0.05;0.43;1.08854e-33
-0.05;0.44;1.04608e-33
-0.05;0.45;1.06506e-33
-0.05;0.46;1.04334e-33
-0.05;0.47;1.04221e-33
-0.05;0.48;1.04108e-33
-0.05;0.49;1.03995e-33
-0.05;0.5;0.000410285
-0.05;0.51;0.00199747
-0.05;0.52;0.00344435
-0.05;0.53;0.00476956
-0.05;0.54;0.00598688
-0.05;0.55;0.00708346
-0.05;0.56;0.00807528
-0.05;0.57;0.00896253
-0.05;0.58;0.00975518
-0.05;0.59;0.0104496
-0.05;0.6;0.0110627
-0.05;0.61;0.011591
-0.05;0.62;0.0120341
-0.05;0.63;0.0124052
-0.05;0.64;0.012706
-0.05;0.65;0.0129399
-0.05;0.66;0.0131061
-0.05;0.67;0.0132138
-0.05;0.68;0.0132658
-0.05;0.69;0.0132671
-0.05;0.7;0.0132179
-0.05;0.71;0.0131214
-0.05;0.72;0.0129772
-0.05;0.73;0.0127929
-0.05;0.74;0.0125714
-0.05;0.75;0.0123155
-0.05;0.76;0.0120254
-0.05;0.77;0.0117051
-0.05;0.78;0.0113559
-0.05;0.79;0.0109817
-0.05;0.8;0.0105814
-0.05;0.81;0.0101598
-0.05;0.82;0.00971834
-0.05;0.83;0.00925802
-0.05;0.84;0.00878221
-0.05;0.85;0.00828867
-0.05;0.86;0.00778305
-0.05;0.87;0.00726425
-0.05;0.88;0.00673462
-0.05;0.89;0.00619434
-0.05;0.9;0.00564753
-0.05;0.91;0.00509188
-0.05;0.92;0.00453099
-0.05;0.93;0.00396436
-0.05;0.94;0.00339405
-0.05;0.95;0.00282014
-0.05;0.96;0.00224352
-0.05;0.97;0.00166542
-0.05;0.98;0.00108643
-0.05;0.99;0.000507054
-0.04;-1;7.23191e-34
-0.04;-0.99;0.00053133
-0.04;-0.98;0.00111039
-0.04;-0.97;0.0016883
-0.04;-0.96;0.00226589
-0.04;-0.95;0.00284099
-0.04;-0.94;0.00341363
-0.04;-0.93;0.00398284
-0.04;-0.92;0.00454714
-0.04;-0.91;0.00510752
-0.04;-0.9;0.0056618
-0.04;-0.89;0.00620758
-0.04;-0.88;0.00674604
-0.04;-0.87;0.00727376
-0.04;-0.86;0.00778991
-0.04;-0.85;0.00829396
-0.04;-0.84;0.00878354
-0.04;-0.83;0.0092592
-0.04;-0.82;0.00971816
-0.04;-0.81;0.0101579
-0.04;-0.8;0.0105754
-0.04;-0.79;0.0109719
-0.04;-0.78;0.0113443
-0.04;-0.77;0.0116898
-0.04;-0.76;0.0120068
-0.04;-0.75;0.0122942
-0.04;-0.74;0.012548
-0.04;-0.73;0.0127659
-0.04;-0.72;0.0129474
-0.04;-0.71;0.0130838
-0.04;-0.7;0.0131758
-0.04;-0.69;0.0132214
-0.04;-0.68;0.0132153
-0.04;-0.67;0.0131646
-0.04;-0.66;0.0130464
-0.04;-0.65;0.0128785
-0.04;-0.64;0.0126382
-0.04;-0.63;0.012331
-0.04;-0.62;0.011957
-0.04;-0.61;0.0115086
-0.04;-0.6;0.0109706
-0.04;-0.59;0.0103548
-0.04;-0.58;0.00965617
-0.04;-0.57;0.00885354
-0.04;-0.56;0.0079604
-0.04;-0.55;0.00696175
-0.04;-0.54;0.0058567
-0.04;-0.53;0.00464246
-0.04;-0.52;0.00330692
-0.04;-0.51;0.00184966
-0.04;-0.5;0.000262776
-0.04;-0.49;1.03489e-33
-0.04;-0.48;1.03504e-33
-0.04;-0.47;1.04468e-33
-0.04;-0.46;1.04755e-33
-0.04;-0.45;1.03606e-33
-0.04;-0.44;1.06646e-33
-0.04;-0.43;1.03779e-33
-0.04;-0.42;1.03866e-33
-0.04;-0.41;1.09685e-33
-0.04;-0.4;1.04143e-33
-0.04;-0.39;1.04201e-33
-0.04;-0.38;1.04259e-33
-0.04;-0.37;1.04316e-33
-0.04;-0.36;1.15669e-33
-0.04;-0.35;1.04522e-33
-0.04;-0.34;1.19519e-33
-0.04;-0.33;1.0463e-33
-0.04;-0.32;1.22326e-33
-0.04;-0.31;1.25491e-33
-0.04;-0.3;1.26755e-33
-0.04;-0.29;1.05504e-33
-0.04;-0.28;1.05636e-33
-0.04;-0.27;1.06034e-33
-0.04;-0.26;1.06197e-33
-0.04;-0.25;1.0636e-33
-0.04;-0.24;1.39725e-33
-0.04;-0.23;1.07068e-33
-0.04;-0.22;1.43988e-33
-0.04;-0.21;1.48164e-33
-0.04;-0.2;1.5052e-33
-0.04;-0.19;1.08736e-33
-0.04;-0.18;1.09539e-33
-0.04;-0.17;1.10469e-33
-0.04;-0.16;1.60269e-33
-0.04;-0.15;1.12158e-33
-0.04;-0.14;1.13368e-33
-0.04;-0.13;1.71276e-33
-0.04;-0.12;1.73967e-33
-0.04;-0.11;1.76676e-33
-0.04;-0.1;1.26063e-33
-0.04;-0.09;1.82642e-33
-0.04;-0.08;1.86018e-33
-0.04;-0.07;1.47107e-33
-0.04;-0.06;1.92053e-33
-0.04;-0.05;1.95126e-33
-0.04;-0.04;1.99437e-33
-0.04;-0.03;2.19635e-33
-0.04;-0.02;2.19635e-33
-0.04;-0.01;3.72233e-33
-0.04;0;2.30202e-33
-0.04;0.01;2.26266e-33
-0.04;0.02;2.87562e-33
-0.04;0.03;2.64039e-33
-0.04;0.04;2.06767e-33
-0.04;0.05;1.88982e-33
-0.04;0.06;1.92416e-33
-0.04;0.07;1.88937e-33
-0.04;0.08;1.85736e-33
-0.04;0.09;1.82611e-33
-0.04;0.1;1.23571e-33
-0.04;0.11;1.76497e-33
-0.04;0.12;1.73897e-33
-0.04;0.13;1.15544e-33
-0.04;0.14;1.68446e-33
-0.04;0.15;1.12252e-33
-0.04;0.16;1.11291e-33
-0.04;0.17;1.57902e-33
-0.04;0.18;1.09559e-33
-0.04;0.19;1.08777e-33
-0.04;0.2;1.08555e-33
-0.04;0.21;1.08332e-33
-0.04;0.22;1.43929e-33
-0.04;0.23;1.06973e-33
-0.04;0.24;1.06467e-33
-0.04;0.25;1.37655e-33
-0.04;0.26;1.06362e-33
-0.04;0.27;1.05992e-33
-0.04;0.28;1.05813e-33
-0.04;0.29;1.28448e-33
-0.04;0.3;1.05187e-33
-0.04;0.31;1.2529e-33
-0.04;0.32;1.04896e-33
-0.04;0.33;1.04722e-33
-0.04;0.34;1.04679e-33
-0.04;0.35;1.04637e-33
-0.04;0.36;1.0441e-33
-0.04;0.37;1.04297e-33
-0.04;0.38;1.04184e-33
-0.04;0.39;1.04071e-33
-0.04;0.4;1.03959e-33
-0.04;0.41;1.03834e-33
-0.04;0.42;1.03786e-33
-0.04;0.43;1.03739e-33
-0.04;0.44;1.06506e-33
-0.04;0.45;1.03643e-33
-0.04;0.46;1.03577e-33
-0.04;0.47;1.03541e-33
-0.04;0.48;1.03612e-33
-0.04;0.49;1.03469e-33
-0.04;0.5;0.000263177
-0.04;0.51;0.00184897
-0.04;0.52;0.00330563
-0.04;0.53;0.00464082
-0.04;0.54;0.00585542
-0.04;0.55;0.00696522
-0.04;0.56;0.0079607
-0.04;0.57;0.00885502
-0.04;0.58;0.00965618
-0.04;0.59;0.0103551
-0.04;0.6;0.0109718
-0.04;0.61;0.011508
-0.04;0.62;0.0119575
-0.04;0.63;0.0123328
-0.04;0.64;0.0126382
-0.04;0.65;0.0128793
-0.04;0.66;0.0130495
-0.04;0.67;0.013162
-0.04;0.68;0.013217
-0.04;0.69;0.0132215
-0.04;0.7;0.0131758
-0.04;0.71;0.0130848
-0.04;0.72;0.0129471
-0.04;0.73;0.0127668
-0.04;0.74;0.0125474
-0.04;0.75;0.0122941
-0.04;0.76;0.012008
-0.04;0.77;0.0116905
-0.04;0.78;0.0113443
-0.04;0.79;0.010972
-0.04;0.8;0.0105757
-0.04;0.81;0.0101569
-0.04;0.82;0.00971781
-0.04;0.83;0.00925944
-0.04;0.84;0.00878452
-0.04;0.85;0.00829404
-0.04;0.86;0.00779018
-0.04;0.87;0.00727414
-0.04;0.88;0.00674533
-0.04;0.89;0.0062073
-0.04;0.9;0.00566091
-0.04;0.91;0.00510724
-0.04;0.92;0.00454818
-0.04;0.93;0.00398317
-0.04;0.94;0.00341397
-0.04;0.95;0.00284146
-0.04;0.96;0.00226543
-0.04;0.97;0.00168794
-0.04;0.98;0.00110969
-0.04;0.99;0.000531598
-0.03;-1;7.21877e-34
-0.03;-0.99;0.000550897
-0.03;-0.98;0.00112879
-0.03;-0.97;0.00170593
-0.03;-0.96;0.00228278
-0.03;-0.95;0.00285754
-0.03;-0.94;0.00342897
-0.03;-0.93;0.00399681
-0.03;-0.92;0.00456052
-0.03;-0.91;0.00511971
-0.03;-0.9;0.00567235
-0.03;-0.89;0.00621749
-0.03;-0.88;0.00675431
-0.03;-0.87;0.00728121
-0.03;-0.86;0.00779577
-0.03;-0.85;0.0082978
-0.03;-0.84;0.00878587
-0.03;-0.83;0.00925907
-0.03;-0.82;0.00971639
-0.03;-0.81;0.010154
-0.03;-0.8;0.0105705
-0.03;-0.79;0.0109643
-0.03;-0.78;0.0113337
-0.03;-0.77;0.0116774
-0.03;-0.76;0.0119935
-0.03;-0.75;0.0122781
-0.03;-0.74;0.0125291
-0.03;-0.73;0.0127446
-0.03;-0.72;0.0129212
-0.03;-0.71;0.0130538
-0.03;-0.7;0.0131435
-0.03;-0.69;0.0131872
-0.03;-0.68;0.0131792
-0.03;-0.67;0.01312
-0.03;-0.66;0.0130047
-0.03;-0.65;0.0128283
-0.03;-0.64;0.0125866
-0.03;-0.63;0.0122804
-0.03;-0.62;0.0118986
-0.03;-0.61;0.0114415
-0.03;-0.6;0.0109013
-0.03;-0.59;0.0102827
-0.03;-0.58;0.00957547
-0.03;-0.57;0.00877055
-0.03;-0.56;0.00787502
-0.03;-0.55;0.00686997
-0.03;-0.54;0.00576069
-0.03;-0.53;0.00453912
-0.03;-0.52;0.00319951
-0.03;-0.51;0.00173631
-0.03;-0.5;0.000147427
-0.03;-0.49;1.02915e-33
-0.03;-0.48;1.02919e-33
-0.03;-0.47;1.02971e-33
-0.03;-0.46;1.03028e-33
-0.03;-0.45;1.03084e-33
-0.03;-0.44;1.05416e-33
-0.03;-0.43;1.03197e-33
-0.03;-0.42;1.07355e-33
-0.03;-0.41;1.0331e-33
-0.03;-0.4;1.03366e-33
-0.03;-0.39;1.10652e-33
-0.03;-0.38;1.03471e-33
-0.03;-0.37;1.03486e-33
-0.03;-0.36;1.1432e-33
-0.03;-0.35;1.03555e-33
-0.03;-0.34;1.18144e-33
-0.03;-0.33;1.03729e-33
-0.03;-0.32;1.21031e-33
-0.03;-0.31;1.03903e-33
-0.03;-0.3;1.04182e-33
-0.03;-0.29;1.0424e-33
-0.03;-0.28;1.04297e-33
-0.03;-0.27;1.04503e-33
-0.03;-0.26;1.32199e-33
-0.03;-0.25;1.35388e-33
-0.03;-0.24;1.04666e-33
-0.03;-0.23;1.04721e-33
-0.03;-0.22;1.05169e-33
-0.03;-0.21;1.43988e-33
-0.03;-0.2;1.48164e-33
-0.03;-0.19;1.5052e-33
-0.03;-0.18;1.52672e-33
-0.03;-0.17;1.06635e-33
-0.03;-0.16;1.07777e-33
-0.03;-0.15;1.60269e-33
-0.03;-0.14;1.6277e-33
-0.03;-0.13;1.09609e-33
-0.03;-0.12;1.71276e-33
-0.03;-0.11;1.12159e-33
-0.03;-0.1;1.76676e-33
-0.03;-0.09;1.16746e-33
-0.03;-0.08;1.21911e-33
-0.03;-0.07;1.26454e-33
-0.03;-0.06;1.89004e-33
-0.03;-0.05;1.46725e-33
-0.03;-0.04;1.95126e-33
-0.03;-0.03;1.99605e-33
-0.03;-0.02;2.19635e-33
-0.03;-0.01;2.19635e-33
-0.03;0;2.26266e-33
-0.03;0.01;2.2243e-33
-0.03;0.02;3.50317e-33
-0.03;0.03;2.06767e-33
-0.03;0.04;1.60248e-33
-0.03;0.05;1.92416e-33
-0.03;0.06;1.45917e-33
-0.03;0.07;1.25156e-33
-0.03;0.08;1.20776e-33
-0.03;0.09;1.17701e-33
-0.03;0.1;1.15338e-33
-0.03;0.11;1.12253e-33
-0.03;0.12;1.10513e-33
-0.03;0.13;1.68446e-33
-0.03;0.14;1.08762e-33
-0.03;0.15;1.08539e-33
-0.03;0.16;1.07218e-33
-0.03;0.17;1.06502e-33
-0.03;0.18;1.0645e-33
-0.03;0.19;1.06398e-33
-0.03;0.2;1.47815e-33
-0.03;0.21;1.054e-33
-0.03;0.22;1.05254e-33
-0.03;0.23;1.39876e-33
-0.03;0.24;1.0475e-33
-0.03;0.25;1.04707e-33
-0.03;0.26;1.04665e-33
-0.03;0.27;1.30088e-33
-0.03;0.28;1.0426e-33
-0.03;0.29;1.26822e-33
-0.03;0.3;1.04035e-33
-0.03;0.31;1.22359e-33
-0.03;0.32;1.03759e-33
-0.03;0.33;1.19712e-33
-0.03;0.34;1.03663e-33
-0.03;0.35;1.03616e-33
-0.03;0.36;1.03497e-33
-0.03;0.37;1.03461e-33
-0.03;0.38;1.03425e-33
-0.03;0.39;1.03389e-33
-0.03;0.4;1.03353e-33
-0.03;0.41;1.03292e-33
-0.03;0.42;1.03272e-33
-0.03;0.43;1.06506e-33
-0.03;0.44;1.03233e-33
-0.03;0.45;1.03213e-33
-0.03;0.46;1.03193e-33
-0.03;0.47;1.03612e-33
-0.03;0.48;1.03335e-33
-0.03;0.49;-2.89699e-20
-0.03;0.5;0.000147806
-0.03;0.51;0.00173619
-0.03;0.52;0.00319933
-0.03;0.53;0.00453938
-0.03;0.54;0.00576167
-0.03;0.55;0.00686983
-0.03;0.56;0.00787485
-0.03;0.57;0.00877002
-0.03;0.58;0.00957579
-0.03;0.59;0.010284
-0.03;0.6;0.0109017
-0.03;0.61;0.0114397
-0.03;0.62;0.0118962
-0.03;0.63;0.012275
-0.03;0.64;0.0125843
-0.03;0.65;0.0128283
-0.03;0.66;0.0130057
-0.03;0.67;0.0131204
-0.03;0.68;0.0131798
-0.03;0.69;0.0131875
-0.03;0.7;0.0131452
-0.03;0.71;0.013055
-0.03;0.72;0.0129231
-0.03;0.73;0.0127444
-0.03;0.74;0.0125291
-0.03;0.75;0.0122772
-0.03;0.76;0.011994
-0.03;0.77;0.0116786
-0.03;0.78;0.0113344
-0.03;0.79;0.0109644
-0.03;0.8;0.0105696
-0.03;0.81;0.010153
-0.03;0.82;0.00971545
-0.03;0.83;0.00925998
-0.03;0.84;0.00878636
-0.03;0.85;0.00829821
-0.03;0.86;0.0077964
-0.03;0.87;0.00728061
-0.03;0.88;0.00675383
-0.03;0.89;0.00621739
-0.03;0.9;0.00567237
-0.03;0.91;0.00511963
-0.03;0.92;0.00456111
-0.03;0.93;0.00399744
-0.03;0.94;0.0034293
-0.03;0.95;0.00285796
-0.03;0.96;0.00228295
-0.03;0.97;0.0017065
-0.03;0.98;0.00112847
-0.03;0.99;0.00055071
-0.02;-1;7.212e-34
-0.02;-0.99;0.000564763
-0.02;-0.98;0.00114219
-0.02;-0.97;0.00171893
-0.02;-0.96;0.00229505
-0.02;-0.95;0.00286932
-0.02;-0.94;0.0034403
-0.02;-0.93;0.00400755
-0.02;-0.92;0.00457062
-0.02;-0.91;0.00512853
-0.02;-0.9;0.00567986
-0.02;-0.89;0.00622373
-0.02;-0.88;0.00675993
-0.02;-0.87;0.00728613
-0.02;-0.86;0.00779995
-0.02;-0.85;0.00830081
-0.02;-0.84;0.00878834
-0.02;-0.83;0.00926001
-0.02;-0.82;0.00971431
-0.02;-0.81;0.0101507
-0.02;-0.8;0.0105667
-0.02;-0.79;0.0109594
-0.02;-0.78;0.0113276
-0.02;-0.77;0.0116701
-0.02;-0.76;0.0119837
-0.02;-0.75;0.0122654
-0.02;-0.74;0.0125155
-0.02;-0.73;0.0127297
-0.02;-0.72;0.0129034
-0.02;-0.71;0.0130353
-0.02;-0.7;0.0131224
-0.02;-0.69;0.0131614
-0.02;-0.68;0.0131521
-0.02;-0.67;0.01309
-0.02;-0.66;0.0129733
-0.02;-0.65;0.0127926
-0.02;-0.64;0.0125457
-0.02;-0.63;0.0122343
-0.02;-0.62;0.0118539
-0.02;-0.61;0.0113944
-0.02;-0.6;0.0108529
-0.02;-0.59;0.0102306
-0.02;-0.58;0.00951856
-0.02;-0.57;0.00871005
-0.02;-0.56;0.00781399
-0.02;-0.55;0.00680399
-0.02;-0.54;0.00569198
-0.02;-0.53;0.00446205
-0.02;-0.52;0.0031232
-0.02;-0.51;0.00165652
-0.02;-0.5;6.60244e-05
-0.02;-0.49;1.02911e-33
-0.02;-0.48;1.02908e-33
-0.02;-0.47;1.03434e-33
-0.02;-0.46;1.02901e-33
-0.02;-0.45;1.04468e-33
-0.02;-0.44;1.04755e-33
-0.02;-0.43;1.0289e-33
-0.02;-0.42;1.02886e-33
-0.02;-0.41;1.02883e-33
-0.02;-0.4;1.08814e-33
-0.02;-0.39;1.02881e-33
-0.02;-0.38;1.02886e-33
-0.02;-0.37;1.0289e-33
-0.02;-0.36;1.02894e-33
-0.02;-0.35;1.02899e-33
-0.02;-0.34;1.15669e-33
-0.02;-0.33;1.02946e-33
-0.02;-0.32;1.03003e-33
-0.02;-0.31;1.03059e-33
-0.02;-0.3;1.03115e-33
-0.02;-0.29;1.03172e-33
-0.02;-0.28;1.03228e-33
-0.02;-0.27;1.03284e-33
-0.02;-0.26;1.03468e-33
-0.02;-0.25;1.32199e-33
-0.02;-0.24;1.03498e-33
-0.02;-0.23;1.03513e-33
-0.02;-0.22;1.39725e-33
-0.02;-0.21;1.03543e-33
-0.02;-0.2;1.43988e-33
-0.02;-0.19;1.04026e-33
-0.02;-0.18;1.04113e-33
-0.02;-0.17;1.04394e-33
-0.02;-0.16;1.55266e-33
-0.02;-0.15;1.57948e-33
-0.02;-0.14;1.60269e-33
-0.02;-0.13;1.05372e-33
-0.02;-0.12;1.05934e-33
-0.02;-0.11;1.71276e-33
-0.02;-0.1;1.73967e-33
-0.02;-0.09;1.76676e-33
-0.02;-0.08;1.79391e-33
-0.02;-0.07;1.12159e-33
-0.02;-0.06;1.86018e-33
-0.02;-0.05;1.22066e-33
-0.02;-0.04;1.92053e-33
-0.02;-0.03;1.41758e-33
-0.02;-0.02;1.99773e-33
-0.02;-0.01;2.19635e-33
-0.02;0;2.2243e-33
-0.02;0.01;3.86002e-33
-0.02;0.02;2.068e-33
-0.02;0.03;1.45815e-33
-0.02;0.04;1.45535e-33
-0.02;0.05;1.20847e-33
-0.02;0.06;1.15597e-33
-0.02;0.07;1.12253e-33
-0.02;0.08;1.09696e-33
-0.02;0.09;1.08746e-33
-0.02;0.1;1.73897e-33
-0.02;0.11;1.06486e-33
-0.02;0.12;1.68446e-33
-0.02;0.13;1.05467e-33
-0.02;0.14;1.05322e-33
-0.02;0.15;1.57902e-33
-0.02;0.16;1.55344e-33
-0.02;0.17;1.53022e-33
-0.02;0.18;1.04336e-33
-0.02;0.19;1.04223e-33
-0.02;0.2;1.43929e-33
-0.02;0.21;1.03597e-33
-0.02;0.22;1.03561e-33
-0.02;0.23;1.37655e-33
-0.02;0.24;1.03489e-33
-0.02;0.25;1.32212e-33
-0.02;0.26;1.30088e-33
-0.02;0.27;1.03381e-33
-0.02;0.28;1.26822e-33
-0.02;0.29;1.03243e-33
-0.02;0.3;1.22359e-33
-0.02;0.31;1.03204e-33
-0.02;0.32;1.19712e-33
-0.02;0.33;1.03165e-33
-0.02;0.34;1.02996e-33
-0.02;0.35;1.02959e-33
-0.02;0.36;1.02921e-33
-0.02;0.37;1.02883e-33
-0.02;0.38;1.02846e-33
-0.02;0.39;1.02808e-33
-0.02;0.4;1.0277e-33
-0.02;0.41;1.02721e-33
-0.02;0.42;1.02715e-33
-0.02;0.43;1.02709e-33
-0.02;0.44;1.04819e-33
-0.02;0.45;1.04595e-33
-0.02;0.46;1.02691e-33
-0.02;0.47;1.02685e-33
-0.02;0.48;1.02679e-33
-0.02;0.49;1.02673e-33
-0.02;0.5;6.58597e-05
-0.02;0.51;0.00165564
-0.02;0.52;0.00312199
-0.02;0.53;0.00446439
-0.02;0.54;0.00569167
-0.02;0.55;0.00680234
-0.02;0.56;0.00781284
-0.02;0.57;0.00871083
-0.02;0.58;0.00952087
-0.02;0.59;0.0102306
-0.02;0.6;0.0108523
-0.02;0.61;0.0113952
-0.02;0.62;0.0118547
-0.02;0.63;0.0122353
-0.02;0.64;0.0125459
-0.02;0.65;0.0127931
-0.02;0.66;0.0129743
-0.02;0.67;0.0130903
-0.02;0.68;0.0131524
-0.02;0.69;0.0131618
-0.02;0.7;0.013121
-0.02;0.71;0.0130335
-0.02;0.72;0.0129027
-0.02;0.73;0.0127287
-0.02;0.74;0.0125154
-0.02;0.75;0.0122659
-0.02;0.76;0.0119826
-0.02;0.77;0.0116696
-0.02;0.78;0.0113274
-0.02;0.79;0.0109589
-0.02;0.8;0.0105664
-0.02;0.81;0.0101513
-0.02;0.82;0.00971519
-0.02;0.83;0.00925948
-0.02;0.84;0.00878854
-0.02;0.85;0.00830092
-0.02;0.86;0.00780055
-0.02;0.87;0.00728545
-0.02;0.88;0.00676012
-0.02;0.89;0.00622508
-0.02;0.9;0.00567992
-0.02;0.91;0.00512818
-0.02;0.92;0.00457061
-0.02;0.93;0.00400806
-0.02;0.94;0.00344031
-0.02;0.95;0.0028694
-0.02;0.96;0.00229517
-0.02;0.97;0.00171931
-0.02;0.98;0.0011423
-0.02;0.99;0.000564512
-0.01;-1;7.20994e-34
-0.01;-0.99;0.00057381
-0.01;-0.98;0.00115055
-0.01;-0.97;0.00172695
-0.01;-0.96;0.00230248
-0.01;-0.95;0.00287625
-0.01;-0.94;0.0034469
-0.01;-0.93;0.00401377
-0.01;-0.92;0.00457659
-0.01;-0.91;0.00513411
-0.01;-0.9;0.00568492
-0.01;-0.89;0.00622805
-0.01;-0.88;0.00676363
-0.01;-0.87;0.00728839
-0.01;-0.86;0.00780215
-0.01;-0.85;0.00830253
-0.01;-0.84;0.00879012
-0.01;-0.83;0.00926109
-0.01;-0.82;0.00971393
-0.01;-0.81;0.0101494
-0.01;-0.8;0.0105638
-0.01;-0.79;0.010956
-0.01;-0.78;0.0113237
-0.01;-0.77;0.0116655
-0.01;-0.76;0.0119784
-0.01;-0.75;0.0122592
-0.01;-0.74;0.0125072
-0.01;-0.73;0.0127187
-0.01;-0.72;0.0128921
-0.01;-0.71;0.0130223
-0.01;-0.7;0.0131075
-0.01;-0.69;0.0131469
-0.01;-0.68;0.0131377
-0.01;-0.67;0.0130678
-0.01;-0.66;0.0129494
-0.01;-0.65;0.0127736
-0.01;-0.64;0.0125241
-0.01;-0.63;0.0122108
-0.01;-0.62;0.0118301
-0.01;-0.61;0.0113689
-0.01;-0.6;0.0108241
-0.01;-0.59;0.0101942
-0.01;-0.58;0.00948561
-0.01;-0.57;0.00867696
-0.01;-0.56;0.00777911
-0.01;-0.55;0.00676417
-0.01;-0.54;0.00565321
-0.01;-0.53;0.00442087
-0.01;-0.52;0.00307971
-0.01;-0.51;0.0016096
-0.01;-0.5;1.78008e-05
-0.01;-0.49;1.02641e-33
-0.01;-0.48;1.02924e-33
-0.01;-0.47;1.02663e-33
-0.01;-0.46;1.03434e-33
-0.01;-0.45;1.02686e-33
-0.01;-0.44;1.04468e-33
-0.01;-0.43;1.04755e-33
-0.01;-0.42;1.0272e-33
-0.01;-0.41;1.02731e-33
-0.01;-0.4;1.02742e-33
-0.01;-0.39;1.08814e-33
-0.01;-0.38;1.02765e-33
-0.01;-0.37;1.10652e-33
-0.01;-0.36;1.02783e-33
-0.01;-0.35;1.02783e-33
-0.01;-0.34;1.1432e-33
-0.01;-0.33;1.15669e-33
-0.01;-0.32;1.02783e-33
-0.01;-0.31;1.19519e-33
-0.01;-0.3;1.02783e-33
-0.01;-0.29;1.22326e-33
-0.01;-0.28;1.25491e-33
-0.01;-0.27;1.26755e-33
-0.01;-0.26;1.02783e-33
-0.01;-0.25;1.02783e-33
-0.01;-0.24;1.32199e-33
-0.01;-0.23;1.35388e-33
-0.01;-0.22;1.02783e-33
-0.01;-0.21;1.02783e-33
-0.01;-0.2;1.41758e-33
-0.01;-0.19;1.43988e-33
-0.01;-0.18;1.02783e-33
-0.01;-0.17;1.02783e-33
-0.01;-0.16;1.02783e-33
-0.01;-0.15;1.02783e-33
-0.01;-0.14;1.57948e-33
-0.01;-0.13;1.60269e-33
-0.01;-0.12;1.02783e-33
-0.01;-0.11;1.02783e-33
-0.01;-0.1;1.02783e-33
-0.01;-0.09;1.02783e-33
-0.01;-0.08;1.76676e-33
-0.01;-0.07;1.02783e-33
-0.01;-0.06;1.02783e-33
-0.01;-0.05;1.86018e-33
-0.01;-0.04;1.39932e-33
-0.01;-0.03;1.39932e-33
-0.01;-0.02;1.9549e-33
-0.01;-0.01;1.99941e-33
-0.01;0;1.02783e-33
-0.01;0.01;2.06767e-33
-0.01;0.02;2.94915e-33
-0.01;0.03;1.39804e-33
-0.01;0.04;1.39804e-33
-0.01;0.05;1.11235e-33
-0.01;0.06;1.82611e-33
-0.01;0.07;1.79656e-33
-0.01;0.08;1.76497e-33
-0.01;0.09;1.73897e-33
-0.01;0.1;1.03553e-33
-0.01;0.11;1.03517e-33
-0.01;0.12;1.03482e-33
-0.01;0.13;1.03122e-33
-0.01;0.14;1.03085e-33
-0.01;0.15;1.03047e-33
-0.01;0.16;1.02734e-33
-0.01;0.17;1.02728e-33
-0.01;0.18;1.02722e-33
-0.01;0.19;1.43929e-33
-0.01;0.2;1.0271e-33
-0.01;0.21;1.02704e-33
-0.01;0.22;1.37655e-33
-0.01;0.23;1.02692e-33
-0.01;0.24;1.02686e-33
-0.01;0.25;1.0268e-33
-0.01;0.26;1.02674e-33
-0.01;0.27;1.02596e-33
-0.01;0.28;1.02585e-33
-0.01;0.29;1.02574e-33
-0.01;0.3;1.20963e-33
-0.01;0.31;1.02553e-33
-0.01;0.32;1.17961e-33
-0.01;0.33;1.1571e-33
-0.01;0.34;1.02521e-33
-0.01;0.35;1.1329e-33
-0.01;0.36;1.025e-33
-0.01;0.37;1.10519e-33
-0.01;0.38;1.09701e-33
-0.01;0.39;1.02468e-33
-0.01;0.4;1.07292e-33
-0.01;0.41;1.02446e-33
-0.01;0.42;1.02469e-33
-0.01;0.43;1.04819e-33
-0.01;0.44;1.04595e-33
-0.01;0.45;1.02486e-33
-0.01;0.46;1.02492e-33
-0.01;0.47;1.02498e-33
-0.01;0.48;1.02651e-33
-0.01;0.49;1.02509e-33
-0.01;0.5;1.77766e-05
-0.01;0.51;0.00160875
-0.01;0.52;0.00308051
-0.01;0.53;0.00442149
-0.01;0.54;0.00565348
-0.01;0.55;0.00676356
-0.01;0.56;0.00777861
-0.01;0.57;0.00867706
-0.01;0.58;0.00948574
-0.01;0.59;0.0102013
-0.01;0.6;0.0108221
-0.01;0.61;0.0113651
-0.01;0.62;0.0118261
-0.01;0.63;0.0122127
-0.01;0.64;0.0125231
-0.01;0.65;0.0127711
-0.01;0.66;0.0129553
-0.01;0.67;0.0130739
-0.01;0.68;0.0131406
-0.01;0.69;0.0131512
-0.01;0.7;0.0131087
-0.01;0.71;0.0130217
-0.01;0.72;0.0128913
-0.01;0.73;0.0127196
-0.01;0.74;0.0125056
-0.01;0.75;0.0122585
-0.01;0.76;0.0119763
-0.01;0.77;0.011665
-0.01;0.78;0.0113246
-0.01;0.79;0.0109567
-0.01;0.8;0.0105655
-0.01;0.81;0.0101504
-0.01;0.82;0.0097144
-0.01;0.83;0.00926042
-0.01;0.84;0.0087892
-0.01;0.85;0.00830351
-0.01;0.86;0.00780283
-0.01;0.87;0.00728862
-0.01;0.88;0.00676339
-0.01;0.89;0.00622841
-0.01;0.9;0.00568458
-0.01;0.91;0.00513386
-0.01;0.92;0.00457679
-0.01;0.93;0.00401399
-0.01;0.94;0.00344731
-0.01;0.95;0.00287628
-0.01;0.96;0.00230266
-0.01;0.97;0.00172729
-0.01;0.98;0.00115062
-0.01;0.99;0.000573283
0;-1;-1.3701e-18
0;-0.99;0.000576642
0;-0.98;0.00115381
0;-0.97;0.00173025
0;-0.96;0.00230532
0;-0.95;0.00287875
0;-0.94;0.00344928
0;-0.93;0.00401597
0;-0.92;0.00457881
0;-0.91;0.0051359
0;-0.9;0.00568639
0;-0.89;0.00622997
0;-0.88;0.00676466
0;-0.87;0.00728965
0;-0.86;0.00780292
0;-0.85;0.00830399
0;-0.84;0.00879005
0;-0.83;0.00926079
0;-0.82;0.00971454
0;-0.81;0.0101495
0;-0.8;0.0105642
0;-0.79;0.0109548
0;-0.78;0.0113236
0;-0.77;0.0116645
0;-0.76;0.0119756
0;-0.75;0.0122566
0;-0.74;0.0125045
0;-0.73;0.0127168
0;-0.72;0.0128891
0;-0.71;0.0130187
0;-0.7;0.0131039
0;-0.69;0.013142
0;-0.68;0.0131328
0;-0.67;0.013063
0;-0.66;0.0129447
0;-0.65;0.0127656
0;-0.64;0.0125168
0;-0.63;0.0122015
0;-0.62;0.0118185
0;-0.61;0.0113586
0;-0.6;0.0108118
0;-0.59;0.0101901
0;-0.58;0.00947317
0;-0.57;0.00866282
0;-0.56;0.0077617
0;-0.55;0.00674844
0;-0.54;0.005637
0;-0.53;0.00440563
0;-0.52;0.00306236
0;-0.51;0.0015892
0;-0.5;1.97554e-18
0;-0.49;1.02413e-33
0;-0.48;1.02411e-33
0;-0.47;1.02416e-33
0;-0.46;1.02411e-33
0;-0.45;1.02411e-33
0;-0.44;1.02411e-33
0;-0.43;1.04497e-33
0;-0.42;1.02411e-33
0;-0.41;1.02411e-33
0;-0.4;1.02411e-33
0;-0.39;1.02411e-33
0;-0.38;1.08715e-33
0;-0.37;1.02411e-33
0;-0.36;1.1053e-33
0;-0.35;1.0241e-33
0;-0.34;1.0241e-33
0;-0.33;1.0241e-33
0;-0.32;1.0241e-33
0;-0.31;1.18253e-33
0;-0.3;1.0241e-33
0;-0.29;1.0241e-33
0;-0.28;1.0241e-33
0;-0.27;1.0241e-33
0;-0.26;1.27012e-33
0;-0.25;1.0241e-33
0;-0.24;1.3025e-33
0;-0.23;1.0241e-33
0;-0.22;1.0241e-33
0;-0.21;1.37633e-33
0;-0.2;1.39804e-33
0;-0.19;1.0241e-33
0;-0.18;1.43589e-33
0;-0.17;1.0241e-33
0;-0.16;1.02414e-33
0;-0.15;1.02425e-33
0;-0.14;1.02437e-33
0;-0.13;1.02448e-33
0;-0.12;1.60397e-33
0;-0.11;1.02471e-33
0;-0.1;1.68778e-33
0;-0.09;1.02493e-33
0;-0.08;1.73875e-33
0;-0.07;1.7676e-33
0;-0.06;1.0292e-33
0;-0.05;1.82671e-33
0;-0.04;1.02952e-33
0;-0.03;1.88514e-33
0;-0.02;1.91896e-33
0;-0.01;1.94955e-33
0;0;1.99952e-33
0;0.01;1.9549e-33
0;0.02;1.92324e-33
0;0.03;1.08133e-33
0;0.04;1.85554e-33
0;0.05;1.82753e-33
0;0.06;1.79895e-33
0;0.07;1.02469e-33
0;0.08;1.02459e-33
0;0.09;1.70811e-33
0;0.1;1.68396e-33
0;0.11;1.62711e-33
0;0.12;1.60412e-33
0;0.13;1.5806e-33
0;0.14;1.02538e-33
0;0.15;1.52834e-33
0;0.16;1.50417e-33
0;0.17;1.47981e-33
0;0.18;1.43661e-33
0;0.19;1.02531e-33
0;0.2;1.0253e-33
0;0.21;1.37416e-33
0;0.22;1.02527e-33
0;0.23;1.02525e-33
0;0.24;1.02524e-33
0;0.25;1.28565e-33
0;0.26;1.02521e-33
0;0.27;1.2543e-33
0;0.28;1.02518e-33
0;0.29;1.02517e-33
0;0.3;1.02516e-33
0;0.31;1.02514e-33
0;0.32;1.02513e-33
0;0.33;1.14675e-33
0;0.34;1.0251e-33
0;0.35;1.12085e-33
0;0.36;1.10498e-33
0;0.37;1.02506e-33
0;0.38;1.02505e-33
0;0.39;1.02503e-33
0;0.4;1.02502e-33
0;0.41;1.05351e-33
0;0.42;1.02499e-33
0;0.43;1.02498e-33
0;0.44;1.02496e-33
0;0.45;1.02495e-33
0;0.46;1.02764e-33
0;0.47;1.02486e-33
0;0.48;1.02491e-33
0;0.49;1.02487e-33
0;0.5;3.67576e-18
0;0.51;0.00159074
0;0.52;0.00306417
0;0.53;0.00440535
0;0.54;0.0056387
0;0.55;0.00674973
0;0.56;0.00776633
0;0.57;0.00866492
0;0.58;0.00947628
0;0.59;0.0101897
0;0.6;0.0108124
0;0.61;0.0113584
0;0.62;0.0118212
0;0.63;0.0122037
0;0.64;0.012518
0;0.65;0.0127599
0;0.66;0.0129431
0;0.67;0.0130678
0;0.68;0.0131319
0;0.69;0.0131428
0;0.7;0.013103
0;0.71;0.0130173
0;0.72;0.0128868
0;0.73;0.0127113
0;0.74;0.012501
0;0.75;0.0122562
0;0.76;0.0119752
0;0.77;0.011663
0;0.78;0.0113218
0;0.79;0.0109551
0;0.8;0.0105627
0;0.81;0.010149
0;0.82;0.00971447
0;0.83;0.00926129
0;0.84;0.00879012
0;0.85;0.00830328
0;0.86;0.00780275
0;0.87;0.00728893
0;0.88;0.00676438
0;0.89;0.00623013
0;0.9;0.00568688
0;0.91;0.00513629
0;0.92;0.00457924
0;0.93;0.0040164
0;0.94;0.00344934
0;0.95;0.00287808
0;0.96;0.00230512
0;0.97;0.00173033
0;0.98;0.00115414
0;0.99;0.000577155
0.01;-1;7.20398e-34
0.01;-0.99;0.000573223
0.01;-0.98;0.00115035
0.01;-0.97;0.00172691
0.01;-0.96;0.00230233
0.01;-0.95;0.0028759
0.01;-0.94;0.00344669
0.01;-0.93;0.00401433
0.01;-0.92;0.00457691
0.01;-0.91;0.00513383
0.01;-0.9;0.00568458
0.01;-0.89;0.00622801
0.01;-0.88;0.00676313
0.01;-0.87;0.00728842
0.01;-0.86;0.00780246
0.01;-0.85;0.00830268
0.01;-0.84;0.00878936
0.01;-0.83;0.00926074
0.01;-0.82;0.00971473
0.01;-0.81;0.0101496
0.01;-0.8;0.0105636
0.01;-0.79;0.0109562
0.01;-0.78;0.0113234
0.01;-0.77;0.011665
0.01;-0.76;0.0119771
0.01;-0.75;0.0122585
0.01;-0.74;0.0125061
0.01;-0.73;0.01272
0.01;-0.72;0.0128923
0.01;-0.71;0.0130217
0.01;-0.7;0.0131081
0.01;-0.69;0.0131471
0.01;-0.68;0.0131349
0.01;-0.67;0.0130727
0.01;-0.66;0.0129545
0.01;-0.65;0.0127735
0.01;-0.64;0.0125248
0.01;-0.63;0.0122112
0.01;-0.62;0.0118294
0.01;-0.61;0.0113658
0.01;-0.6;0.0108227
0.01;-0.59;0.0102014
0.01;-0.58;0.00948641
0.01;-0.57;0.00867682
0.01;-0.56;0.00777695
0.01;-0.55;0.00676673
0.01;-0.54;0.00565359
0.01;-0.53;0.00442221
0.01;-0.52;0.00307985
0.01;-0.51;0.00160784
0.01;-0.5;1.77652e-05
0.01;-0.49;1.02419e-33
0.01;-0.48;1.0246e-33
0.01;-0.47;1.02405e-33
0.01;-0.46;1.0334e-33
0.01;-0.45;1.03693e-33
0.01;-0.44;1.02384e-33
0.01;-0.43;1.02377e-33
0.01;-0.42;1.02371e-33
0.01;-0.41;1.02337e-33
0.01;-0.4;1.02344e-33
0.01;-0.39;1.08715e-33
0.01;-0.38;1.02356e-33
0.01;-0.37;1.1053e-33
0.01;-0.36;1.02369e-33
0.01;-0.35;1.02376e-33
0.01;-0.34;1.02382e-33
0.01;-0.33;1.02388e-33
0.01;-0.32;1.18253e-33
0.01;-0.31;1.02401e-33
0.01;-0.3;1.02408e-33
0.01;-0.29;1.22205e-33
0.01;-0.28;1.02522e-33
0.01;-0.27;1.02427e-33
0.01;-0.26;1.28732e-33
0.01;-0.25;1.0244e-33
0.01;-0.24;1.31907e-33
0.01;-0.23;1.02453e-33
0.01;-0.22;1.02459e-33
0.01;-0.21;1.02753e-33
0.01;-0.2;1.02786e-33
0.01;-0.19;1.02993e-33
0.01;-0.18;1.03008e-33
0.01;-0.17;1.03022e-33
0.01;-0.16;1.03037e-33
0.01;-0.15;1.03051e-33
0.01;-0.14;1.03065e-33
0.01;-0.13;1.0308e-33
0.01;-0.12;1.03526e-33
0.01;-0.11;1.03877e-33
0.01;-0.1;1.0394e-33
0.01;-0.09;1.04327e-33
0.01;-0.08;1.7676e-33
0.01;-0.07;1.04456e-33
0.01;-0.06;1.04881e-33
0.01;-0.05;1.85627e-33
0.01;-0.04;1.12901e-33
0.01;-0.03;1.11383e-33
0.01;-0.02;2.91276e-33
0.01;-0.01;2.068e-33
0.01;0;1.39804e-33
0.01;0.01;2.06763e-33
0.01;0.02;1.9549e-33
0.01;0.03;1.41758e-33
0.01;0.04;1.41758e-33
0.01;0.05;1.85554e-33
0.01;0.06;1.05276e-33
0.01;0.07;1.05188e-33
0.01;0.08;1.03869e-33
0.01;0.09;1.03835e-33
0.01;0.1;1.70811e-33
0.01;0.11;1.03282e-33
0.01;0.12;1.0325e-33
0.01;0.13;1.03002e-33
0.01;0.14;1.5806e-33
0.01;0.15;1.02956e-33
0.01;0.16;1.52834e-33
0.01;0.17;1.50417e-33
0.01;0.18;1.47981e-33
0.01;0.19;1.43661e-33
0.01;0.2;1.02717e-33
0.01;0.21;1.02707e-33
0.01;0.22;1.37416e-33
0.01;0.23;1.02607e-33
0.01;0.24;1.02601e-33
0.01;0.25;1.02595e-33
0.01;0.26;1.0259e-33
0.01;0.27;1.02584e-33
0.01;0.28;1.02633e-33
0.01;0.29;1.02622e-33
0.01;0.3;1.02567e-33
0.01;0.31;1.02562e-33
0.01;0.32;1.18089e-33
0.01;0.33;1.16058e-33
0.01;0.34;1.02545e-33
0.01;0.35;1.02539e-33
0.01;0.36;1.02534e-33
0.01;0.37;1.02528e-33
0.01;0.38;1.09683e-33
0.01;0.39;1.08952e-33
0.01;0.4;1.02511e-33
0.01;0.41;1.02506e-33
0.01;0.42;1.02488e-33
0.01;0.43;1.04931e-33
0.01;0.44;1.02483e-33
0.01;0.45;1.02481e-33
0.01;0.46;1.02478e-33
0.01;0.47;1.02476e-33
0.01;0.48;1.02474e-33
0.01;0.49;1.02471e-33
0.01;0.5;1.7741e-05
0.01;0.51;0.00160673
0.01;0.52;0.00307972
0.01;0.53;0.00442131
0.01;0.54;0.00565247
0.01;0.55;0.00676422
0.01;0.56;0.00777829
0.01;0.57;0.00867672
0.01;0.58;0.0094851
0.01;0.59;0.0102009
0.01;0.6;0.0108224
0.01;0.61;0.011366
0.01;0.62;0.0118253
0.01;0.63;0.0122132
0.01;0.64;0.012524
0.01;0.65;0.0127703
0.01;0.66;0.0129545
0.01;0.67;0.0130753
0.01;0.68;0.0131412
0.01;0.69;0.0131478
0.01;0.7;0.013108
0.01;0.71;0.0130219
0.01;0.72;0.0128921
0.01;0.73;0.0127195
0.01;0.74;0.0125081
0.01;0.75;0.0122589
0.01;0.76;0.0119773
0.01;0.77;0.0116657
0.01;0.78;0.0113248
0.01;0.79;0.0109564
0.01;0.8;0.0105657
0.01;0.81;0.0101506
0.01;0.82;0.00971468
0.01;0.83;0.00926105
0.01;0.84;0.00879018
0.01;0.85;0.0083023
0.01;0.86;0.00780182
0.01;0.87;0.00728872
0.01;0.88;0.00676338
0.01;0.89;0.00622813
0.01;0.9;0.00568515
0.01;0.91;0.0051342
0.01;0.92;0.00457654
0.01;0.93;0.00401379
0.01;0.94;0.0034468
0.01;0.95;0.00287615
0.01;0.96;0.00230255
0.01;0.97;0.00172701
0.01;0.98;0.00115038
0.01;0.99;0.000573451
0.02;-1;7.21429e-34
0.02;-0.99;0.000565159
0.02;-0.98;0.00114223
0.02;-0.97;0.0017188
0.02;-0.96;0.00229482
0.02;-0.95;0.00286872
0.02;-0.94;0.00344031
0.02;-0.93;0.00400775
0.02;-0.92;0.00457061
0.02;-0.91;0.00512895
0.02;-0.9;0.0056804
0.02;-0.89;0.00622376
0.02;-0.88;0.00675974
0.02;-0.87;0.00728499
0.02;-0.86;0.00779959
0.02;-0.85;0.00830097
0.02;-0.84;0.00878797
0.02;-0.83;0.00926061
0.02;-0.82;0.00971532
0.02;-0.81;0.0101503
0.02;-0.8;0.0105662
0.02;-0.79;0.0109587
0.02;-0.78;0.0113274
0.02;-0.77;0.0116695
0.02;-0.76;0.0119829
0.02;-0.75;0.0122652
0.02;-0.74;0.0125154
0.02;-0.73;0.0127285
0.02;-0.72;0.0129021
0.02;-0.71;0.013035
0.02;-0.7;0.0131213
0.02;-0.69;0.0131617
0.02;-0.68;0.0131525
0.02;-0.67;0.0130913
0.02;-0.66;0.012973
0.02;-0.65;0.012792
0.02;-0.64;0.0125469
0.02;-0.63;0.0122357
0.02;-0.62;0.0118556
0.02;-0.61;0.0113936
0.02;-0.6;0.0108516
0.02;-0.59;0.0102314
0.02;-0.58;0.00952002
0.02;-0.57;0.00871144
0.02;-0.56;0.00781451
0.02;-0.55;0.00680174
0.02;-0.54;0.00569432
0.02;-0.53;0.00446455
0.02;-0.52;0.00312219
0.02;-0.51;0.00165368
0.02;-0.5;6.60392e-05
0.02;-0.49;1.02579e-33
0.02;-0.48;1.02612e-33
0.02;-0.47;1.0334e-33
0.02;-0.46;1.03693e-33
0.02;-0.45;1.02711e-33
0.02;-0.44;1.02744e-33
0.02;-0.43;1.02777e-33
0.02;-0.42;1.06582e-33
0.02;-0.41;1.02843e-33
0.02;-0.4;1.02945e-33
0.02;-0.39;1.0296e-33
0.02;-0.38;1.02974e-33
0.02;-0.37;1.02989e-33
0.02;-0.36;1.03003e-33
0.02;-0.35;1.14709e-33
0.02;-0.34;1.15657e-33
0.02;-0.33;1.18253e-33
0.02;-0.32;1.03132e-33
0.02;-0.31;1.03159e-33
0.02;-0.3;1.03186e-33
0.02;-0.29;1.03213e-33
0.02;-0.28;1.03353e-33
0.02;-0.27;1.28732e-33
0.02;-0.26;1.03444e-33
0.02;-0.25;1.31907e-33
0.02;-0.24;1.35724e-33
0.02;-0.23;1.03582e-33
0.02;-0.22;1.03851e-33
0.02;-0.21;1.41765e-33
0.02;-0.2;1.03977e-33
0.02;-0.19;1.04283e-33
0.02;-0.18;1.04348e-33
0.02;-0.17;1.04413e-33
0.02;-0.16;1.04477e-33
0.02;-0.15;1.58032e-33
0.02;-0.14;1.05268e-33
0.02;-0.13;1.05373e-33
0.02;-0.12;1.05846e-33
0.02;-0.11;1.06517e-33
0.02;-0.1;1.07277e-33
0.02;-0.09;1.7676e-33
0.02;-0.08;1.0961e-33
0.02;-0.07;1.82671e-33
0.02;-0.06;1.15556e-33
0.02;-0.05;1.88514e-33
0.02;-0.04;1.47647e-33
0.02;-0.03;1.39804e-33
0.02;-0.02;2.068e-33
0.02;-0.01;3.37897e-33
0.02;0;2.94915e-33
0.02;0.01;3.50259e-33
0.02;0.02;2.06763e-33
0.02;0.03;1.16058e-33
0.02;0.04;1.47974e-33
0.02;0.05;1.88841e-33
0.02;0.06;1.41758e-33
0.02;0.07;1.12004e-33
0.02;0.08;1.79895e-33
0.02;0.09;1.08802e-33
0.02;0.1;1.0783e-33
0.02;0.11;1.0665e-33
0.02;0.12;1.06526e-33
0.02;0.13;1.05323e-33
0.02;0.14;1.60412e-33
0.02;0.15;1.5806e-33
0.02;0.16;1.04789e-33
0.02;0.17;1.04716e-33
0.02;0.18;1.03889e-33
0.02;0.19;1.03855e-33
0.02;0.2;1.0382e-33
0.02;0.21;1.41806e-33
0.02;0.22;1.03752e-33
0.02;0.23;1.03717e-33
0.02;0.24;1.3565e-33
0.02;0.25;1.03297e-33
0.02;0.26;1.03264e-33
0.02;0.27;1.28565e-33
0.02;0.28;1.032e-33
0.02;0.29;1.03167e-33
0.02;0.3;1.03135e-33
0.02;0.31;1.03102e-33
0.02;0.32;1.0307e-33
0.02;0.33;1.18089e-33
0.02;0.34;1.02925e-33
0.02;0.35;1.14675e-33
0.02;0.36;1.02878e-33
0.02;0.37;1.12085e-33
0.02;0.38;1.10498e-33
0.02;0.39;1.02808e-33
0.02;0.4;1.02785e-33
0.02;0.41;1.02735e-33
0.02;0.42;1.02725e-33
0.02;0.43;1.02714e-33
0.02;0.44;1.02704e-33
0.02;0.45;1.04548e-33
0.02;0.46;1.03666e-33
0.02;0.47;1.03318e-33
0.02;0.48;1.02662e-33
0.02;0.49;1.02651e-33
0.02;0.5;6.58273e-05
0.02;0.51;0.00165371
0.02;0.52;0.00312159
0.02;0.53;0.00446414
0.02;0.54;0.00569202
0.02;0.55;0.00680298
0.02;0.56;0.00781402
0.02;0.57;0.00871183
0.02;0.58;0.00951928
0.02;0.59;0.0102314
0.02;0.6;0.0108521
0.02;0.61;0.011394
0.02;0.62;0.0118552
0.02;0.63;0.0122351
0.02;0.64;0.0125476
0.02;0.65;0.012794
0.02;0.66;0.0129749
0.02;0.67;0.0130903
0.02;0.68;0.0131527
0.02;0.69;0.0131618
0.02;0.7;0.0131214
0.02;0.71;0.0130349
0.02;0.72;0.0129004
0.02;0.73;0.0127296
0.02;0.74;0.0125156
0.02;0.75;0.0122659
0.02;0.76;0.0119826
0.02;0.77;0.0116695
0.02;0.78;0.0113278
0.02;0.79;0.0109593
0.02;0.8;0.010567
0.02;0.81;0.0101518
0.02;0.82;0.00971532
0.02;0.83;0.00926015
0.02;0.84;0.00878771
0.02;0.85;0.00830033
0.02;0.86;0.00779956
0.02;0.87;0.00728591
0.02;0.88;0.00676072
0.02;0.89;0.00622423
0.02;0.9;0.00568013
0.02;0.91;0.00512845
0.02;0.92;0.00457036
0.02;0.93;0.00400741
0.02;0.94;0.00344022
0.02;0.95;0.00286921
0.02;0.96;0.00229514
0.02;0.97;0.00171912
0.02;0.98;0.00114214
0.02;0.99;0.000564631
0.03;-1;7.2241e-34
0.03;-0.99;0.000550979
0.03;-0.98;0.00112921
0.03;-0.97;0.00170597
0.03;-0.96;0.0022825
0.03;-0.95;0.00285705
0.03;-0.94;0.00342928
0.03;-0.93;0.00399734
0.03;-0.92;0.00456155
0.03;-0.91;0.00512009
0.03;-0.9;0.00567272
0.03;-0.89;0.0062172
0.03;-0.88;0.00675331
0.03;-0.87;0.0072803
0.03;-0.86;0.00779562
0.03;-0.85;0.0082985
0.03;-0.84;0.00878712
0.03;-0.83;0.00925999
0.03;-0.82;0.00971521
0.03;-0.81;0.0101521
0.03;-0.8;0.0105699
0.03;-0.79;0.0109655
0.03;-0.78;0.0113352
0.03;-0.77;0.011678
0.03;-0.76;0.0119934
0.03;-0.75;0.0122767
0.03;-0.74;0.0125285
0.03;-0.73;0.0127453
0.03;-0.72;0.0129228
0.03;-0.71;0.013056
0.03;-0.7;0.013145
0.03;-0.69;0.0131872
0.03;-0.68;0.0131802
0.03;-0.67;0.0131202
0.03;-0.66;0.0130051
0.03;-0.65;0.0128274
0.03;-0.64;0.0125845
0.03;-0.63;0.0122751
0.03;-0.62;0.0118963
0.03;-0.61;0.0114399
0.03;-0.6;0.0109017
0.03;-0.59;0.0102826
0.03;-0.58;0.00957418
0.03;-0.57;0.00877027
0.03;-0.56;0.00787401
0.03;-0.55;0.00687003
0.03;-0.54;0.00576058
0.03;-0.53;0.00453888
0.03;-0.52;0.00319885
0.03;-0.51;0.00173674
0.03;-0.5;0.000147714
0.03;-0.49;1.0307e-33
0.03;-0.48;1.03085e-33
0.03;-0.47;1.03117e-33
0.03;-0.46;1.04497e-33
0.03;-0.45;1.03171e-33
0.03;-0.44;1.03198e-33
0.03;-0.43;1.03225e-33
0.03;-0.42;1.03252e-33
0.03;-0.41;1.08715e-33
0.03;-0.4;1.09616e-33
0.03;-0.39;1.03408e-33
0.03;-0.38;1.12313e-33
0.03;-0.37;1.13438e-33
0.03;-0.36;1.03546e-33
0.03;-0.35;1.03698e-33
0.03;-0.34;1.03761e-33
0.03;-0.33;1.19485e-33
0.03;-0.32;1.03887e-33
0.03;-0.31;1.22205e-33
0.03;-0.3;1.04013e-33
0.03;-0.29;1.04239e-33
0.03;-0.28;1.04304e-33
0.03;-0.27;1.3025e-33
0.03;-0.26;1.04624e-33
0.03;-0.25;1.04701e-33
0.03;-0.24;1.37633e-33
0.03;-0.23;1.04856e-33
0.03;-0.22;1.05219e-33
0.03;-0.21;1.05324e-33
0.03;-0.2;1.05719e-33
0.03;-0.19;1.50436e-33
0.03;-0.18;1.52774e-33
0.03;-0.17;1.55376e-33
0.03;-0.16;1.58032e-33
0.03;-0.15;1.60397e-33
0.03;-0.14;1.08648e-33
0.03;-0.13;1.09537e-33
0.03;-0.12;1.71165e-33
0.03;-0.11;1.13052e-33
0.03;-0.1;1.15321e-33
0.03;-0.09;1.17937e-33
0.03;-0.08;1.82671e-33
0.03;-0.07;1.85627e-33
0.03;-0.06;1.88514e-33
0.03;-0.05;1.4434e-33
0.03;-0.04;1.94955e-33
0.03;-0.03;2.068e-33
0.03;-0.02;2.87066e-33
0.03;-0.01;2.227e-33
0.03;0;3.50456e-33
0.03;0.01;3.60612e-33
0.03;0.02;3.50259e-33
0.03;0.03;1.89236e-33
0.03;0.04;1.9549e-33
0.03;0.05;1.44409e-33
0.03;0.06;1.71276e-33
0.03;0.07;1.16058e-33
0.03;0.08;1.16058e-33
0.03;0.09;1.16058e-33
0.03;0.1;1.15567e-33
0.03;0.11;1.12004e-33
0.03;0.12;1.10493e-33
0.03;0.13;1.0962e-33
0.03;0.14;1.08823e-33
0.03;0.15;1.60412e-33
0.03;0.16;1.07754e-33
0.03;0.17;1.55328e-33
0.03;0.18;1.06565e-33
0.03;0.19;1.06442e-33
0.03;0.2;1.47981e-33
0.03;0.21;1.43661e-33
0.03;0.22;1.05194e-33
0.03;0.23;1.39932e-33
0.03;0.24;1.04813e-33
0.03;0.25;1.3565e-33
0.03;0.26;1.04668e-33
0.03;0.27;1.04595e-33
0.03;0.28;1.04219e-33
0.03;0.29;1.04109e-33
0.03;0.3;1.03998e-33
0.03;0.31;1.03806e-33
0.03;0.32;1.03771e-33
0.03;0.33;1.03737e-33
0.03;0.34;1.18089e-33
0.03;0.35;1.16058e-33
0.03;0.36;1.14675e-33
0.03;0.37;1.03666e-33
0.03;0.38;1.03431e-33
0.03;0.39;1.03386e-33
0.03;0.4;1.09683e-33
0.03;0.41;1.08952e-33
0.03;0.42;1.03214e-33
0.03;0.43;1.03182e-33
0.03;0.44;1.03149e-33
0.03;0.45;1.03117e-33
0.03;0.46;1.04548e-33
0.03;0.47;1.03666e-33
0.03;0.48;1.0301e-33
0.03;0.49;1.02987e-33
0.03;0.5;0.000147609
0.03;0.51;0.00173557
0.03;0.52;0.00319725
0.03;0.53;0.00453948
0.03;0.54;0.0057628
0.03;0.55;0.00686943
0.03;0.56;0.0078732
0.03;0.57;0.00876914
0.03;0.58;0.0095765
0.03;0.59;0.0102824
0.03;0.6;0.0109021
0.03;0.61;0.0114415
0.03;0.62;0.0118965
0.03;0.63;0.0122757
0.03;0.64;0.0125842
0.03;0.65;0.0128289
0.03;0.66;0.0130068
0.03;0.67;0.0131188
0.03;0.68;0.01318
0.03;0.69;0.0131868
0.03;0.7;0.013144
0.03;0.71;0.0130559
0.03;0.72;0.0129223
0.03;0.73;0.0127445
0.03;0.74;0.0125282
0.03;0.75;0.0122775
0.03;0.76;0.0119924
0.03;0.77;0.0116808
0.03;0.78;0.0113354
0.03;0.79;0.0109649
0.03;0.8;0.0105703
0.03;0.81;0.0101531
0.03;0.82;0.00971552
0.03;0.83;0.00925986
0.03;0.84;0.00878691
0.03;0.85;0.00829844
0.03;0.86;0.00779548
0.03;0.87;0.00728107
0.03;0.88;0.00675405
0.03;0.89;0.00621676
0.03;0.9;0.00567186
0.03;0.91;0.00511961
0.03;0.92;0.00456107
0.03;0.93;0.00399779
0.03;0.94;0.00342917
0.03;0.95;0.00285762
0.03;0.96;0.00228283
0.03;0.97;0.00170581
0.03;0.98;0.00112847
0.03;0.99;0.000551009
0.04;-1;7.23167e-34
0.04;-0.99;0.000531329
0.04;-0.98;0.00111035
0.04;-0.97;0.00168845
0.04;-0.96;0.00226515
0.04;-0.95;0.00284075
0.04;-0.94;0.00341382
0.04;-0.93;0.00398293
0.04;-0.92;0.00454742
0.04;-0.91;0.00510718
0.04;-0.9;0.0056613
0.04;-0.89;0.0062075
0.04;-0.88;0.00674491
0.04;-0.87;0.00727338
0.04;-0.86;0.00779003
0.04;-0.85;0.00829482
0.04;-0.84;0.00878433
0.04;-0.83;0.00925896
0.04;-0.82;0.00971687
0.04;-0.81;0.0101565
0.04;-0.8;0.010575
0.04;-0.79;0.0109713
0.04;-0.78;0.0113438
0.04;-0.77;0.0116903
0.04;-0.76;0.0120078
0.04;-0.75;0.0122941
0.04;-0.74;0.0125475
0.04;-0.73;0.0127658
0.04;-0.72;0.0129461
0.04;-0.71;0.0130838
0.04;-0.7;0.0131763
0.04;-0.69;0.0132214
0.04;-0.68;0.0132176
0.04;-0.67;0.0131622
0.04;-0.66;0.0130505
0.04;-0.65;0.0128781
0.04;-0.64;0.0126371
0.04;-0.63;0.0123307
0.04;-0.62;0.0119569
0.04;-0.61;0.0115076
0.04;-0.6;0.0109718
0.04;-0.59;0.0103569
0.04;-0.58;0.00965535
0.04;-0.57;0.0088528
0.04;-0.56;0.00796139
0.04;-0.55;0.00696523
0.04;-0.54;0.0058574
0.04;-0.53;0.00464206
0.04;-0.52;0.0033047
0.04;-0.51;0.00184933
0.04;-0.5;0.000263434
0.04;-0.49;1.0351e-33
0.04;-0.48;1.03693e-33
0.04;-0.47;1.03602e-33
0.04;-0.46;1.03648e-33
0.04;-0.45;1.03734e-33
0.04;-0.44;1.06582e-33
0.04;-0.43;1.03861e-33
0.04;-0.42;1.03924e-33
0.04;-0.41;1.09616e-33
0.04;-0.4;1.0405e-33
0.04;-0.39;1.04196e-33
0.04;-0.38;1.04261e-33
0.04;-0.37;1.14709e-33
0.04;-0.36;1.15657e-33
0.04;-0.35;1.18253e-33
0.04;-0.34;1.0465e-33
0.04;-0.33;1.04727e-33
0.04;-0.32;1.04804e-33
0.04;-0.31;1.25342e-33
0.04;-0.3;1.0517e-33
0.04;-0.29;1.05481e-33
0.04;-0.28;1.05593e-33
0.04;-0.27;1.31907e-33
0.04;-0.26;1.35724e-33
0.04;-0.25;1.06282e-33
0.04;-0.24;1.06453e-33
0.04;-0.23;1.07017e-33
0.04;-0.22;1.07213e-33
0.04;-0.21;1.48127e-33
0.04;-0.2;1.08497e-33
0.04;-0.19;1.08659e-33
0.04;-0.18;1.09465e-33
0.04;-0.17;1.10945e-33
0.04;-0.16;1.11274e-33
0.04;-0.15;1.12958e-33
0.04;-0.14;1.13415e-33
0.04;-0.13;1.15507e-33
0.04;-0.12;1.18013e-33
0.04;-0.11;1.20468e-33
0.04;-0.1;1.24822e-33
0.04;-0.09;1.28476e-33
0.04;-0.08;1.85627e-33
0.04;-0.07;1.88514e-33
0.04;-0.06;1.91896e-33
0.04;-0.05;1.88557e-33
0.04;-0.04;2.068e-33
0.04;-0.03;2.1928e-33
0.04;-0.02;2.227e-33
0.04;-0.01;2.26217e-33
0.04;0;2.30275e-33
0.04;0.01;2.26007e-33
0.04;0.02;2.83566e-33
0.04;0.03;2.6407e-33
0.04;0.04;2.14445e-33
0.04;0.05;2.19635e-33
0.04;0.06;1.65934e-33
0.04;0.07;1.47153e-33
0.04;0.08;1.33744e-33
0.04;0.09;1.82753e-33
0.04;0.1;1.16058e-33
0.04;0.11;1.76397e-33
0.04;0.12;1.73905e-33
0.04;0.13;1.15838e-33
0.04;0.14;1.68396e-33
0.04;0.15;1.12003e-33
0.04;0.16;1.60412e-33
0.04;0.17;1.10344e-33
0.04;0.18;1.09561e-33
0.04;0.19;1.08844e-33
0.04;0.2;1.50417e-33
0.04;0.21;1.07811e-33
0.04;0.22;1.07679e-33
0.04;0.23;1.07167e-33
0.04;0.24;1.39932e-33
0.04;0.25;1.0648e-33
0.04;0.26;1.3565e-33
0.04;0.27;1.05871e-33
0.04;0.28;1.05676e-33
0.04;0.29;1.28565e-33
0.04;0.3;1.27004e-33
0.04;0.31;1.05065e-33
0.04;0.32;1.04838e-33
0.04;0.33;1.04765e-33
0.04;0.34;1.04692e-33
0.04;0.35;1.18089e-33
0.04;0.36;1.16058e-33
0.04;0.37;1.04256e-33
0.04;0.38;1.04145e-33
0.04;0.39;1.04034e-33
0.04;0.4;1.03923e-33
0.04;0.41;1.09683e-33
0.04;0.42;1.08952e-33
0.04;0.43;1.03757e-33
0.04;0.44;1.03723e-33
0.04;0.45;1.03688e-33
0.04;0.46;1.03666e-33
0.04;0.47;1.04548e-33
0.04;0.48;1.03666e-33
0.04;0.49;1.03486e-33
0.04;0.5;0.000263405
0.04;0.51;0.00185007
0.04;0.52;0.00330489
0.04;0.53;0.00464045
0.04;0.54;0.0058551
0.04;0.55;0.00696207
0.04;0.56;0.00796086
0.04;0.57;0.00885377
0.04;0.58;0.00965637
0.04;0.59;0.0103562
0.04;0.6;0.0109711
0.04;0.61;0.0115078
0.04;0.62;0.0119569
0.04;0.63;0.0123301
0.04;0.64;0.0126375
0.04;0.65;0.0128782
0.04;0.66;0.0130502
0.04;0.67;0.0131608
0.04;0.68;0.0132176
0.04;0.69;0.0132217
0.04;0.7;0.013176
0.04;0.71;0.0130837
0.04;0.72;0.0129468
0.04;0.73;0.012765
0.04;0.74;0.0125479
0.04;0.75;0.012294
0.04;0.76;0.0120072
0.04;0.77;0.0116899
0.04;0.78;0.0113448
0.04;0.79;0.010973
0.04;0.8;0.0105752
0.04;0.81;0.0101559
0.04;0.82;0.00971728
0.04;0.83;0.00925878
0.04;0.84;0.0087835
0.04;0.85;0.00829421
0.04;0.86;0.0077908
0.04;0.87;0.00727395
0.04;0.88;0.00674527
0.04;0.89;0.00620714
0.04;0.9;0.00566138
0.04;0.91;0.00510795
0.04;0.92;0.00454773
0.04;0.93;0.00398299
0.04;0.94;0.00341389
0.04;0.95;0.00284096
0.04;0.96;0.00226543
0.04;0.97;0.00168777
0.04;0.98;0.00111028
0.04;0.99;0.000531539
0.05;-1;7.2435e-34
0.05;-0.99;0.000506824
0.05;-0.98;0.00108613
0.05;-0.97;0.00166515
0.05;-0.96;0.00224288
0.05;-0.95;0.00281999
0.05;-0.94;0.0033939
0.05;-0.93;0.00396476
0.05;-0.92;0.00453047
0.05;-0.91;0.00509153
0.05;-0.9;0.00564714
0.05;-0.89;0.00619492
0.05;-0.88;0.00673431
0.05;-0.87;0.00726391
0.05;-0.86;0.00778245
0.05;-0.85;0.00828888
0.05;-0.84;0.00878064
0.05;-0.83;0.00925876
0.05;-0.82;0.00971891
0.05;-0.81;0.0101601
0.05;-0.8;0.0105813
0.05;-0.79;0.010982
0.05;-0.78;0.0113558
0.05;-0.77;0.0117048
0.05;-0.76;0.0120251
0.05;-0.75;0.0123146
0.05;-0.74;0.012574
0.05;-0.73;0.0127932
0.05;-0.72;0.0129774
0.05;-0.71;0.0131212
0.05;-0.7;0.0132174
0.05;-0.69;0.0132665
0.05;-0.68;0.0132717
0.05;-0.67;0.0132141
0.05;-0.66;0.0131064
0.05;-0.65;0.0129417
0.05;-0.64;0.0127071
0.05;-0.63;0.0124039
0.05;-0.62;0.0120324
0.05;-0.61;0.01159
0.05;-0.6;0.0110608
0.05;-0.59;0.0104504
0.05;-0.58;0.00975841
0.05;-0.57;0.00896199
0.05;-0.56;0.00807503
0.05;-0.55;0.00708409
0.05;-0.54;0.00598429
0.05;-0.53;0.00477795
0.05;-0.52;0.00344659
0.05;-0.51;0.00199858
0.05;-0.5;0.000411013
0.05;-0.49;1.04152e-33
0.05;-0.48;1.04217e-33
0.05;-0.47;1.04904e-33
0.05;-0.46;1.05406e-33
0.05;-0.45;1.04411e-33
0.05;-0.44;1.07313e-33
0.05;-0.43;1.08715e-33
0.05;-0.42;1.04676e-33
0.05;-0.41;1.1053e-33
0.05;-0.4;1.0483e-33
0.05;-0.39;1.05016e-33
0.05;-0.38;1.14709e-33
0.05;-0.37;1.15657e-33
0.05;-0.36;1.05467e-33
0.05;-0.35;1.05579e-33
0.05;-0.34;1.20724e-33
0.05;-0.33;1.22205e-33
0.05;-0.32;1.06165e-33
0.05;-0.31;1.06592e-33
0.05;-0.3;1.28732e-33
0.05;-0.29;1.06985e-33
0.05;-0.28;1.07533e-33
0.05;-0.27;1.07785e-33
0.05;-0.26;1.08345e-33
0.05;-0.25;1.39804e-33
0.05;-0.24;1.0867e-33
0.05;-0.23;1.09392e-33
0.05;-0.22;1.1019e-33
0.05;-0.21;1.50436e-33
0.05;-0.2;1.11348e-33
0.05;-0.19;1.12865e-33
0.05;-0.18;1.58032e-33
0.05;-0.17;1.15272e-33
0.05;-0.16;1.62702e-33
0.05;-0.15;1.18089e-33
0.05;-0.14;1.71165e-33
0.05;-0.13;1.22174e-33
0.05;-0.12;1.25339e-33
0.05;-0.11;1.30023e-33
0.05;-0.1;1.35373e-33
0.05;-0.09;1.44978e-33
0.05;-0.08;1.56179e-33
0.05;-0.07;1.91896e-33
0.05;-0.06;1.89035e-33
0.05;-0.05;2.068e-33
0.05;-0.04;2.1928e-33
0.05;-0.03;2.9042e-33
0.05;-0.02;2.26217e-33
0.05;-0.01;2.29646e-33
0.05;0;3.84543e-33
0.05;0.01;3.57665e-33
0.05;0.02;2.26007e-33
0.05;0.03;2.85823e-33
0.05;0.04;1.9549e-33
0.05;0.05;2.06763e-33
0.05;0.06;2.19635e-33
0.05;0.07;1.71218e-33
0.05;0.08;1.88841e-33
0.05;0.09;1.50383e-33
0.05;0.1;1.35315e-33
0.05;0.11;1.30043e-33
0.05;0.12;1.76397e-33
0.05;0.13;1.73905e-33
0.05;0.14;1.16058e-33
0.05;0.15;1.16058e-33
0.05;0.16;1.62711e-33
0.05;0.17;1.60412e-33
0.05;0.18;1.5806e-33
0.05;0.19;1.55328e-33
0.05;0.2;1.52834e-33
0.05;0.21;1.10478e-33
0.05;0.22;1.10195e-33
0.05;0.23;1.09502e-33
0.05;0.24;1.41806e-33
0.05;0.25;1.08556e-33
0.05;0.26;1.37416e-33
0.05;0.27;1.07735e-33
0.05;0.28;1.32132e-33
0.05;0.29;1.30303e-33
0.05;0.3;1.0692e-33
0.05;0.31;1.27004e-33
0.05;0.32;1.06396e-33
0.05;0.33;1.06041e-33
0.05;0.34;1.05846e-33
0.05;0.35;1.05651e-33
0.05;0.36;1.05456e-33
0.05;0.37;1.052e-33
0.05;0.38;1.05112e-33
0.05;0.39;1.13422e-33
0.05;0.4;1.04862e-33
0.05;0.41;1.0479e-33
0.05;0.42;1.09683e-33
0.05;0.43;1.08952e-33
0.05;0.44;1.04572e-33
0.05;0.45;1.04403e-33
0.05;0.46;1.04292e-33
0.05;0.47;1.04181e-33
0.05;0.48;1.04548e-33
0.05;0.49;-4.40501e-20
0.05;0.5;0.000409983
0.05;0.51;0.00199646
0.05;0.52;0.00344143
0.05;0.53;0.00477801
0.05;0.54;0.00598232
0.05;0.55;0.00708259
0.05;0.56;0.00807292
0.05;0.57;0.00896058
0.05;0.58;0.00975685
0.05;0.59;0.0104509
0.05;0.6;0.0110625
0.05;0.61;0.0115914
0.05;0.62;0.0120336
0.05;0.63;0.0124041
0.05;0.64;0.0127063
0.05;0.65;0.0129403
0.05;0.66;0.0131067
0.05;0.67;0.0132142
0.05;0.68;0.0132668
0.05;0.69;0.0132667
0.05;0.7;0.013217
0.05;0.71;0.0131207
0.05;0.72;0.0129768
0.05;0.73;0.0127933
0.05;0.74;0.0125723
0.05;0.75;0.0123155
0.05;0.76;0.0120249
0.05;0.77;0.011704
0.05;0.78;0.0113564
0.05;0.79;0.0109815
0.05;0.8;0.0105817
0.05;0.81;0.0101598
0.05;0.82;0.00971895
0.05;0.83;0.00925814
0.05;0.84;0.00878145
0.05;0.85;0.00828952
0.05;0.86;0.00778184
0.05;0.87;0.00726432
0.05;0.88;0.0067345
0.05;0.89;0.00619458
0.05;0.9;0.00564714
0.05;0.91;0.00509113
0.05;0.92;0.0045309
0.05;0.93;0.00396419
0.05;0.94;0.00339373
0.05;0.95;0.00282004
0.05;0.96;0.00224303
0.05;0.97;0.00166481
0.05;0.98;0.00108613
0.05;0.99;0.000506912
0.06;-1;7.25853e-34
0.06;-0.99;0.000474875
0.06;-0.98;0.00105602
0.06;-0.97;0.00163665
0.06;-0.96;0.00221634
0.06;-0.95;0.00279451
0.06;-0.94;0.00336987
0.06;-0.93;0.00394189
0.06;-0.92;0.0045095
0.06;-0.91;0.0050722
0.06;-0.9;0.00562962
0.06;-0.89;0.00617952
0.06;-0.88;0.00672008
0.06;-0.87;0.00725268
0.06;-0.86;0.00777285
0.06;-0.85;0.00828189
0.06;-0.84;0.00877624
0.06;-0.83;0.00925653
0.06;-0.82;0.0097204
0.06;-0.81;0.0101657
0.06;-0.8;0.0105889
0.06;-0.79;0.0109917
0.06;-0.78;0.0113701
0.06;-0.77;0.0117223
0.06;-0.76;0.0120461
0.06;-0.75;0.0123405
0.06;-0.74;0.012602
0.06;-0.73;0.0128273
0.06;-0.72;0.0130153
0.06;-0.71;0.0131631
0.06;-0.7;0.013267
0.06;-0.69;0.0133212
0.06;-0.68;0.0133262
0.06;-0.67;0.0132778
0.06;-0.66;0.0131745
0.06;-0.65;0.013014
0.06;-0.64;0.0127886
0.06;-0.63;0.0124932
0.06;-0.62;0.0121275
0.06;-0.61;0.0116909
0.06;-0.6;0.0111706
0.06;-0.59;0.0105637
0.06;-0.58;0.00987525
0.06;-0.57;0.00909126
0.06;-0.56;0.00821058
0.06;-0.55;0.00723238
0.06;-0.54;0.00613414
0.06;-0.53;0.00493444
0.06;-0.52;0.00361068
0.06;-0.51;0.00217199
0.06;-0.5;0.000594596
0.06;-0.49;5.86978e-20
0.06;-0.48;1.04856e-33
0.06;-0.47;1.05406e-33
0.06;-0.46;1.05072e-33
0.06;-0.45;1.07313e-33
0.06;-0.44;1.05282e-33
0.06;-0.43;1.05452e-33
0.06;-0.42;1.05564e-33
0.06;-0.41;1.05676e-33
0.06;-0.4;1.05788e-33
0.06;-0.39;1.06047e-33
0.06;-0.38;1.06218e-33
0.06;-0.37;1.0639e-33
0.06;-0.36;1.19485e-33
0.06;-0.35;1.06953e-33
0.06;-0.34;1.07388e-33
0.06;-0.33;1.25342e-33
0.06;-0.32;1.07893e-33
0.06;-0.31;1.28732e-33
0.06;-0.3;1.3025e-33
0.06;-0.29;1.09024e-33
0.06;-0.28;1.35724e-33
0.06;-0.27;1.10023e-33
0.06;-0.26;1.39804e-33
0.06;-0.25;1.41765e-33
0.06;-0.24;1.11422e-33
0.06;-0.23;1.12772e-33
0.06;-0.22;1.50436e-33
0.06;-0.21;1.52774e-33
0.06;-0.2;1.55376e-33
0.06;-0.19;1.58032e-33
0.06;-0.18;1.18165e-33
0.06;-0.17;1.62702e-33
0.06;-0.16;1.21996e-33
0.06;-0.15;1.24954e-33
0.06;-0.14;1.28249e-33
0.06;-0.13;1.7676e-33
0.06;-0.12;1.79681e-33
0.06;-0.11;1.39804e-33
0.06;-0.1;1.39804e-33
0.06;-0.09;1.55365e-33
0.06;-0.08;1.91896e-33
0.06;-0.07;1.82219e-33
0.06;-0.06;2.068e-33
0.06;-0.05;2.1928e-33
0.06;-0.04;2.91276e-33
0.06;-0.03;2.26217e-33
0.06;-0.02;2.29646e-33
0.06;-0.01;3.77265e-33
0.06;0;3.84554e-33
0.06;0.01;3.77264e-33
0.06;0.02;2.30275e-33
0.06;0.03;2.26007e-33
0.06;0.04;2.225e-33
0.06;0.05;1.9549e-33
0.06;0.06;1.98613e-33
0.06;0.07;1.9549e-33
0.06;0.08;1.67958e-33
0.06;0.09;1.55317e-33
0.06;0.1;1.85554e-33
0.06;0.11;1.39932e-33
0.06;0.12;1.79895e-33
0.06;0.13;1.31694e-33
0.06;0.14;1.73905e-33
0.06;0.15;1.26105e-33
0.06;0.16;1.21959e-33
0.06;0.17;1.20152e-33
0.06;0.18;1.16058e-33
0.06;0.19;1.5806e-33
0.06;0.2;1.15767e-33
0.06;0.21;1.52834e-33
0.06;0.22;1.13173e-33
0.06;0.23;1.47981e-33
0.06;0.24;1.43661e-33
0.06;0.25;1.41806e-33
0.06;0.26;1.10725e-33
0.06;0.27;1.10046e-33
0.06;0.28;1.3565e-33
0.06;0.29;1.09203e-33
0.06;0.3;1.08577e-33
0.06;0.31;1.28565e-33
0.06;0.32;1.27004e-33
0.06;0.33;1.07659e-33
0.06;0.34;1.22197e-33
0.06;0.35;1.2051e-33
0.06;0.36;1.1939e-33
0.06;0.37;1.18089e-33
0.06;0.38;1.16058e-33
0.06;0.39;1.06311e-33
0.06;0.4;1.06016e-33
0.06;0.41;1.12085e-33
0.06;0.42;1.10498e-33
0.06;0.43;1.05431e-33
0.06;0.44;1.05247e-33
0.06;0.45;1.07488e-33
0.06;0.46;1.06697e-33
0.06;0.47;1.04984e-33
0.06;0.48;1.04887e-33
0.06;0.49;1.04814e-33
0.06;0.5;0.00059666
0.06;0.51;0.00217119
0.06;0.52;0.00361116
0.06;0.53;0.0049346
0.06;0.54;0.00613581
0.06;0.55;0.00723092
0.06;0.56;0.00820845
0.06;0.57;0.00909209
0.06;0.58;0.00987672
0.06;0.59;0.0105637
0.06;0.6;0.0111701
0.06;0.61;0.0116895
0.06;0.62;0.0121284
0.06;0.63;0.0124941
0.06;0.64;0.0127902
0.06;0.65;0.0130148
0.06;0.66;0.0131756
0.06;0.67;0.0132781
0.06;0.68;0.0133252
0.06;0.69;0.0133207
0.06;0.7;0.0132672
0.06;0.71;0.0131632
0.06;0.72;0.0130144
0.06;0.73;0.012828
0.06;0.74;0.0126029
0.06;0.75;0.0123412
0.06;0.76;0.0120463
0.06;0.77;0.0117228
0.06;0.78;0.0113701
0.06;0.79;0.0109913
0.06;0.8;0.010589
0.06;0.81;0.0101649
0.06;0.82;0.00972037
0.06;0.83;0.00925654
0.06;0.84;0.00877741
0.06;0.85;0.00828139
0.06;0.86;0.00777298
0.06;0.87;0.00725233
0.06;0.88;0.00672099
0.06;0.89;0.00617969
0.06;0.9;0.00562999
0.06;0.91;0.0050723
0.06;0.92;0.00450956
0.06;0.93;0.00394149
0.06;0.94;0.00336971
0.06;0.95;0.00279451
0.06;0.96;0.0022163
0.06;0.97;0.0016364
0.06;0.98;0.00105611
0.06;0.99;0.000475048
0.07;-1;7.27945e-34
0.07;-0.99;0.000437396
0.07;-0.98;0.00101941
0.07;-0.97;0.00160211
0.07;-0.96;0.00218348
0.07;-0.95;0.00276302
0.07;-0.94;0.00334007
0.07;-0.93;0.00391462
0.07;-0.92;0.00448456
0.07;-0.91;0.00504893
0.07;-0.9;0.00560818
0.07;-0.89;0.00616105
0.07;-0.88;0.00670395
0.07;-0.87;0.00723818
0.07;-0.86;0.00776129
0.07;-0.85;0.00827393
0.07;-0.84;0.00877143
0.07;-0.83;0.00925434
0.07;-0.82;0.00972086
0.07;-0.81;0.0101691
0.07;-0.8;0.0105972
0.07;-0.79;0.0110039
0.07;-0.78;0.0113872
0.07;-0.77;0.011744
0.07;-0.76;0.0120724
0.07;-0.75;0.0123714
0.07;-0.74;0.0126372
0.07;-0.73;0.0128662
0.07;-0.72;0.0130596
0.07;-0.71;0.0132108
0.07;-0.7;0.013323
0.07;-0.69;0.0133846
0.07;-0.68;0.0133949
0.07;-0.67;0.0133544
0.07;-0.66;0.0132574
0.07;-0.65;0.0131032
0.07;-0.64;0.0128859
0.07;-0.63;0.0125981
0.07;-0.62;0.0122388
0.07;-0.61;0.0118084
0.07;-0.6;0.0113015
0.07;-0.59;0.010703
0.07;-0.58;0.0100193
0.07;-0.57;0.00925034
0.07;-0.56;0.00836989
0.07;-0.55;0.00739858
0.07;-0.54;0.00631809
0.07;-0.53;0.00512073
0.07;-0.52;0.00381299
0.07;-0.51;0.00237593
0.07;-0.5;0.000813165
0.07;-0.49;1.0555e-33
0.07;-0.48;1.05662e-33
0.07;-0.47;1.05774e-33
0.07;-0.46;1.0593e-33
0.07;-0.45;1.06101e-33
0.07;-0.44;1.09616e-33
0.07;-0.43;1.06443e-33
0.07;-0.42;1.12313e-33
0.07;-0.41;1.13438e-33
0.07;-0.4;1.07118e-33
0.07;-0.39;1.15657e-33
0.07;-0.38;1.07748e-33
0.07;-0.37;1.08001e-33
0.07;-0.36;1.08368e-33
0.07;-0.35;1.22205e-33
0.07;-0.34;1.08952e-33
0.07;-0.33;1.27012e-33
0.07;-0.32;1.28732e-33
0.07;-0.31;1.10173e-33
0.07;-0.3;1.10836e-33
0.07;-0.29;1.35724e-33
0.07;-0.28;1.11868e-33
0.07;-0.27;1.12679e-33
0.07;-0.26;1.41765e-33
0.07;-0.25;1.14802e-33
0.07;-0.24;1.48127e-33
0.07;-0.23;1.15644e-33
0.07;-0.22;1.52774e-33
0.07;-0.21;1.18241e-33
0.07;-0.2;1.58032e-33
0.07;-0.19;1.21818e-33
0.07;-0.18;1.62702e-33
0.07;-0.17;1.68778e-33
0.07;-0.16;1.71165e-33
0.07;-0.15;1.31761e-33
0.07;-0.14;1.35606e-33
0.07;-0.13;1.39804e-33
0.07;-0.12;1.39804e-33
0.07;-0.11;1.54482e-33
0.07;-0.1;1.88514e-33
0.07;-0.09;1.91896e-33
0.07;-0.08;1.94996e-33
0.07;-0.07;2.068e-33
0.07;-0.06;2.1928e-33
0.07;-0.05;2.91276e-33
0.07;-0.04;2.89756e-33
0.07;-0.03;2.29646e-33
0.07;-0.02;3.57987e-33
0.07;-0.01;2.37298e-33
0.07;0;3.84565e-33
0.07;0.01;3.7984e-33
0.07;0.02;3.56083e-33
0.07;0.03;2.30275e-33
0.07;0.04;2.26007e-33
0.07;0.05;2.225e-33
0.07;0.06;2.19635e-33
0.07;0.07;2.06763e-33
0.07;0.08;1.95527e-33
0.07;0.09;1.92324e-33
0.07;0.1;1.88841e-33
0.07;0.11;1.5447e-33
0.07;0.12;1.39932e-33
0.07;0.13;1.39932e-33
0.07;0.14;1.35538e-33
0.07;0.15;1.31972e-33
0.07;0.16;1.28504e-33
0.07;0.17;1.26554e-33
0.07;0.18;1.24697e-33
0.07;0.19;1.21757e-33
0.07;0.2;1.20089e-33
0.07;0.21;1.55328e-33
0.07;0.22;1.52834e-33
0.07;0.23;1.50417e-33
0.07;0.24;1.47981e-33
0.07;0.25;1.43661e-33
0.07;0.26;1.13663e-33
0.07;0.27;1.1252e-33
0.07;0.28;1.11729e-33
0.07;0.29;1.3565e-33
0.07;0.3;1.10798e-33
0.07;0.31;1.1018e-33
0.07;0.32;1.09897e-33
0.07;0.33;1.09384e-33
0.07;0.34;1.09144e-33
0.07;0.35;1.08599e-33
0.07;0.36;1.08289e-33
0.07;0.37;1.1939e-33
0.07;0.38;1.07716e-33
0.07;0.39;1.07584e-33
0.07;0.4;1.07276e-33
0.07;0.41;1.13422e-33
0.07;0.42;1.06851e-33
0.07;0.43;1.06596e-33
0.07;0.44;1.09683e-33
0.07;0.45;1.08952e-33
0.07;0.46;1.06227e-33
0.07;0.47;1.05991e-33
0.07;0.48;1.05796e-33
0.07;0.49;1.05601e-33
0.07;0.5;0.000813407
0.07;0.51;0.00237673
0.07;0.52;0.00381415
0.07;0.53;0.00512249
0.07;0.54;0.00631545
0.07;0.55;0.00739849
0.07;0.56;0.0083712
0.07;0.57;0.00924902
0.07;0.58;0.0100172
0.07;0.59;0.0107013
0.07;0.6;0.0113018
0.07;0.61;0.0118078
0.07;0.62;0.0122392
0.07;0.63;0.0125989
0.07;0.64;0.0128862
0.07;0.65;0.0131027
0.07;0.66;0.0132574
0.07;0.67;0.0133549
0.07;0.68;0.0133952
0.07;0.69;0.013385
0.07;0.7;0.0133224
0.07;0.71;0.0132126
0.07;0.72;0.0130587
0.07;0.73;0.0128685
0.07;0.74;0.0126365
0.07;0.75;0.0123718
0.07;0.76;0.0120743
0.07;0.77;0.0117444
0.07;0.78;0.011387
0.07;0.79;0.0110037
0.07;0.8;0.0105973
0.07;0.81;0.0101692
0.07;0.82;0.00972124
0.07;0.83;0.00925422
0.07;0.84;0.00877139
0.07;0.85;0.00827283
0.07;0.86;0.00776196
0.07;0.87;0.00723783
0.07;0.88;0.00670439
0.07;0.89;0.00616158
0.07;0.9;0.00560858
0.07;0.91;0.00504932
0.07;0.92;0.00448388
0.07;0.93;0.00391369
0.07;0.94;0.00333982
0.07;0.95;0.00276305
0.07;0.96;0.00218337
0.07;0.97;0.00160191
0.07;0.98;0.00102048
0.07;0.99;0.000437494
0.08;-1;7.30432e-34
0.08;-0.99;0.000394424
0.08;-0.98;0.000978036
0.08;-0.97;0.00156193
0.08;-0.96;0.00214529
0.08;-0.95;0.00272664
0.08;-0.94;0.00330542
0.08;-0.93;0.00388239
0.08;-0.92;0.00445519
0.08;-0.91;0.00502268
0.08;-0.9;0.0055844
0.08;-0.89;0.00613877
0.08;-0.88;0.00668461
0.08;-0.87;0.00722131
0.08;-0.86;0.00774763
0.08;-0.85;0.00826279
0.08;-0.84;0.0087648
0.08;-0.83;0.00925219
0.08;-0.82;0.00972261
0.08;-0.81;0.0101752
0.08;-0.8;0.0106079
0.08;-0.79;0.0110184
0.08;-0.78;0.0114054
0.08;-0.77;0.0117688
0.08;-0.76;0.012102
0.08;-0.75;0.0124048
0.08;-0.74;0.0126759
0.08;-0.73;0.0129127
0.08;-0.72;0.0131111
0.08;-0.71;0.0132699
0.08;-0.7;0.013385
0.08;-0.69;0.0134577
0.08;-0.68;0.0134768
0.08;-0.67;0.0134428
0.08;-0.66;0.0133522
0.08;-0.65;0.0132033
0.08;-0.64;0.0129947
0.08;-0.63;0.0127217
0.08;-0.62;0.0123695
0.08;-0.61;0.0119457
0.08;-0.6;0.0114455
0.08;-0.59;0.0108624
0.08;-0.58;0.0101845
0.08;-0.57;0.00942292
0.08;-0.56;0.00856339
0.08;-0.55;0.00759509
0.08;-0.54;0.00652929
0.08;-0.53;0.00533875
0.08;-0.52;0.00404416
0.08;-0.51;0.00261566
0.08;-0.5;0.00107079
0.08;-0.49;1.06497e-33
0.08;-0.48;1.06693e-33
0.08;-0.47;1.0689e-33
0.08;-0.46;1.07086e-33
0.08;-0.45;1.07351e-33
0.08;-0.44;1.07604e-33
0.08;-0.43;1.07856e-33
0.08;-0.42;1.08108e-33
0.08;-0.41;1.08379e-33
0.08;-0.4;1.08541e-33
0.08;-0.39;1.18253e-33
0.08;-0.38;1.09174e-33
0.08;-0.37;1.09689e-33
0.08;-0.36;1.22205e-33
0.08;-0.35;1.1058e-33
0.08;-0.34;1.27012e-33
0.08;-0.33;1.28732e-33
0.08;-0.32;1.11868e-33
0.08;-0.31;1.31907e-33
0.08;-0.3;1.35724e-33
0.08;-0.29;1.14012e-33
0.08;-0.28;1.14988e-33
0.08;-0.27;1.15921e-33
0.08;-0.26;1.1662e-33
0.08;-0.25;1.48127e-33
0.08;-0.24;1.50436e-33
0.08;-0.23;1.52774e-33
0.08;-0.22;1.21641e-33
0.08;-0.21;1.58032e-33
0.08;-0.2;1.25085e-33
0.08;-0.19;1.28023e-33
0.08;-0.18;1.29958e-33
0.08;-0.17;1.71165e-33
0.08;-0.16;1.73875e-33
0.08;-0.15;1.7676e-33
0.08;-0.14;1.39804e-33
0.08;-0.13;1.82671e-33
0.08;-0.12;1.59414e-33
0.08;-0.11;1.65322e-33
0.08;-0.1;1.76199e-33
0.08;-0.09;1.95288e-33
0.08;-0.08;2.068e-33
0.08;-0.07;4.61948e-20
0.08;-0.06;2.50081e-33
0.08;-0.05;2.91276e-33
0.08;-0.04;3.09951e-33
0.08;-0.03;3.38292e-33
0.08;-0.02;3.65639e-33
0.08;-0.01;3.81052e-33
0.08;0;3.85155e-33
0.08;0.01;3.8104e-33
0.08;0.02;2.3703e-33
0.08;0.03;3.50259e-33
0.08;0.04;2.30275e-33
0.08;0.05;2.67277e-33
0.08;0.06;2.50122e-33
0.08;0.07;2.19585e-33
0.08;0.08;2.19635e-33
0.08;0.09;1.95792e-33
0.08;0.1;1.92324e-33
0.08;0.11;1.65393e-33
0.08;0.12;1.85554e-33
0.08;0.13;1.5024e-33
0.08;0.14;1.39932e-33
0.08;0.15;1.39932e-33
0.08;0.16;1.35649e-33
0.08;0.17;1.70811e-33
0.08;0.18;1.29969e-33
0.08;0.19;1.27922e-33
0.08;0.2;1.60412e-33
0.08;0.21;1.23438e-33
0.08;0.22;1.55328e-33
0.08;0.23;1.20025e-33
0.08;0.24;1.18808e-33
0.08;0.25;1.47981e-33
0.08;0.26;1.43661e-33
0.08;0.27;1.15696e-33
0.08;0.28;1.15081e-33
0.08;0.29;1.13988e-33
0.08;0.3;1.13455e-33
0.08;0.31;1.12409e-33
0.08;0.32;1.11729e-33
0.08;0.33;1.11455e-33
0.08;0.34;1.1087e-33
0.08;0.35;1.10314e-33
0.08;0.36;1.10031e-33
0.08;0.37;1.09749e-33
0.08;0.38;1.09325e-33
0.08;0.39;1.18089e-33
0.08;0.4;1.0862e-33
0.08;0.41;1.14675e-33
0.08;0.42;1.13422e-33
0.08;0.43;1.07772e-33
0.08;0.44;1.0764e-33
0.08;0.45;1.07508e-33
0.08;0.46;1.07242e-33
0.08;0.47;1.07488e-33
0.08;0.48;1.06817e-33
0.08;0.49;1.06635e-33
0.08;0.5;0.00107276
0.08;0.51;0.00261802
0.08;0.52;0.00404473
0.08;0.53;0.00533974
0.08;0.54;0.00652965
0.08;0.55;0.0075944
0.08;0.56;0.00855847
0.08;0.57;0.00942267
0.08;0.58;0.0101834
0.08;0.59;0.0108612
0.08;0.6;0.0114461
0.08;0.61;0.0119485
0.08;0.62;0.0123672
0.08;0.63;0.0127164
0.08;0.64;0.0129939
0.08;0.65;0.0132036
0.08;0.66;0.0133523
0.08;0.67;0.0134429
0.08;0.68;0.0134757
0.08;0.69;0.0134558
0.08;0.7;0.0133856
0.08;0.71;0.0132693
0.08;0.72;0.0131116
0.08;0.73;0.0129125
0.08;0.74;0.0126764
0.08;0.75;0.012405
0.08;0.76;0.0121017
0.08;0.77;0.0117683
0.08;0.78;0.0114064
0.08;0.79;0.01102
0.08;0.8;0.0106079
0.08;0.81;0.010175
0.08;0.82;0.00972239
0.08;0.83;0.00925214
0.08;0.84;0.00876605
0.08;0.85;0.00826358
0.08;0.86;0.00774904
0.08;0.87;0.00722158
0.08;0.88;0.00668492
0.08;0.89;0.00613897
0.08;0.9;0.00558496
0.08;0.91;0.00502252
0.08;0.92;0.00445411
0.08;0.93;0.00388169
0.08;0.94;0.00330653
0.08;0.95;0.0027264
0.08;0.96;0.00214539
0.08;0.97;0.00156235
0.08;0.98;0.000978073
0.08;0.99;0.000394277
0.09;-1;7.33181e-34
0.09;-0.99;0.000347217
0.09;-0.98;0.000932552
0.09;-0.97;0.00151731
0.09;-0.96;0.00210206
0.09;-0.95;0.00268507
0.09;-0.94;0.00326758
0.09;-0.93;0.00384481
0.09;-0.92;0.00442077
0.09;-0.91;0.00499137
0.09;-0.9;0.00555613
0.09;-0.89;0.0061132
0.09;-0.88;0.00666257
0.09;-0.87;0.00720278
0.09;-0.86;0.00773371
0.09;-0.85;0.00825124
0.09;-0.84;0.00875804
0.09;-0.83;0.00924911
0.09;-0.82;0.00972436
0.09;-0.81;0.0101814
0.09;-0.8;0.0106193
0.09;-0.79;0.0110343
0.09;-0.78;0.0114274
0.09;-0.77;0.0117942
0.09;-0.76;0.0121354
0.09;-0.75;0.012444
0.09;-0.74;0.0127211
0.09;-0.73;0.0129633
0.09;-0.72;0.0131691
0.09;-0.71;0.013335
0.09;-0.7;0.0134563
0.09;-0.69;0.0135359
0.09;-0.68;0.0135666
0.09;-0.67;0.0135401
0.09;-0.66;0.013459
0.09;-0.65;0.01332
0.09;-0.64;0.0131181
0.09;-0.63;0.0128528
0.09;-0.62;0.0125144
0.09;-0.61;0.0121001
0.09;-0.6;0.011613
0.09;-0.59;0.0110396
0.09;-0.58;0.0103761
0.09;-0.57;0.00961931
0.09;-0.56;0.0087767
0.09;-0.55;0.00781732
0.09;-0.54;0.0067609
0.09;-0.53;0.00559004
0.09;-0.52;0.00430284
0.09;-0.51;0.00289008
0.09;-0.5;0.00135332
0.09;-0.49;1.07711e-33
0.09;-0.48;1.07964e-33
0.09;-0.47;1.08228e-33
0.09;-0.46;1.09616e-33
0.09;-0.45;1.08553e-33
0.09;-0.44;1.08806e-33
0.09;-0.43;1.09101e-33
0.09;-0.42;1.09396e-33
0.09;-0.41;1.09839e-33
0.09;-0.4;1.10156e-33
0.09;-0.39;1.10654e-33
0.09;-0.38;1.10984e-33
0.09;-0.37;1.22205e-33
0.09;-0.36;1.11867e-33
0.09;-0.35;1.12492e-33
0.09;-0.34;1.28732e-33
0.09;-0.33;1.13802e-33
0.09;-0.32;1.14753e-33
0.09;-0.31;1.15174e-33
0.09;-0.3;1.16122e-33
0.09;-0.29;1.1682e-33
0.09;-0.28;1.17868e-33
0.09;-0.27;1.43589e-33
0.09;-0.26;1.20117e-33
0.09;-0.25;1.21463e-33
0.09;-0.24;1.52774e-33
0.09;-0.23;1.55376e-33
0.09;-0.22;1.58032e-33
0.09;-0.21;1.28438e-33
0.09;-0.2;1.31187e-33
0.09;-0.19;1.33456e-33
0.09;-0.18;1.36983e-33
0.09;-0.17;1.39759e-33
0.09;-0.16;1.39804e-33
0.09;-0.15;1.4969e-33
0.09;-0.14;1.82671e-33
0.09;-0.13;1.85627e-33
0.09;-0.12;1.88514e-33
0.09;-0.11;1.79108e-33
0.09;-0.1;1.9558e-33
0.09;-0.09;2.068e-33
0.09;-0.08;2.18904e-33
0.09;-0.07;2.4877e-33
0.09;-0.06;2.71585e-33
0.09;-0.05;2.84179e-33
0.09;-0.04;2.33405e-33
0.09;-0.03;3.47163e-33
0.09;-0.02;2.4104e-33
0.09;-0.01;3.82002e-33
0.09;0;3.85187e-33
0.09;0.01;3.82197e-33
0.09;0.02;3.64655e-33
0.09;0.03;3.50259e-33
0.09;0.04;2.33644e-33
0.09;0.05;2.93585e-33
0.09;0.06;2.71728e-33
0.09;0.07;2.48559e-33
0.09;0.08;2.19222e-33
0.09;0.09;2.19635e-33
0.09;0.1;1.96058e-33
0.09;0.11;1.92324e-33
0.09;0.12;1.70117e-33
0.09;0.13;1.62062e-33
0.09;0.14;1.54882e-33
0.09;0.15;1.79895e-33
0.09;0.16;1.76397e-33
0.09;0.17;1.3988e-33
0.09;0.18;1.36814e-33
0.09;0.19;1.33513e-33
0.09;0.2;1.31337e-33
0.09;0.21;1.60412e-33
0.09;0.22;1.26517e-33
0.09;0.23;1.55328e-33
0.09;0.24;1.23967e-33
0.09;0.25;1.21352e-33
0.09;0.26;1.19962e-33
0.09;0.27;1.18817e-33
0.09;0.28;1.17705e-33
0.09;0.29;1.1718e-33
0.09;0.3;1.37416e-33
0.09;0.31;1.15353e-33
0.09;0.32;1.14739e-33
0.09;0.33;1.30303e-33
0.09;0.34;1.28565e-33
0.09;0.35;1.12298e-33
0.09;0.36;1.11728e-33
0.09;0.37;1.11455e-33
0.09;0.38;1.10942e-33
0.09;0.39;1.10619e-33
0.09;0.4;1.18089e-33
0.09;0.41;1.16058e-33
0.09;0.42;1.09505e-33
0.09;0.43;1.09266e-33
0.09;0.44;1.09026e-33
0.09;0.45;1.10498e-33
0.09;0.46;1.08332e-33
0.09;0.47;1.08022e-33
0.09;0.48;1.07829e-33
0.09;0.49;1.07697e-33
0.09;0.5;0.00135434
0.09;0.51;0.00289178
0.09;0.52;0.00430056
0.09;0.53;0.00559163
0.09;0.54;0.00676192
0.09;0.55;0.00781789
0.09;0.56;0.00877494
0.09;0.57;0.00961961
0.09;0.58;0.0103733
0.09;0.59;0.011038
0.09;0.6;0.0116092
0.09;0.61;0.012101
0.09;0.62;0.0125165
0.09;0.63;0.0128537
0.09;0.64;0.0131185
0.09;0.65;0.0133194
0.09;0.66;0.0134578
0.09;0.67;0.013541
0.09;0.68;0.0135623
0.09;0.69;0.01353
0.09;0.7;0.0134582
0.09;0.71;0.0133344
0.09;0.72;0.0131697
0.09;0.73;0.0129642
0.09;0.74;0.0127205
0.09;0.75;0.0124442
0.09;0.76;0.0121343
0.09;0.77;0.0117945
0.09;0.78;0.0114273
0.09;0.79;0.0110349
0.09;0.8;0.0106189
0.09;0.81;0.010181
0.09;0.82;0.0097237
0.09;0.83;0.00924905
0.09;0.84;0.00875841
0.09;0.85;0.00825163
0.09;0.86;0.00773271
0.09;0.87;0.0072029
0.09;0.88;0.00666255
0.09;0.89;0.00611297
0.09;0.9;0.00555564
0.09;0.91;0.00499139
0.09;0.92;0.00442043
0.09;0.93;0.00384617
0.09;0.94;0.00326756
0.09;0.95;0.00268559
0.09;0.96;0.00210198
0.09;0.97;0.0015174
0.09;0.98;0.000931533
0.09;0.99;0.000347168
0.1;-1;7.36252e-34
0.1;-0.99;0.000292639
0.1;-0.98;0.000879779
0.1;-0.97;0.00146664
0.1;-0.96;0.00205353
0.1;-0.95;0.00263816
0.1;-0.94;0.0032239
0.1;-0.93;0.00380358
0.1;-0.92;0.00438209
0.1;-0.91;0.00495535
0.1;-0.9;0.00552388
0.1;-0.89;0.00608419
0.1;-0.88;0.00663709
0.1;-0.87;0.00718061
0.1;-0.86;0.00771632
0.1;-0.85;0.00823777
0.1;-0.84;0.00874757
0.1;-0.83;0.00924425
0.1;-0.82;0.00972519
0.1;-0.81;0.0101873
0.1;-0.8;0.0106305
0.1;-0.79;0.0110529
0.1;-0.78;0.0114518
0.1;-0.77;0.0118244
0.1;-0.76;0.0121701
0.1;-0.75;0.0124874
0.1;-0.74;0.0127719
0.1;-0.73;0.0130199
0.1;-0.72;0.0132336
0.1;-0.71;0.0134102
0.1;-0.7;0.0135373
0.1;-0.69;0.0136233
0.1;-0.68;0.013662
0.1;-0.67;0.0136478
0.1;-0.66;0.0135795
0.1;-0.65;0.0134478
0.1;-0.64;0.0132561
0.1;-0.63;0.013
0.1;-0.62;0.0126754
0.1;-0.61;0.0122737
0.1;-0.6;0.0117939
0.1;-0.59;0.0112331
0.1;-0.58;0.0105863
0.1;-0.57;0.00984205
0.1;-0.56;0.00900839
0.1;-0.55;0.00806711
0.1;-0.54;0.00702247
0.1;-0.53;0.00587168
0.1;-0.52;0.00459126
0.1;-0.51;0.00319969
0.1;-0.5;0.00167348
0.1;-0.49;1.74645e-05
0.1;-0.48;1.09028e-33
0.1;-0.47;1.09323e-33
0.1;-0.46;1.09672e-33
0.1;-0.45;1.12313e-33
0.1;-0.44;1.13438e-33
0.1;-0.43;1.10728e-33
0.1;-0.42;1.11058e-33
0.1;-0.41;1.11526e-33
0.1;-0.4;1.19485e-33
0.1;-0.39;1.12399e-33
0.1;-0.38;1.22205e-33
0.1;-0.37;1.13592e-33
0.1;-0.36;1.14132e-33
0.1;-0.35;1.14939e-33
0.1;-0.34;1.1536e-33
0.1;-0.33;1.16322e-33
0.1;-0.32;1.1742e-33
0.1;-0.31;1.17944e-33
0.1;-0.3;1.39804e-33
0.1;-0.29;1.41765e-33
0.1;-0.28;1.21286e-33
0.1;-0.27;1.22743e-33
0.1;-0.26;1.24314e-33
0.1;-0.25;1.52774e-33
0.1;-0.24;1.27797e-33
0.1;-0.23;1.29595e-33
0.1;-0.22;1.31438e-33
0.1;-0.21;1.33665e-33
0.1;-0.2;1.68778e-33
0.1;-0.19;1.71165e-33
0.1;-0.18;1.73875e-33
0.1;-0.17;1.7676e-33
0.1;-0.16;1.54028e-33
0.1;-0.15;1.59463e-33
0.1;-0.14;1.85627e-33
0.1;-0.13;1.88514e-33
0.1;-0.12;1.8191e-33
0.1;-0.11;1.95873e-33
0.1;-0.1;2.068e-33
0.1;-0.09;-6.1593e-20
0.1;-0.08;2.227e-33
0.1;-0.07;2.60629e-33
0.1;-0.06;2.29646e-33
0.1;-0.05;2.33405e-33
0.1;-0.04;2.37298e-33
0.1;-0.03;3.50583e-33
0.1;-0.02;2.44805e-33
0.1;-0.01;3.8221e-33
0.1;0;3.8522e-33
0.1;0.01;3.83205e-33
0.1;0.02;2.44424e-33
0.1;0.03;2.41162e-33
0.1;0.04;3.50259e-33
0.1;0.05;2.33644e-33
0.1;0.06;2.80882e-33
0.1;0.07;2.58056e-33
0.1;0.08;2.3889e-33
0.1;0.09;2.18858e-33
0.1;0.1;1.9549e-33
0.1;0.11;1.96324e-33
0.1;0.12;1.92324e-33
0.1;0.13;1.88841e-33
0.1;0.14;1.65033e-33
0.1;0.15;1.59484e-33
0.1;0.16;1.54035e-33
0.1;0.17;1.47647e-33
0.1;0.18;1.73905e-33
0.1;0.19;1.70811e-33
0.1;0.2;1.68396e-33
0.1;0.21;1.33699e-33
0.1;0.22;1.31615e-33
0.1;0.23;1.29553e-33
0.1;0.24;1.55328e-33
0.1;0.25;1.52834e-33
0.1;0.26;1.24456e-33
0.1;0.27;1.22797e-33
0.1;0.28;1.2115e-33
0.1;0.29;1.19898e-33
0.1;0.3;1.18825e-33
0.1;0.31;1.37416e-33
0.1;0.32;1.17256e-33
0.1;0.33;1.16058e-33
0.1;0.34;1.15624e-33
0.1;0.35;1.28565e-33
0.1;0.36;1.27004e-33
0.1;0.37;1.13573e-33
0.1;0.38;1.1273e-33
0.1;0.39;1.12188e-33
0.1;0.4;1.11728e-33
0.1;0.41;1.18089e-33
0.1;0.42;1.11014e-33
0.1;0.43;1.14675e-33
0.1;0.44;1.10299e-33
0.1;0.45;1.10016e-33
0.1;0.46;1.09734e-33
0.1;0.47;1.09683e-33
0.1;0.48;6.12074e-20
0.1;0.49;1.73634e-05
0.1;0.5;0.00167088
0.1;0.51;0.00320135
0.1;0.52;0.00459151
0.1;0.53;0.00587422
0.1;0.54;0.00702251
0.1;0.55;0.00807178
0.1;0.56;0.00900835
0.1;0.57;0.00984113
0.1;0.58;0.0105861
0.1;0.59;0.0112335
0.1;0.6;0.0117915
0.1;0.61;0.0122731
0.1;0.62;0.0126767
0.1;0.63;0.0130027
0.1;0.64;0.013257
0.1;0.65;0.0134482
0.1;0.66;0.0135791
0.1;0.67;0.0136481
0.1;0.68;0.0136614
0.1;0.69;0.0136231
0.1;0.7;0.0135379
0.1;0.71;0.0134073
0.1;0.72;0.0132334
0.1;0.73;0.0130198
0.1;0.74;0.0127708
0.1;0.75;0.0124878
0.1;0.76;0.012171
0.1;0.77;0.0118242
0.1;0.78;0.011452
0.1;0.79;0.0110525
0.1;0.8;0.0106301
0.1;0.81;0.0101871
0.1;0.82;0.00972496
0.1;0.83;0.00924448
0.1;0.84;0.00874961
0.1;0.85;0.00823798
0.1;0.86;0.00771534
0.1;0.87;0.00718189
0.1;0.88;0.00663654
0.1;0.89;0.00608342
0.1;0.9;0.0055234
0.1;0.91;0.00495609
0.1;0.92;0.00438203
0.1;0.93;0.00380486
0.1;0.94;0.00322205
0.1;0.95;0.0026393
0.1;0.96;0.00205317
0.1;0.97;0.00146629
0.1;0.98;0.000879781
0.1;0.99;0.000292672
0.11;-1;7.39815e-34
0.11;-0.99;0.000231158
0.11;-0.98;0.000820648
0.11;-0.97;0.00141053
0.11;-0.96;0.00199946
0.11;-0.95;0.00258675
0.11;-0.94;0.0031749
0.11;-0.93;0.00375786
0.11;-0.92;0.00433901
0.11;-0.91;0.00491558
0.11;-0.9;0.00548623
0.11;-0.89;0.00605158
0.11;-0.88;0.00660816
0.11;-0.87;0.00715698
0.11;-0.86;0.00769549
0.11;-0.85;0.00822413
0.11;-0.84;0.00873765
0.11;-0.83;0.0092391
0.11;-0.82;0.00972489
0.11;-0.81;0.0101933
0.11;-0.8;0.010642
0.11;-0.79;0.0110692
0.11;-0.78;0.0114752
0.11;-0.77;0.0118558
0.11;-0.76;0.0122089
0.11;-0.75;0.0125335
0.11;-0.74;0.0128267
0.11;-0.73;0.0130824
0.11;-0.72;0.0133028
0.11;-0.71;0.0134865
0.11;-0.7;0.0136266
0.11;-0.69;0.0137214
0.11;-0.68;0.0137667
0.11;-0.67;0.0137643
0.11;-0.66;0.0137077
0.11;-0.65;0.0135903
0.11;-0.64;0.013406
0.11;-0.63;0.0131615
0.11;-0.62;0.0128492
0.11;-0.61;0.0124654
0.11;-0.6;0.0120003
0.11;-0.59;0.0114505
0.11;-0.58;0.0108164
0.11;-0.57;0.0100911
0.11;-0.56;0.00926485
0.11;-0.55;0.00834509
0.11;-0.54;0.00731316
0.11;-0.53;0.00617637
0.11;-0.52;0.00491736
0.11;-0.51;0.00353327
0.11;-0.5;0.00203046
0.11;-0.49;0.000385358
0.11;-0.48;1.10457e-33
0.11;-0.47;1.10802e-33
0.11;-0.46;1.11131e-33
0.11;-0.45;1.13438e-33
0.11;-0.44;1.11867e-33
0.11;-0.43;1.12208e-33
0.11;-0.42;1.12762e-33
0.11;-0.41;1.19485e-33
0.11;-0.4;1.13921e-33
0.11;-0.39;1.22205e-33
0.11;-0.38;1.25342e-33
0.11;-0.37;1.15825e-33
0.11;-0.36;1.16523e-33
0.11;-0.35;1.17496e-33
0.11;-0.34;1.1802e-33
0.11;-0.33;1.18958e-33
0.11;-0.32;1.19977e-33
0.11;-0.31;1.21108e-33
0.11;-0.3;1.41765e-33
0.11;-0.29;1.23928e-33
0.11;-0.28;1.48127e-33
0.11;-0.27;1.26456e-33
0.11;-0.26;1.28212e-33
0.11;-0.25;1.29893e-33
0.11;-0.24;1.32571e-33
0.11;-0.23;1.34789e-33
0.11;-0.22;1.3705e-33
0.11;-0.21;1.68778e-33
0.11;-0.2;1.39804e-33
0.11;-0.19;1.47291e-33
0.11;-0.18;1.50404e-33
0.11;-0.17;1.55342e-33
0.11;-0.16;1.82671e-33
0.11;-0.15;1.6984e-33
0.11;-0.14;1.88514e-33
0.11;-0.13;1.82586e-33
0.11;-0.12;1.93966e-33
0.11;-0.11;2.068e-33
0.11;-0.1;2.18243e-33
0.11;-0.09;2.227e-33
0.11;-0.08;2.56569e-33
0.11;-0.07;2.29646e-33
0.11;-0.06;2.33405e-33
0.11;-0.05;2.37298e-33
0.11;-0.04;3.3849e-33
0.11;-0.03;3.57989e-33
0.11;-0.02;3.73539e-33
0.11;-0.01;3.82419e-33
0.11;0;3.85845e-33
0.11;0.01;3.83294e-33
0.11;0.02;2.48466e-33
0.11;0.03;2.44424e-33
0.11;0.04;3.50259e-33
0.11;0.05;2.3703e-33
0.11;0.06;2.33644e-33
0.11;0.07;2.30275e-33
0.11;0.08;2.56723e-33
0.11;0.09;2.37841e-33
0.11;0.1;2.18494e-33
0.11;0.11;1.9549e-33
0.11;0.12;1.9659e-33
0.11;0.13;1.92324e-33
0.11;0.14;1.88841e-33
0.11;0.15;1.67891e-33
0.11;0.16;1.61944e-33
0.11;0.17;1.55295e-33
0.11;0.18;1.50383e-33
0.11;0.19;1.73905e-33
0.11;0.2;1.39932e-33
0.11;0.21;1.68396e-33
0.11;0.22;1.62711e-33
0.11;0.23;1.34759e-33
0.11;0.24;1.32724e-33
0.11;0.25;1.55328e-33
0.11;0.26;1.28093e-33
0.11;0.27;1.27135e-33
0.11;0.28;1.24946e-33
0.11;0.29;1.24091e-33
0.11;0.3;1.22476e-33
0.11;0.31;1.39932e-33
0.11;0.32;1.19835e-33
0.11;0.33;1.3565e-33
0.11;0.34;1.17857e-33
0.11;0.35;1.17332e-33
0.11;0.36;1.28565e-33
0.11;0.37;1.15896e-33
0.11;0.38;1.2543e-33
0.11;0.39;1.22197e-33
0.11;0.4;1.2051e-33
0.11;0.41;1.13161e-33
0.11;0.42;1.12619e-33
0.11;0.43;1.16058e-33
0.11;0.44;1.11728e-33
0.11;0.45;1.11454e-33
0.11;0.46;1.12085e-33
0.11;0.47;1.10764e-33
0.11;0.48;1.10433e-33
0.11;0.49;0.000382418
0.11;0.5;0.0020299
0.11;0.51;0.00353373
0.11;0.52;0.00491867
0.11;0.53;0.00617252
0.11;0.54;0.00731257
0.11;0.55;0.00834583
0.11;0.56;0.0092668
0.11;0.57;0.0100906
0.11;0.58;0.0108157
0.11;0.59;0.0114471
0.11;0.6;0.011998
0.11;0.61;0.0124655
0.11;0.62;0.0128496
0.11;0.63;0.013164
0.11;0.64;0.0134094
0.11;0.65;0.01359
0.11;0.66;0.013708
0.11;0.67;0.013763
0.11;0.68;0.0137675
0.11;0.69;0.0137211
0.11;0.7;0.0136254
0.11;0.71;0.0134861
0.11;0.72;0.0133044
0.11;0.73;0.0130831
0.11;0.74;0.012826
0.11;0.75;0.0125323
0.11;0.76;0.0122052
0.11;0.77;0.0118554
0.11;0.78;0.0114749
0.11;0.79;0.01107
0.11;0.8;0.0106423
0.11;0.81;0.0101934
0.11;0.82;0.00972515
0.11;0.83;0.00923931
0.11;0.84;0.00873738
0.11;0.85;0.00822268
0.11;0.86;0.00769557
0.11;0.87;0.00715678
0.11;0.88;0.00660791
0.11;0.89;0.00605104
0.11;0.9;0.00548697
0.11;0.91;0.00491522
0.11;0.92;0.00433914
0.11;0.93;0.00375778
0.11;0.94;0.00317334
0.11;0.95;0.00258668
0.11;0.96;0.00199898
0.11;0.97;0.00141011
0.11;0.98;0.000820341
0.11;0.99;0.000231034
0.12;-1;7.43217e-34
0.12;-0.99;0.000162294
0.12;-0.98;0.000754506
0.12;-0.97;0.00134781
0.12;-0.96;0.00193941
0.12;-0.95;0.00253042
0.12;-0.94;0.00312026
0.12;-0.93;0.00370774
0.12;-0.92;0.00429095
0.12;-0.91;0.00487096
0.12;-0.9;0.00544458
0.12;-0.89;0.00601473
0.12;-0.88;0.00657575
0.12;-0.87;0.00712823
0.12;-0.86;0.0076721
0.12;-0.85;0.00820628
0.12;-0.84;0.00872639
0.12;-0.83;0.00923245
0.12;-0.82;0.0097223
0.12;-0.81;0.0101966
0.12;-0.8;0.0106523
0.12;-0.79;0.0110865
0.12;-0.78;0.0114983
0.12;-0.77;0.0118866
0.12;-0.76;0.0122479
0.12;-0.75;0.0125793
0.12;-0.74;0.0128799
0.12;-0.73;0.013149
0.12;-0.72;0.0133818
0.12;-0.71;0.0135724
0.12;-0.7;0.013722
0.12;-0.69;0.0138276
0.12;-0.68;0.0138836
0.12;-0.67;0.0138894
0.12;-0.66;0.0138469
0.12;-0.65;0.013741
0.12;-0.64;0.0135713
0.12;-0.63;0.0133433
0.12;-0.62;0.0130386
0.12;-0.61;0.0126676
0.12;-0.6;0.0122163
0.12;-0.59;0.0116858
0.12;-0.58;0.0110651
0.12;-0.57;0.010361
0.12;-0.56;0.00955077
0.12;-0.55;0.00864555
0.12;-0.54;0.00763845
0.12;-0.53;0.00650866
0.12;-0.52;0.00527033
0.12;-0.51;0.00390841
0.12;-0.5;0.00241819
0.12;-0.49;0.000791277
0.12;-0.48;1.11866e-33
0.12;-0.47;1.12313e-33
0.12;-0.46;1.13438e-33
0.12;-0.45;1.13125e-33
0.12;-0.44;1.13711e-33
0.12;-0.43;1.14251e-33
0.12;-0.42;1.1489e-33
0.12;-0.41;1.20724e-33
0.12;-0.4;1.16025e-33
0.12;-0.39;1.25342e-33
0.12;-0.38;1.17572e-33
0.12;-0.37;1.18096e-33
0.12;-0.36;1.3025e-33
0.12;-0.35;1.31907e-33
0.12;-0.34;1.20931e-33
0.12;-0.33;1.21729e-33
0.12;-0.32;1.23044e-33
0.12;-0.31;1.24445e-33
0.12;-0.3;1.25939e-33
0.12;-0.29;1.27571e-33
0.12;-0.28;1.50436e-33
0.12;-0.27;1.30864e-33
0.12;-0.26;1.3278e-33
0.12;-0.25;1.35739e-33
0.12;-0.24;1.60397e-33
0.12;-0.23;1.39583e-33
0.12;-0.22;1.42893e-33
0.12;-0.21;1.45703e-33
0.12;-0.2;1.49826e-33
0.12;-0.19;1.54458e-33
0.12;-0.18;1.79681e-33
0.12;-0.17;1.64619e-33
0.12;-0.16;1.85627e-33
0.12;-0.15;1.88514e-33
0.12;-0.14;1.91896e-33
0.12;-0.13;1.94312e-33
0.12;-0.12;2.068e-33
0.12;-0.11;1.23186e-19
0.12;-0.1;2.34396e-33
0.12;-0.09;2.49807e-33
0.12;-0.08;2.29646e-33
0.12;-0.07;2.8718e-33
0.12;-0.06;2.37298e-33
0.12;-0.05;3.27334e-33
0.12;-0.04;2.44805e-33
0.12;-0.03;2.48692e-33
0.12;-0.02;2.52568e-33
0.12;-0.01;3.82627e-33
0.12;0;2.6396e-33
0.12;0.01;2.5983e-33
0.12;0.02;3.74086e-33
0.12;0.03;3.63557e-33
0.12;0.04;3.50259e-33
0.12;0.05;3.2819e-33
0.12;0.06;2.3703e-33
0.12;0.07;2.33644e-33
0.12;0.08;2.65516e-33
0.12;0.09;2.49795e-33
0.12;0.1;2.34506e-33
0.12;0.11;2.20562e-33
0.12;0.12;2.19635e-33
0.12;0.13;1.96856e-33
0.12;0.14;1.85073e-33
0.12;0.15;1.76294e-33
0.12;0.16;1.70288e-33
0.12;0.17;1.64674e-33
0.12;0.18;1.79895e-33
0.12;0.19;1.76397e-33
0.12;0.2;1.49773e-33
0.12;0.21;1.45858e-33
0.12;0.22;1.42954e-33
0.12;0.23;1.62711e-33
0.12;0.24;1.60412e-33
0.12;0.25;1.35664e-33
0.12;0.26;1.55328e-33
0.12;0.27;1.30981e-33
0.12;0.28;1.50417e-33
0.12;0.29;1.27511e-33
0.12;0.3;1.43661e-33
0.12;0.31;1.24581e-33
0.12;0.32;1.39932e-33
0.12;0.33;1.21655e-33
0.12;0.34;1.20746e-33
0.12;0.35;1.32132e-33
0.12;0.36;1.18842e-33
0.12;0.37;1.28565e-33
0.12;0.38;1.17408e-33
0.12;0.39;1.16726e-33
0.12;0.4;1.16058e-33
0.12;0.41;1.15553e-33
0.12;0.42;1.14939e-33
0.12;0.43;1.14224e-33
0.12;0.44;1.13691e-33
0.12;0.45;1.14675e-33
0.12;0.46;1.12508e-33
0.12;0.47;1.12001e-33
0.12;0.48;6.25659e-20
0.12;0.49;0.000789712
0.12;0.5;0.00241755
0.12;0.51;0.00390758
0.12;0.52;0.0052693
0.12;0.53;0.00650629
0.12;0.54;0.00763754
0.12;0.55;0.00864221
0.12;0.56;0.00955185
0.12;0.57;0.0103601
0.12;0.58;0.011064
0.12;0.59;0.011685
0.12;0.6;0.0122217
0.12;0.61;0.012667
0.12;0.62;0.0130396
0.12;0.63;0.0133426
0.12;0.64;0.0135769
0.12;0.65;0.0137432
0.12;0.66;0.0138453
0.12;0.67;0.0138903
0.12;0.68;0.013884
0.12;0.69;0.0138254
0.12;0.7;0.0137211
0.12;0.71;0.0135722
0.12;0.72;0.0133827
0.12;0.73;0.0131492
0.12;0.74;0.0128826
0.12;0.75;0.0125801
0.12;0.76;0.012247
0.12;0.77;0.0118854
0.12;0.78;0.0114989
0.12;0.79;0.0110876
0.12;0.8;0.0106518
0.12;0.81;0.0101974
0.12;0.82;0.00972346
0.12;0.83;0.00923224
0.12;0.84;0.00872535
0.12;0.85;0.00820538
0.12;0.86;0.00767281
0.12;0.87;0.00712905
0.12;0.88;0.00657507
0.12;0.89;0.00601471
0.12;0.9;0.00544588
0.12;0.91;0.00487001
0.12;0.92;0.00429116
0.12;0.93;0.00370724
0.12;0.94;0.00311976
0.12;0.95;0.00253045
0.12;0.96;0.0019393
0.12;0.97;0.00134759
0.12;0.98;0.00075452
0.12;0.99;0.000163251
0.13;-1;7.46868e-34
0.13;-0.99;8.84654e-05
0.13;-0.98;0.000682327
0.13;-0.97;0.00127676
0.13;-0.96;0.00187299
0.13;-0.95;0.00246591
0.13;-0.94;0.00305974
0.13;-0.93;0.00365141
0.13;-0.92;0.00423839
0.13;-0.91;0.00482206
0.13;-0.9;0.00539896
0.13;-0.89;0.00597365
0.13;-0.88;0.00653974
0.13;-0.87;0.00709771
0.13;-0.86;0.00764635
0.13;-0.85;0.00818536
0.13;-0.84;0.00871067
0.13;-0.83;0.00922294
0.13;-0.82;0.00971886
0.13;-0.81;0.0101998
0.13;-0.8;0.0106631
0.13;-0.79;0.0111055
0.13;-0.78;0.011523
0.13;-0.77;0.0119178
0.13;-0.76;0.0122882
0.13;-0.75;0.0126302
0.13;-0.74;0.0129387
0.13;-0.73;0.0132129
0.13;-0.72;0.0134579
0.13;-0.71;0.013661
0.13;-0.7;0.0138242
0.13;-0.69;0.0139411
0.13;-0.68;0.0140097
0.13;-0.67;0.0140272
0.13;-0.66;0.0139944
0.13;-0.65;0.0138991
0.13;-0.64;0.0137505
0.13;-0.63;0.0135348
0.13;-0.62;0.0132497
0.13;-0.61;0.0128892
0.13;-0.6;0.0124553
0.13;-0.59;0.0119459
0.13;-0.58;0.011337
0.13;-0.57;0.0106429
0.13;-0.56;0.00986002
0.13;-0.55;0.00897055
0.13;-0.54;0.00797496
0.13;-0.53;0.00687723
0.13;-0.52;0.00565239
0.13;-0.51;0.0043155
0.13;-0.5;0.00284195
0.13;-0.49;0.00123891
0.13;-0.48;1.13501e-33
0.13;-0.47;1.14041e-33
0.13;-0.46;1.14581e-33
0.13;-0.45;1.15657e-33
0.13;-0.44;1.15498e-33
0.13;-0.43;1.16226e-33
0.13;-0.42;1.20724e-33
0.13;-0.41;1.17647e-33
0.13;-0.4;1.18357e-33
0.13;-0.39;1.27012e-33
0.13;-0.38;1.28732e-33
0.13;-0.37;1.20753e-33
0.13;-0.36;1.21551e-33
0.13;-0.35;1.35724e-33
0.13;-0.34;1.24059e-33
0.13;-0.33;1.25423e-33
0.13;-0.32;1.26416e-33
0.13;-0.31;1.43589e-33
0.13;-0.3;1.29531e-33
0.13;-0.29;1.31115e-33
0.13;-0.28;1.32988e-33
0.13;-0.27;1.35773e-33
0.13;-0.26;1.37956e-33
0.13;-0.25;1.60397e-33
0.13;-0.24;1.42681e-33
0.13;-0.23;1.68778e-33
0.13;-0.22;1.49247e-33
0.13;-0.21;1.53575e-33
0.13;-0.2;1.57169e-33
0.13;-0.19;1.61815e-33
0.13;-0.18;1.67559e-33
0.13;-0.17;1.85627e-33
0.13;-0.16;1.7918e-33
0.13;-0.15;1.91896e-33
0.13;-0.14;1.94658e-33
0.13;-0.13;2.068e-33
0.13;-0.12;1.23186e-19
0.13;-0.11;2.33517e-33
0.13;-0.1;2.45883e-33
0.13;-0.09;2.60835e-33
0.13;-0.08;2.79822e-33
0.13;-0.07;2.93039e-33
0.13;-0.06;3.14488e-33
0.13;-0.05;3.34342e-33
0.13;-0.04;3.49845e-33
0.13;-0.03;3.65826e-33
0.13;-0.02;3.77085e-33
0.13;-0.01;2.63721e-33
0.13;0;3.85843e-33
0.13;0.01;3.83471e-33
0.13;0.02;3.77084e-33
0.13;0.03;3.64302e-33
0.13;0.04;3.50585e-33
0.13;0.05;2.44424e-33
0.13;0.06;2.41162e-33
0.13;0.07;2.95856e-33
0.13;0.08;2.79454e-33
0.13;0.09;2.58472e-33
0.13;0.1;2.45545e-33
0.13;0.11;2.33741e-33
0.13;0.12;2.20238e-33
0.13;0.13;2.08823e-33
0.13;0.14;1.97122e-33
0.13;0.15;1.87622e-33
0.13;0.16;1.81085e-33
0.13;0.17;1.72956e-33
0.13;0.18;1.67351e-33
0.13;0.19;1.79895e-33
0.13;0.2;1.76397e-33
0.13;0.21;1.53601e-33
0.13;0.22;1.49163e-33
0.13;0.23;1.46499e-33
0.13;0.24;1.42738e-33
0.13;0.25;1.60412e-33
0.13;0.26;1.5806e-33
0.13;0.27;1.35695e-33
0.13;0.28;1.33097e-33
0.13;0.29;1.31259e-33
0.13;0.3;1.47981e-33
0.13;0.31;1.27888e-33
0.13;0.32;1.26442e-33
0.13;0.33;1.39932e-33
0.13;0.34;1.24216e-33
0.13;0.35;1.22812e-33
0.13;0.36;1.32132e-33
0.13;0.37;1.30303e-33
0.13;0.38;1.19708e-33
0.13;0.39;1.18851e-33
0.13;0.4;1.18199e-33
0.13;0.41;1.17484e-33
0.13;0.42;1.16851e-33
0.13;0.43;1.16414e-33
0.13;0.44;1.15825e-33
0.13;0.45;1.15211e-33
0.13;0.46;1.14549e-33
0.13;0.47;1.14016e-33
0.13;0.48;1.13484e-33
0.13;0.49;0.00123812
0.13;0.5;0.00284008
0.13;0.51;0.00431467
0.13;0.52;0.00565284
0.13;0.53;0.00687739
0.13;0.54;0.00797651
0.13;0.55;0.00897037
0.13;0.56;0.00985923
0.13;0.57;0.0106432
0.13;0.58;0.0113358
0.13;0.59;0.0119442
0.13;0.6;0.0124532
0.13;0.61;0.0128885
0.13;0.62;0.0132491
0.13;0.63;0.0135378
0.13;0.64;0.0137516
0.13;0.65;0.0139024
0.13;0.66;0.0139933
0.13;0.67;0.0140281
0.13;0.68;0.0140099
0.13;0.69;0.0139363
0.13;0.7;0.0138258
0.13;0.71;0.0136607
0.13;0.72;0.0134597
0.13;0.73;0.0132162
0.13;0.74;0.0129389
0.13;0.75;0.0126285
0.13;0.76;0.0122871
0.13;0.77;0.0119187
0.13;0.78;0.0115227
0.13;0.79;0.0111028
0.13;0.8;0.0106609
0.13;0.81;0.0102013
0.13;0.82;0.00971878
0.13;0.83;0.0092211
0.13;0.84;0.00871028
0.13;0.85;0.00818496
0.13;0.86;0.00764691
0.13;0.87;0.00709792
0.13;0.88;0.00653901
0.13;0.89;0.00597424
0.13;0.9;0.00540067
0.13;0.91;0.00481993
0.13;0.92;0.0042379
0.13;0.93;0.00365135
0.13;0.94;0.00305989
0.13;0.95;0.00246645
0.13;0.96;0.00187335
0.13;0.97;0.00127845
0.13;0.98;0.000682759
0.13;0.99;8.91009e-05
0.14;-1;7.51193e-34
0.14;-0.99;8.38877e-06
0.14;-0.98;0.000605047
0.14;-0.97;0.00120264
0.14;-0.96;0.0018006
0.14;-0.95;0.00239654
0.14;-0.94;0.00299367
0.14;-0.93;0.00358811
0.14;-0.92;0.00417965
0.14;-0.91;0.00476749
0.14;-0.9;0.00535157
0.14;-0.89;0.00592852
0.14;-0.88;0.00649933
0.14;-0.87;0.0070622
0.14;-0.86;0.007618
0.14;-0.85;0.00815963
0.14;-0.84;0.00869132
0.14;-0.83;0.0092091
0.14;-0.82;0.00971463
0.14;-0.81;0.0102005
0.14;-0.8;0.0106699
0.14;-0.79;0.0111204
0.14;-0.78;0.0115484
0.14;-0.77;0.0119542
0.14;-0.76;0.0123311
0.14;-0.75;0.0126821
0.14;-0.74;0.0130016
0.14;-0.73;0.0132881
0.14;-0.72;0.0135409
0.14;-0.71;0.0137556
0.14;-0.7;0.0139319
0.14;-0.69;0.01406
0.14;-0.68;0.0141453
0.14;-0.67;0.0141779
0.14;-0.66;0.0141546
0.14;-0.65;0.0140762
0.14;-0.64;0.0139378
0.14;-0.63;0.0137367
0.14;-0.62;0.0134715
0.14;-0.61;0.0131284
0.14;-0.6;0.0127092
0.14;-0.59;0.0122159
0.14;-0.58;0.0116336
0.14;-0.57;0.0109536
0.14;-0.56;0.0101863
0.14;-0.55;0.00932658
0.14;-0.54;0.00834637
0.14;-0.53;0.00726579
0.14;-0.52;0.00606942
0.14;-0.51;0.00474845
0.14;-0.5;0.003305
0.14;-0.49;0.00171651
0.14;-0.48;1.75414e-06
0.14;-0.47;1.15728e-33
0.14;-0.46;1.16427e-33
0.14;-0.45;1.17199e-33
0.14;-0.44;1.17723e-33
0.14;-0.43;1.18248e-33
0.14;-0.42;1.18983e-33
0.14;-0.41;1.19766e-33
0.14;-0.4;1.20411e-33
0.14;-0.39;1.21374e-33
0.14;-0.38;1.22469e-33
0.14;-0.37;1.31907e-33
0.14;-0.36;1.24577e-33
0.14;-0.35;1.259e-33
0.14;-0.34;1.39804e-33
0.14;-0.33;1.28401e-33
0.14;-0.32;1.29829e-33
0.14;-0.31;1.31367e-33
0.14;-0.3;1.50436e-33
0.14;-0.29;1.35807e-33
0.14;-0.28;1.37897e-33
0.14;-0.27;1.39466e-33
0.14;-0.26;1.42469e-33
0.14;-0.25;1.4494e-33
0.14;-0.24;1.48669e-33
0.14;-0.23;1.71165e-33
0.14;-0.22;1.56149e-33
0.14;-0.21;1.60725e-33
0.14;-0.2;1.64268e-33
0.14;-0.19;1.7001e-33
0.14;-0.18;1.85627e-33
0.14;-0.17;1.81601e-33
0.14;-0.16;1.91896e-33
0.14;-0.15;1.97043e-33
0.14;-0.14;2.068e-33
0.14;-0.13;2.17252e-33
0.14;-0.12;2.227e-33
0.14;-0.11;2.42257e-33
0.14;-0.1;2.56989e-33
0.14;-0.09;2.72283e-33
0.14;-0.08;2.87791e-33
0.14;-0.07;3.059e-33
0.14;-0.06;3.19365e-33
0.14;-0.05;2.48692e-33
0.14;-0.04;3.51514e-33
0.14;-0.03;3.66586e-33
0.14;-0.02;3.77421e-33
0.14;-0.01;3.83917e-33
0.14;0;3.85843e-33
0.14;0.01;2.67702e-33
0.14;0.02;2.6396e-33
0.14;0.03;3.66593e-33
0.14;0.04;2.53088e-33
0.14;0.05;2.48466e-33
0.14;0.06;3.28184e-33
0.14;0.07;3.03482e-33
0.14;0.08;2.87864e-33
0.14;0.09;2.72368e-33
0.14;0.1;2.5714e-33
0.14;0.11;2.42217e-33
0.14;0.12;2.28313e-33
0.14;0.13;2.19914e-33
0.14;0.14;2.04863e-33
0.14;0.15;1.97388e-33
0.14;0.16;1.8818e-33
0.14;0.17;1.8173e-33
0.14;0.18;1.75269e-33
0.14;0.19;1.82753e-33
0.14;0.2;1.64314e-33
0.14;0.21;1.6074e-33
0.14;0.22;1.73905e-33
0.14;0.23;1.51641e-33
0.14;0.24;1.68396e-33
0.14;0.25;1.62711e-33
0.14;0.26;1.42522e-33
0.14;0.27;1.5806e-33
0.14;0.28;1.37722e-33
0.14;0.29;1.35726e-33
0.14;0.3;1.33869e-33
0.14;0.31;1.31536e-33
0.14;0.32;1.30347e-33
0.14;0.33;1.28265e-33
0.14;0.34;1.39932e-33
0.14;0.35;1.37416e-33
0.14;0.36;1.24705e-33
0.14;0.37;1.32132e-33
0.14;0.38;1.30303e-33
0.14;0.39;1.2125e-33
0.14;0.4;1.27004e-33
0.14;0.41;1.19644e-33
0.14;0.42;1.18859e-33
0.14;0.43;1.18084e-33
0.14;0.44;1.1756e-33
0.14;0.45;1.17036e-33
0.14;0.46;1.16539e-33
0.14;0.47;6.51877e-20
0.14;0.48;1.7605e-06
0.14;0.49;0.00171559
0.14;0.5;0.00330576
0.14;0.51;0.00474784
0.14;0.52;0.00606742
0.14;0.53;0.00726601
0.14;0.54;0.00834582
0.14;0.55;0.00932147
0.14;0.56;0.0101859
0.14;0.57;0.0109541
0.14;0.58;0.0116344
0.14;0.59;0.0122118
0.14;0.6;0.0127083
0.14;0.61;0.0131304
0.14;0.62;0.0134736
0.14;0.63;0.0137387
0.14;0.64;0.0139375
0.14;0.65;0.0140753
0.14;0.66;0.0141545
0.14;0.67;0.014175
0.14;0.68;0.0141446
0.14;0.69;0.0140597
0.14;0.7;0.0139302
0.14;0.71;0.0137558
0.14;0.72;0.013542
0.14;0.73;0.0132894
0.14;0.74;0.013004
0.14;0.75;0.0126832
0.14;0.76;0.012331
0.14;0.77;0.0119524
0.14;0.78;0.0115472
0.14;0.79;0.0111199
0.14;0.8;0.0106727
0.14;0.81;0.0102008
0.14;0.82;0.00971283
0.14;0.83;0.0092091
0.14;0.84;0.00869153
0.14;0.85;0.00816109
0.14;0.86;0.00761622
0.14;0.87;0.00706272
0.14;0.88;0.00649925
0.14;0.89;0.00592739
0.14;0.9;0.00534911
0.14;0.91;0.00476646
0.14;0.92;0.00417944
0.14;0.93;0.00358807
0.14;0.94;0.00299368
0.14;0.95;0.00239645
0.14;0.96;0.00179898
0.14;0.97;0.00120092
0.14;0.98;0.000605051
0.14;0.99;8.39169e-06
0.15;-1;7.56068e-34
0.15;-0.99;7.56778e-34
0.15;-0.98;0.00052011
0.15;-0.97;0.00112094
0.15;-0.96;0.00172011
0.15;-0.95;0.00232151
0.15;-0.94;0.00292156
0.15;-0.93;0.0035188
0.15;-0.92;0.00411568
0.15;-0.91;0.00470771
0.15;-0.9;0.00529557
0.15;-0.89;0.00587916
0.15;-0.88;0.0064548
0.15;-0.87;0.00702294
0.15;-0.86;0.00758265
0.15;-0.85;0.00813315
0.15;-0.84;0.00867057
0.15;-0.83;0.00919553
0.15;-0.82;0.00970753
0.15;-0.81;0.0102015
0.15;-0.8;0.0106785
0.15;-0.79;0.0111373
0.15;-0.78;0.0115738
0.15;-0.77;0.0119905
0.15;-0.76;0.0123779
0.15;-0.75;0.0127373
0.15;-0.74;0.0130669
0.15;-0.73;0.0133663
0.15;-0.72;0.0136302
0.15;-0.71;0.0138542
0.15;-0.7;0.0140425
0.15;-0.69;0.0141854
0.15;-0.68;0.0142819
0.15;-0.67;0.0143305
0.15;-0.66;0.0143275
0.15;-0.65;0.0142639
0.15;-0.64;0.0141383
0.15;-0.63;0.0139529
0.15;-0.62;0.0137031
0.15;-0.61;0.013383
0.15;-0.6;0.0129845
0.15;-0.59;0.0125024
0.15;-0.58;0.0119384
0.15;-0.57;0.0112901
0.15;-0.56;0.0105398
0.15;-0.55;0.0096943
0.15;-0.54;0.00874952
0.15;-0.53;0.00768447
0.15;-0.52;0.00651445
0.15;-0.51;0.00521725
0.15;-0.5;0.00379159
0.15;-0.49;0.00224068
0.15;-0.48;0.00053646
0.15;-0.47;1.17799e-33
0.15;-0.46;1.18373e-33
0.15;-0.45;1.18991e-33
0.15;-0.44;1.19696e-33
0.15;-0.43;1.22205e-33
0.15;-0.42;1.25342e-33
0.15;-0.41;1.21995e-33
0.15;-0.4;1.28732e-33
0.15;-0.39;1.24191e-33
0.15;-0.38;1.25383e-33
0.15;-0.37;1.26377e-33
0.15;-0.36;1.37633e-33
0.15;-0.35;1.29168e-33
0.15;-0.34;1.30541e-33
0.15;-0.33;1.32104e-33
0.15;-0.32;1.33972e-33
0.15;-0.31;1.50436e-33
0.15;-0.3;1.37838e-33
0.15;-0.29;1.39407e-33
0.15;-0.28;1.42256e-33
0.15;-0.27;1.60397e-33
0.15;-0.26;1.47226e-33
0.15;-0.25;1.5093e-33
0.15;-0.24;1.54005e-33
0.15;-0.23;1.57416e-33
0.15;-0.22;1.62792e-33
0.15;-0.21;1.6693e-33
0.15;-0.2;1.70817e-33
0.15;-0.19;1.85627e-33
0.15;-0.18;1.82277e-33
0.15;-0.17;1.92084e-33
0.15;-0.16;1.97335e-33
0.15;-0.15;2.068e-33
0.15;-0.14;2.16921e-33
0.15;-0.13;2.227e-33
0.15;-0.12;2.41195e-33
0.15;-0.11;2.29646e-33
0.15;-0.1;2.67833e-33
0.15;-0.09;2.37298e-33
0.15;-0.08;2.93532e-33
0.15;-0.07;3.13963e-33
0.15;-0.06;3.28144e-33
0.15;-0.05;3.42686e-33
0.15;-0.04;3.5799e-33
0.15;-0.03;3.7012e-33
0.15;-0.02;2.677e-33
0.15;-0.01;2.71568e-33
0.15;0;2.75387e-33
0.15;0.01;2.71712e-33
0.15;0.02;3.77756e-33
0.15;0.03;3.7007e-33
0.15;0.04;3.56543e-33
0.15;0.05;3.50259e-33
0.15;0.06;3.28923e-33
0.15;0.07;3.13337e-33
0.15;0.08;2.96123e-33
0.15;0.09;2.8061e-33
0.15;0.1;2.33644e-33
0.15;0.11;2.30275e-33
0.15;0.12;2.38788e-33
0.15;0.13;2.27589e-33
0.15;0.14;2.19635e-33
0.15;0.15;2.04966e-33
0.15;0.16;1.97653e-33
0.15;0.17;1.92519e-33
0.15;0.18;1.83872e-33
0.15;0.19;1.75972e-33
0.15;0.2;1.82753e-33
0.15;0.21;1.66811e-33
0.15;0.22;1.61709e-33
0.15;0.23;1.73905e-33
0.15;0.24;1.54013e-33
0.15;0.25;1.68396e-33
0.15;0.26;1.47209e-33
0.15;0.27;1.60412e-33
0.15;0.28;1.42306e-33
0.15;0.29;1.39472e-33
0.15;0.3;1.52834e-33
0.15;0.31;1.35758e-33
0.15;0.32;1.33981e-33
0.15;0.33;1.32308e-33
0.15;0.34;1.30624e-33
0.15;0.35;1.29064e-33
0.15;0.36;1.27683e-33
0.15;0.37;1.26405e-33
0.15;0.38;1.32132e-33
0.15;0.39;1.30303e-33
0.15;0.4;1.23147e-33
0.15;0.41;1.27004e-33
0.15;0.42;1.21048e-33
0.15;0.43;1.22197e-33
0.15;0.44;1.2051e-33
0.15;0.45;1.18868e-33
0.15;0.46;3.31738e-20
0.15;0.47;1.17636e-33
0.15;0.48;0.000535627
0.15;0.49;0.00223884
0.15;0.5;0.00379065
0.15;0.51;0.00521621
0.15;0.52;0.00651138
0.15;0.53;0.00768268
0.15;0.54;0.0087492
0.15;0.55;0.0096947
0.15;0.56;0.0105385
0.15;0.57;0.0112917
0.15;0.58;0.0119405
0.15;0.59;0.0125013
0.15;0.6;0.0129834
0.15;0.61;0.0133827
0.15;0.62;0.0137048
0.15;0.63;0.0139545
0.15;0.64;0.0141395
0.15;0.65;0.0142639
0.15;0.66;0.0143272
0.15;0.67;0.0143287
0.15;0.68;0.0142811
0.15;0.69;0.014184
0.15;0.7;0.0140402
0.15;0.71;0.0138558
0.15;0.72;0.01363
0.15;0.73;0.0133662
0.15;0.74;0.0130682
0.15;0.75;0.0127378
0.15;0.76;0.0123771
0.15;0.77;0.0119903
0.15;0.78;0.0115746
0.15;0.79;0.0111376
0.15;0.8;0.0106788
0.15;0.81;0.0102009
0.15;0.82;0.0097063
0.15;0.83;0.00919586
0.15;0.84;0.00867025
0.15;0.85;0.00813147
0.15;0.86;0.0075834
0.15;0.87;0.00702328
0.15;0.88;0.00645537
0.15;0.89;0.00587857
0.15;0.9;0.00529553
0.15;0.91;0.00470792
0.15;0.92;0.004116
0.15;0.93;0.00351924
0.15;0.94;0.00292173
0.15;0.95;0.00232157
0.15;0.96;0.00172261
0.15;0.97;0.00112012
0.15;0.98;0.00052029
0.15;0.99;7.57027e-34
0.16;-1;7.60859e-34
0.16;-0.99;7.61629e-34
0.16;-0.98;0.00042801
0.16;-0.97;0.00103224
0.16;-0.96;0.0016359
0.16;-0.95;0.00224008
0.16;-0.94;0.00284267
0.16;-0.93;0.00344696
0.16;-0.92;0.00404444
0.16;-0.91;0.004642
0.16;-0.9;0.00523604
0.16;-0.89;0.00582422
0.16;-0.88;0.00640538
0.16;-0.87;0.00697816
0.16;-0.86;0.00754349
0.16;-0.85;0.00810169
0.16;-0.84;0.00864675
0.16;-0.83;0.00917987
0.16;-0.82;0.00969898
0.16;-0.81;0.0102022
0.16;-0.8;0.0106879
0.16;-0.79;0.0111555
0.16;-0.78;0.0116017
0.16;-0.77;0.0120244
0.16;-0.76;0.012424
0.16;-0.75;0.0127954
0.16;-0.74;0.0131365
0.16;-0.73;0.0134481
0.16;-0.72;0.0137222
0.16;-0.71;0.013961
0.16;-0.7;0.014159
0.16;-0.69;0.0143155
0.16;-0.68;0.0144307
0.16;-0.67;0.0144894
0.16;-0.66;0.0145
0.16;-0.65;0.0144562
0.16;-0.64;0.0143534
0.16;-0.63;0.0141849
0.16;-0.62;0.0139497
0.16;-0.61;0.0136456
0.16;-0.6;0.0132696
0.16;-0.59;0.0128124
0.16;-0.58;0.0122677
0.16;-0.57;0.0116373
0.16;-0.56;0.0109164
0.16;-0.55;0.0100939
0.16;-0.54;0.00916611
0.16;-0.53;0.00813824
0.16;-0.52;0.00698537
0.16;-0.51;0.00571343
0.16;-0.5;0.00431754
0.16;-0.49;0.00278757
0.16;-0.48;0.0011239
0.16;-0.47;1.19626e-33
0.16;-0.46;1.2027e-33
0.16;-0.45;1.21019e-33
0.16;-0.44;1.21817e-33
0.16;-0.43;1.2277e-33
0.16;-0.42;1.23805e-33
0.16;-0.41;1.24708e-33
0.16;-0.4;1.2586e-33
0.16;-0.39;1.26854e-33
0.16;-0.38;1.28175e-33
0.16;-0.37;1.29466e-33
0.16;-0.36;1.39804e-33
0.16;-0.35;1.41765e-33
0.16;-0.34;1.34088e-33
0.16;-0.33;1.35874e-33
0.16;-0.32;1.3778e-33
0.16;-0.31;1.39349e-33
0.16;-0.3;1.42044e-33
0.16;-0.29;1.44177e-33
0.16;-0.28;1.60397e-33
0.16;-0.27;1.62702e-33
0.16;-0.26;1.53121e-33
0.16;-0.25;1.56396e-33
0.16;-0.24;1.73875e-33
0.16;-0.23;1.63916e-33
0.16;-0.22;1.79681e-33
0.16;-0.21;1.72965e-33
0.16;-0.2;1.85627e-33
0.16;-0.19;1.84437e-33
0.16;-0.18;1.9243e-33
0.16;-0.17;1.99508e-33
0.16;-0.16;2.068e-33
0.16;-0.15;2.1659e-33
0.16;-0.14;2.227e-33
0.16;-0.13;2.26217e-33
0.16;-0.12;2.49532e-33
0.16;-0.11;2.6104e-33
0.16;-0.1;2.37298e-33
0.16;-0.09;2.90814e-33
0.16;-0.08;3.05649e-33
0.16;-0.07;3.1861e-33
0.16;-0.06;3.34762e-33
0.16;-0.05;2.59698e-33
0.16;-0.04;3.61062e-33
0.16;-0.03;3.70606e-33
0.16;-0.02;2.71568e-33
0.16;-0.01;3.84416e-33
0.16;0;2.79118e-33
0.16;0.01;3.84676e-33
0.16;0.02;3.79774e-33
0.16;0.03;3.71775e-33
0.16;0.04;2.6396e-33
0.16;0.05;2.5983e-33
0.16;0.06;2.53088e-33
0.16;0.07;3.28184e-33
0.16;0.08;2.44424e-33
0.16;0.09;2.885e-33
0.16;0.1;2.3703e-33
0.16;0.11;2.61208e-33
0.16;0.12;2.30275e-33
0.16;0.13;2.26007e-33
0.16;0.14;2.26865e-33
0.16;0.15;2.19635e-33
0.16;0.16;2.05069e-33
0.16;0.17;1.99539e-33
0.16;0.18;1.92877e-33
0.16;0.19;1.84426e-33
0.16;0.2;1.85554e-33
0.16;0.21;1.82753e-33
0.16;0.22;1.79895e-33
0.16;0.23;1.63954e-33
0.16;0.24;1.60622e-33
0.16;0.25;1.56377e-33
0.16;0.26;1.68396e-33
0.16;0.27;1.62711e-33
0.16;0.28;1.46826e-33
0.16;0.29;1.5806e-33
0.16;0.3;1.4209e-33
0.16;0.31;1.52834e-33
0.16;0.32;1.50417e-33
0.16;0.33;1.35789e-33
0.16;0.34;1.34092e-33
0.16;0.35;1.32494e-33
0.16;0.36;1.39932e-33
0.16;0.37;1.37416e-33
0.16;0.38;1.28059e-33
0.16;0.39;1.32132e-33
0.16;0.4;1.25918e-33
0.16;0.41;1.2483e-33
0.16;0.42;1.27004e-33
0.16;0.43;1.22827e-33
0.16;0.44;1.22197e-33
0.16;0.45;1.20846e-33
0.16;0.46;1.201e-33
0.16;0.47;1.19517e-33
0.16;0.48;0.00112278
0.16;0.49;0.00278395
0.16;0.5;0.00432209
0.16;0.51;0.00571699
0.16;0.52;0.00698403
0.16;0.53;0.00813913
0.16;0.54;0.00916468
0.16;0.55;0.0100955
0.16;0.56;0.0109162
0.16;0.57;0.0116364
0.16;0.58;0.0122667
0.16;0.59;0.0128129
0.16;0.6;0.0132702
0.16;0.61;0.0136457
0.16;0.62;0.0139498
0.16;0.63;0.0141857
0.16;0.64;0.0143542
0.16;0.65;0.0144568
0.16;0.66;0.0145
0.16;0.67;0.0144889
0.16;0.68;0.0144266
0.16;0.69;0.0143152
0.16;0.7;0.01416
0.16;0.71;0.0139625
0.16;0.72;0.0137217
0.16;0.73;0.0134478
0.16;0.74;0.0131378
0.16;0.75;0.0127953
0.16;0.76;0.0124246
0.16;0.77;0.0120255
0.16;0.78;0.0116023
0.16;0.79;0.011156
0.16;0.8;0.0106875
0.16;0.81;0.0102016
0.16;0.82;0.00969873
0.16;0.83;0.00917969
0.16;0.84;0.00864657
0.16;0.85;0.00810186
0.16;0.86;0.00754376
0.16;0.87;0.00697791
0.16;0.88;0.00640419
0.16;0.89;0.00582449
0.16;0.9;0.00523676
0.16;0.91;0.00464314
0.16;0.92;0.00404603
0.16;0.93;0.00344402
0.16;0.94;0.00284269
0.16;0.95;0.00224039
0.16;0.96;0.00163692
0.16;0.97;0.00103234
0.16;0.98;0.00042808
0.16;0.99;-2.0877e-20
0.17;-1;7.65877e-34
0.17;-0.99;7.66791e-34
0.17;-0.98;0.000327393
0.17;-0.97;0.000935967
0.17;-0.96;0.00154403
0.17;-0.95;0.00215165
0.17;-0.94;0.00275801
0.17;-0.93;0.00336645
0.17;-0.92;0.00397077
0.17;-0.91;0.00457242
0.17;-0.9;0.00517159
0.17;-0.89;0.00576339
0.17;-0.88;0.00635079
0.17;-0.87;0.00693143
0.17;-0.86;0.00750118
0.17;-0.85;0.00806499
0.17;-0.84;0.00861891
0.17;-0.83;0.00915972
0.17;-0.82;0.00968829
0.17;-0.81;0.0101999
0.17;-0.8;0.0106948
0.17;-0.79;0.0111693
0.17;-0.78;0.0116261
0.17;-0.77;0.0120594
0.17;-0.76;0.012468
0.17;-0.75;0.0128507
0.17;-0.74;0.0132052
0.17;-0.73;0.0135278
0.17;-0.72;0.0138183
0.17;-0.71;0.0140722
0.17;-0.7;0.0142858
0.17;-0.69;0.0144557
0.17;-0.68;0.0145814
0.17;-0.67;0.0146596
0.17;-0.66;0.0146851
0.17;-0.65;0.0146588
0.17;-0.64;0.014574
0.17;-0.63;0.0144277
0.17;-0.62;0.0142165
0.17;-0.61;0.0139287
0.17;-0.6;0.0135693
0.17;-0.59;0.0131333
0.17;-0.58;0.0126198
0.17;-0.57;0.0120102
0.17;-0.56;0.0113085
0.17;-0.55;0.010515
0.17;-0.54;0.00961589
0.17;-0.53;0.00860481
0.17;-0.52;0.00748986
0.17;-0.51;0.00624322
0.17;-0.5;0.0048757
0.17;-0.49;0.0033811
0.17;-0.48;0.00173537
0.17;-0.47;1.2164e-33
0.17;-0.46;1.22482e-33
0.17;-0.45;1.23359e-33
0.17;-0.44;1.25342e-33
0.17;-0.43;1.25343e-33
0.17;-0.42;1.26337e-33
0.17;-0.41;1.3025e-33
0.17;-0.4;1.2859e-33
0.17;-0.39;1.35724e-33
0.17;-0.38;1.37633e-33
0.17;-0.37;1.32521e-33
0.17;-0.36;1.41765e-33
0.17;-0.35;1.35908e-33
0.17;-0.34;1.37721e-33
0.17;-0.33;1.3929e-33
0.17;-0.32;1.41832e-33
0.17;-0.31;1.43214e-33
0.17;-0.3;1.46332e-33
0.17;-0.29;1.60397e-33
0.17;-0.28;1.51485e-33
0.17;-0.27;1.54435e-33
0.17;-0.26;1.586e-33
0.17;-0.25;1.73875e-33
0.17;-0.24;1.7676e-33
0.17;-0.23;1.79681e-33
0.17;-0.22;1.75082e-33
0.17;-0.21;1.80617e-33
0.17;-0.2;1.88514e-33
0.17;-0.19;1.92776e-33
0.17;-0.18;1.99711e-33
0.17;-0.17;2.068e-33
0.17;-0.16;2.14411e-33
0.17;-0.15;1.53983e-20
0.17;-0.14;2.26217e-33
0.17;-0.13;2.45997e-33
0.17;-0.12;2.57409e-33
0.17;-0.11;2.37298e-33
0.17;-0.1;2.82014e-33
0.17;-0.09;2.98944e-33
0.17;-0.08;2.48692e-33
0.17;-0.07;2.52568e-33
0.17;-0.06;2.59698e-33
0.17;-0.05;3.50776e-33
0.17;-0.04;3.63843e-33
0.17;-0.03;2.71568e-33
0.17;-0.02;3.80097e-33
0.17;-0.01;2.79504e-33
0.17;0;2.83733e-33
0.17;0.01;3.8471e-33
0.17;0.02;2.75387e-33
0.17;0.03;3.73446e-33
0.17;0.04;3.63949e-33
0.17;0.05;3.5247e-33
0.17;0.06;3.36686e-33
0.17;0.07;3.28184e-33
0.17;0.08;3.10554e-33
0.17;0.09;2.44424e-33
0.17;0.1;2.81765e-33
0.17;0.11;2.3703e-33
0.17;0.12;2.57557e-33
0.17;0.13;2.30275e-33
0.17;0.14;2.26007e-33
0.17;0.15;2.22324e-33
0.17;0.16;2.14156e-33
0.17;0.17;2.08476e-33
0.17;0.18;1.99707e-33
0.17;0.19;1.93235e-33
0.17;0.2;1.86441e-33
0.17;0.21;1.85554e-33
0.17;0.22;1.74947e-33
0.17;0.23;1.70857e-33
0.17;0.24;1.76397e-33
0.17;0.25;1.61592e-33
0.17;0.26;1.58624e-33
0.17;0.27;1.68396e-33
0.17;0.28;1.62711e-33
0.17;0.29;1.48696e-33
0.17;0.3;1.46443e-33
0.17;0.31;1.4328e-33
0.17;0.32;1.41874e-33
0.17;0.33;1.50417e-33
0.17;0.34;1.47981e-33
0.17;0.35;1.3582e-33
0.17;0.36;1.41806e-33
0.17;0.37;1.39932e-33
0.17;0.38;1.3118e-33
0.17;0.39;1.29747e-33
0.17;0.4;1.32132e-33
0.17;0.41;1.30303e-33
0.17;0.42;1.28565e-33
0.17;0.43;1.27004e-33
0.17;0.44;1.24465e-33
0.17;0.45;1.23483e-33
0.17;0.46;1.22506e-33
0.17;0.47;1.21553e-33
0.17;0.48;0.00173578
0.17;0.49;0.00338006
0.17;0.5;0.0048752
0.17;0.51;0.0062454
0.17;0.52;0.00748888
0.17;0.53;0.00860574
0.17;0.54;0.00961396
0.17;0.55;0.0105165
0.17;0.56;0.0113076
0.17;0.57;0.0120089
0.17;0.58;0.0126188
0.17;0.59;0.01313
0.17;0.6;0.0135702
0.17;0.61;0.0139288
0.17;0.62;0.0142163
0.17;0.63;0.0144283
0.17;0.64;0.0145728
0.17;0.65;0.0146592
0.17;0.66;0.0146812
0.17;0.67;0.0146596
0.17;0.68;0.0145803
0.17;0.69;0.0144554
0.17;0.7;0.0142812
0.17;0.71;0.0140664
0.17;0.72;0.0138193
0.17;0.73;0.0135281
0.17;0.74;0.0132057
0.17;0.75;0.0128522
0.17;0.76;0.0124698
0.17;0.77;0.0120595
0.17;0.78;0.0116259
0.17;0.79;0.0111713
0.17;0.8;0.0106928
0.17;0.81;0.010199
0.17;0.82;0.00968791
0.17;0.83;0.0091599
0.17;0.84;0.00861929
0.17;0.85;0.00806559
0.17;0.86;0.00750348
0.17;0.87;0.00693117
0.17;0.88;0.00635062
0.17;0.89;0.00576373
0.17;0.9;0.00517127
0.17;0.91;0.00457137
0.17;0.92;0.00396831
0.17;0.93;0.00336645
0.17;0.94;0.00275848
0.17;0.95;0.00215216
0.17;0.96;0.00154389
0.17;0.97;0.000934601
0.17;0.98;0.000327467
0.17;0.99;7.66898e-34
0.18;-1;7.71107e-34
0.18;-0.99;7.72092e-34
0.18;-0.98;0.000221182
0.18;-0.97;0.000832287
0.18;-0.96;0.00144519
0.18;-0.95;0.00205592
0.18;-0.94;0.00266726
0.18;-0.93;0.00327769
0.18;-0.92;0.00388764
0.18;-0.91;0.00449501
0.18;-0.9;0.00509788
0.18;-0.89;0.00569731
0.18;-0.88;0.00629024
0.18;-0.87;0.00687831
0.18;-0.86;0.00745554
0.18;-0.85;0.00802678
0.18;-0.84;0.00858728
0.18;-0.83;0.00913615
0.18;-0.82;0.00967113
0.18;-0.81;0.0101923
0.18;-0.8;0.0106963
0.18;-0.79;0.0111817
0.18;-0.78;0.0116485
0.18;-0.77;0.0120924
0.18;-0.76;0.0125138
0.18;-0.75;0.0129072
0.18;-0.74;0.0132733
0.18;-0.73;0.0136101
0.18;-0.72;0.0139127
0.18;-0.71;0.0141791
0.18;-0.7;0.0144079
0.18;-0.69;0.0145971
0.18;-0.68;0.014742
0.18;-0.67;0.0148381
0.18;-0.66;0.0148809
0.18;-0.65;0.0148709
0.18;-0.64;0.014803
0.18;-0.63;0.0146763
0.18;-0.62;0.0144861
0.18;-0.61;0.0142238
0.18;-0.6;0.0138909
0.18;-0.59;0.0134755
0.18;-0.58;0.0129789
0.18;-0.57;0.0124026
0.18;-0.56;0.0117295
0.18;-0.55;0.010955
0.18;-0.54;0.0100861
0.18;-0.53;0.00911299
0.18;-0.52;0.00801108
0.18;-0.51;0.00680356
0.18;-0.5;0.00547107
0.18;-0.49;0.0040008
0.18;-0.48;0.00240289
0.18;-0.47;0.000646133
0.18;-0.46;1.2484e-33
0.18;-0.45;1.2582e-33
0.18;-0.44;1.26814e-33
0.18;-0.43;1.27949e-33
0.18;-0.42;1.29103e-33
0.18;-0.41;1.31907e-33
0.18;-0.4;1.31296e-33
0.18;-0.39;1.3273e-33
0.18;-0.38;1.34322e-33
0.18;-0.37;1.41765e-33
0.18;-0.36;1.43589e-33
0.18;-0.35;1.39231e-33
0.18;-0.34;1.41156e-33
0.18;-0.33;1.43002e-33
0.18;-0.32;1.4525e-33
0.18;-0.31;1.48227e-33
0.18;-0.3;1.50795e-33
0.18;-0.29;1.62702e-33
0.18;-0.28;1.56644e-33
0.18;-0.27;1.6049e-33
0.18;-0.26;1.73875e-33
0.18;-0.25;1.7676e-33
0.18;-0.24;1.72046e-33
0.18;-0.23;1.77099e-33
0.18;-0.22;1.81293e-33
0.18;-0.21;1.88514e-33
0.18;-0.2;1.93122e-33
0.18;-0.19;1.99914e-33
0.18;-0.18;2.068e-33
0.18;-0.17;-1.19226e-19
0.18;-0.16;2.22103e-33
0.18;-0.15;2.26217e-33
0.18;-0.14;2.42744e-33
0.18;-0.13;2.53976e-33
0.18;-0.12;2.65208e-33
0.18;-0.11;2.79565e-33
0.18;-0.1;2.91307e-33
0.18;-0.09;2.48692e-33
0.18;-0.08;2.52568e-33
0.18;-0.07;2.59698e-33
0.18;-0.06;2.63721e-33
0.18;-0.05;2.677e-33
0.18;-0.04;3.66013e-33
0.18;-0.03;3.7386e-33
0.18;-0.02;2.79504e-33
0.18;-0.01;3.84437e-33
0.18;0;2.90873e-33
0.18;0.01;3.84743e-33
0.18;0.02;2.79118e-33
0.18;0.03;2.75387e-33
0.18;0.04;3.64694e-33
0.18;0.05;2.67702e-33
0.18;0.06;2.6396e-33
0.18;0.07;3.29656e-33
0.18;0.08;3.17705e-33
0.18;0.09;3.03342e-33
0.18;0.1;2.89136e-33
0.18;0.11;2.79182e-33
0.18;0.12;2.65359e-33
0.18;0.13;2.54358e-33
0.18;0.14;2.30275e-33
0.18;0.15;2.26007e-33
0.18;0.16;2.22e-33
0.18;0.17;2.13938e-33
0.18;0.18;1.153e-19
0.18;0.19;1.99875e-33
0.18;0.2;1.93593e-33
0.18;0.21;1.86999e-33
0.18;0.22;1.85554e-33
0.18;0.23;1.76804e-33
0.18;0.24;1.71816e-33
0.18;0.25;1.76397e-33
0.18;0.26;1.63594e-33
0.18;0.27;1.60505e-33
0.18;0.28;1.56631e-33
0.18;0.29;1.62711e-33
0.18;0.3;1.60412e-33
0.18;0.31;1.47535e-33
0.18;0.32;1.45387e-33
0.18;0.33;1.43064e-33
0.18;0.34;1.41224e-33
0.18;0.35;1.47981e-33
0.18;0.36;1.43661e-33
0.18;0.37;1.41806e-33
0.18;0.38;1.34314e-33
0.18;0.39;1.32866e-33
0.18;0.4;1.31457e-33
0.18;0.41;1.30088e-33
0.18;0.42;1.2899e-33
0.18;0.43;1.27854e-33
0.18;0.44;1.26817e-33
0.18;0.45;1.25881e-33
0.18;0.46;1.24954e-33
0.18;0.47;0.000647021
0.18;0.48;0.00240235
0.18;0.49;0.00400122
0.18;0.5;0.00547184
0.18;0.51;0.00680368
0.18;0.52;0.0080148
0.18;0.53;0.0091123
0.18;0.54;0.0100875
0.18;0.55;0.0109573
0.18;0.56;0.0117305
0.18;0.57;0.0123996
0.18;0.58;0.0129789
0.18;0.59;0.0134738
0.18;0.6;0.0138904
0.18;0.61;0.0142261
0.18;0.62;0.0144848
0.18;0.63;0.014676
0.18;0.64;0.0148041
0.18;0.65;0.0148717
0.18;0.66;0.0148804
0.18;0.67;0.0148387
0.18;0.68;0.0147382
0.18;0.69;0.0145971
0.18;0.7;0.0144079
0.18;0.71;0.0141796
0.18;0.72;0.0139128
0.18;0.73;0.0136111
0.18;0.74;0.0132743
0.18;0.75;0.0129076
0.18;0.76;0.0125119
0.18;0.77;0.0120914
0.18;0.78;0.0116476
0.18;0.79;0.0111817
0.18;0.8;0.0106954
0.18;0.81;0.0101917
0.18;0.82;0.00967123
0.18;0.83;0.00913686
0.18;0.84;0.0085883
0.18;0.85;0.0080268
0.18;0.86;0.00745678
0.18;0.87;0.00687835
0.18;0.88;0.00629067
0.18;0.89;0.00569704
0.18;0.9;0.0050978
0.18;0.91;0.00449519
0.18;0.92;0.00388773
0.18;0.93;0.00327957
0.18;0.94;0.00266821
0.18;0.95;0.0020563
0.18;0.96;0.00144398
0.18;0.97;0.000831832
0.18;0.98;0.000221205
0.18;0.99;7.72233e-34
0.19;-1;7.7645e-34
0.19;-0.99;7.77542e-34
0.19;-0.98;0.000109268
0.19;-0.97;0.000721735
0.19;-0.96;0.00133626
0.19;-0.95;0.00195436
0.19;-0.94;0.00256909
0.19;-0.93;0.00318571
0.19;-0.92;0.00379995
0.19;-0.91;0.0044105
0.19;-0.9;0.00501861
0.19;-0.89;0.00562612
0.19;-0.88;0.00622491
0.19;-0.87;0.00681931
0.19;-0.86;0.0074056
0.19;-0.85;0.00798385
0.19;-0.84;0.0085515
0.19;-0.83;0.00910868
0.19;-0.82;0.009652
0.19;-0.81;0.0101815
0.19;-0.8;0.0106968
0.19;-0.79;0.011192
0.19;-0.78;0.011668
0.19;-0.77;0.0121251
0.19;-0.76;0.0125565
0.19;-0.75;0.0129654
0.19;-0.74;0.0133444
0.19;-0.73;0.0136935
0.19;-0.72;0.0140106
0.19;-0.71;0.0142929
0.19;-0.7;0.0145367
0.19;-0.69;0.0147419
0.19;-0.68;0.0149009
0.19;-0.67;0.0150155
0.19;-0.66;0.0150812
0.19;-0.65;0.0150945
0.19;-0.64;0.0150461
0.19;-0.63;0.0149394
0.19;-0.62;0.0147671
0.19;-0.61;0.0145267
0.19;-0.6;0.0142175
0.19;-0.59;0.0138311
0.19;-0.58;0.0133648
0.19;-0.57;0.0128122
0.19;-0.56;0.0121643
0.19;-0.55;0.0114293
0.19;-0.54;0.0105819
0.19;-0.53;0.00963092
0.19;-0.52;0.00857618
0.19;-0.51;0.00739515
0.19;-0.5;0.00609164
0.19;-0.49;0.00466645
0.19;-0.48;0.00309152
0.19;-0.47;0.0013857
0.19;-0.46;1.27308e-33
0.19;-0.45;1.28363e-33
0.19;-0.44;1.29401e-33
0.19;-0.43;1.3047e-33
0.19;-0.42;1.31547e-33
0.19;-0.41;1.35724e-33
0.19;-0.4;1.34439e-33
0.19;-0.39;1.35976e-33
0.19;-0.38;1.41765e-33
0.19;-0.37;1.43589e-33
0.19;-0.36;1.41015e-33
0.19;-0.35;1.50436e-33
0.19;-0.34;1.44868e-33
0.19;-0.33;1.4716e-33
0.19;-0.32;1.58032e-33
0.19;-0.31;1.5204e-33
0.19;-0.3;1.62702e-33
0.19;-0.29;1.58649e-33
0.19;-0.28;1.61462e-33
0.19;-0.27;1.65671e-33
0.19;-0.26;1.6954e-33
0.19;-0.25;1.72886e-33
0.19;-0.24;1.77841e-33
0.19;-0.23;1.83169e-33
0.19;-0.22;1.88607e-33
0.19;-0.21;1.93468e-33
0.19;-0.2;2.00116e-33
0.19;-0.19;2.068e-33
0.19;-0.18;-1.19226e-19
0.19;-0.17;1.23186e-19
0.19;-0.16;2.3116e-33
0.19;-0.15;2.41682e-33
0.19;-0.14;2.50568e-33
0.19;-0.13;2.37298e-33
0.19;-0.12;2.72982e-33
0.19;-0.11;2.85038e-33
0.19;-0.1;2.48692e-33
0.19;-0.09;3.10482e-33
0.19;-0.08;2.59698e-33
0.19;-0.07;3.35182e-33
0.19;-0.06;3.47311e-33
0.19;-0.05;3.57991e-33
0.19;-0.04;3.66774e-33
0.19;-0.03;3.75465e-33
0.19;-0.02;3.8111e-33
0.19;-0.01;2.90678e-33
0.19;0;2.94881e-33
0.19;0.01;3.84777e-33
0.19;0.02;2.83733e-33
0.19;0.03;2.79118e-33
0.19;0.04;3.66769e-33
0.19;0.05;3.56773e-33
0.19;0.06;3.50259e-33
0.19;0.07;3.35326e-33
0.19;0.08;3.28184e-33
0.19;0.09;3.10175e-33
0.19;0.1;2.48466e-33
0.19;0.11;2.84961e-33
0.19;0.12;2.73009e-33
0.19;0.13;2.61419e-33
0.19;0.14;2.50703e-33
0.19;0.15;2.39735e-33
0.19;0.16;2.26007e-33
0.19;0.17;2.21676e-33
0.19;0.18;2.1372e-33
0.19;0.19;2.0683e-33
0.19;0.2;2.00043e-33
0.19;0.21;1.93951e-33
0.19;0.22;1.88938e-33
0.19;0.23;1.85554e-33
0.19;0.24;1.77692e-33
0.19;0.25;1.72776e-33
0.19;0.26;1.76397e-33
0.19;0.27;1.65731e-33
0.19;0.28;1.61475e-33
0.19;0.29;1.68396e-33
0.19;0.3;1.62711e-33
0.19;0.31;1.60412e-33
0.19;0.32;1.5806e-33
0.19;0.33;1.55328e-33
0.19;0.34;1.52834e-33
0.19;0.35;1.42848e-33
0.19;0.36;1.4109e-33
0.19;0.37;1.43661e-33
0.19;0.38;1.41806e-33
0.19;0.39;1.35883e-33
0.19;0.4;1.34425e-33
0.19;0.41;1.33052e-33
0.19;0.42;1.32132e-33
0.19;0.43;1.30546e-33
0.19;0.44;1.29331e-33
0.19;0.45;1.28231e-33
0.19;0.46;1.27272e-33
0.19;0.47;0.00138455
0.19;0.48;0.00309193
0.19;0.49;0.00466629
0.19;0.5;0.00609102
0.19;0.51;0.00739652
0.19;0.52;0.00857551
0.19;0.53;0.00963619
0.19;0.54;0.0105805
0.19;0.55;0.0114287
0.19;0.56;0.0121648
0.19;0.57;0.0128095
0.19;0.58;0.0133639
0.19;0.59;0.013834
0.19;0.6;0.0142195
0.19;0.61;0.0145289
0.19;0.62;0.0147683
0.19;0.63;0.0149403
0.19;0.64;0.0150464
0.19;0.65;0.0150944
0.19;0.66;0.0150814
0.19;0.67;0.0150131
0.19;0.68;0.0149012
0.19;0.69;0.0147434
0.19;0.7;0.0145367
0.19;0.71;0.0142915
0.19;0.72;0.0140104
0.19;0.73;0.0136967
0.19;0.74;0.0133439
0.19;0.75;0.0129648
0.19;0.76;0.0125562
0.19;0.77;0.0121236
0.19;0.78;0.0116678
0.19;0.79;0.0111904
0.19;0.8;0.0106946
0.19;0.81;0.0101828
0.19;0.82;0.00965134
0.19;0.83;0.00910934
0.19;0.84;0.00855094
0.19;0.85;0.00798424
0.19;0.86;0.00740661
0.19;0.87;0.0068188
0.19;0.88;0.00622469
0.19;0.89;0.00562533
0.19;0.9;0.00501889
0.19;0.91;0.00441096
0.19;0.92;0.00380006
0.19;0.93;0.00318611
0.19;0.94;0.00256997
0.19;0.95;0.00195429
0.19;0.96;0.00133609
0.19;0.97;0.000721948
0.19;0.98;0.000109274
0.19;0.99;7.77877e-34
0.2;-1;7.83012e-34
0.2;-0.99;7.84356e-34
0.2;-0.98;3.28607e-20
0.2;-0.97;0.000604495
0.2;-0.96;0.00122127
0.2;-0.95;0.0018443
0.2;-0.94;0.00246297
0.2;-0.93;0.003085
0.2;-0.92;0.00370449
0.2;-0.91;0.0043218
0.2;-0.9;0.00493391
0.2;-0.89;0.00554754
0.2;-0.88;0.0061544
0.2;-0.87;0.00675563
0.2;-0.86;0.00734856
0.2;-0.85;0.0079325
0.2;-0.84;0.00851068
0.2;-0.83;0.00907442
0.2;-0.82;0.0096279
0.2;-0.81;0.0101686
0.2;-0.8;0.0106934
0.2;-0.79;0.0111998
0.2;-0.78;0.0116886
0.2;-0.77;0.0121577
0.2;-0.76;0.0126027
0.2;-0.75;0.0130224
0.2;-0.74;0.0134164
0.2;-0.73;0.0137809
0.2;-0.72;0.0141121
0.2;-0.71;0.0144094
0.2;-0.7;0.0146697
0.2;-0.69;0.0148908
0.2;-0.68;0.0150683
0.2;-0.67;0.0151997
0.2;-0.66;0.015284
0.2;-0.65;0.0153159
0.2;-0.64;0.0152929
0.2;-0.63;0.0152099
0.2;-0.62;0.0150647
0.2;-0.61;0.0148478
0.2;-0.6;0.0145618
0.2;-0.59;0.0141997
0.2;-0.58;0.0137578
0.2;-0.57;0.0132334
0.2;-0.56;0.0126216
0.2;-0.55;0.0119065
0.2;-0.54;0.011099
0.2;-0.53;0.0101877
0.2;-0.52;0.00915646
0.2;-0.51;0.00801666
0.2;-0.5;0.00674947
0.2;-0.49;0.0053535
0.2;-0.48;0.00382891
0.2;-0.47;0.00214939
0.2;-0.46;0.00032707
0.2;-0.45;1.30721e-33
0.2;-0.44;5.4879e-20
0.2;-0.43;1.33147e-33
0.2;-0.42;1.35724e-33
0.2;-0.41;1.3601e-33
0.2;-0.4;1.37354e-33
0.2;-0.39;1.39114e-33
0.2;-0.38;1.43589e-33
0.2;-0.37;1.42577e-33
0.2;-0.36;1.44487e-33
0.2;-0.35;1.46713e-33
0.2;-0.34;1.55376e-33
0.2;-0.33;1.5135e-33
0.2;-0.32;1.53981e-33
0.2;-0.31;1.62702e-33
0.2;-0.3;1.59712e-33
0.2;-0.29;1.63213e-33
0.2;-0.28;1.66851e-33
0.2;-0.27;1.70348e-33
0.2;-0.26;1.74709e-33
0.2;-0.25;1.78583e-33
0.2;-0.24;1.83753e-33
0.2;-0.23;1.89085e-33
0.2;-0.22;1.95067e-33
0.2;-0.21;2.00319e-33
0.2;-0.2;2.068e-33
0.2;-0.19;2.13875e-33
0.2;-0.18;-1.23186e-19
0.2;-0.17;2.2872e-33
0.2;-0.16;2.38797e-33
0.2;-0.15;2.33405e-33
0.2;-0.14;2.57828e-33
0.2;-0.13;2.68958e-33
0.2;-0.12;2.8066e-33
0.2;-0.11;2.48692e-33
0.2;-0.1;2.52568e-33
0.2;-0.09;2.59698e-33
0.2;-0.08;3.27868e-33
0.2;-0.07;3.39082e-33
0.2;-0.06;3.50038e-33
0.2;-0.05;3.60828e-33
0.2;-0.04;2.79504e-33
0.2;-0.03;2.83879e-33
0.2;-0.02;3.81249e-33
0.2;-0.01;3.84459e-33
0.2;0;3.85839e-33
0.2;0.01;3.84811e-33
0.2;0.02;3.81296e-33
0.2;0.03;2.83733e-33
0.2;0.04;3.69852e-33
0.2;0.05;2.75387e-33
0.2;0.06;2.71712e-33
0.2;0.07;3.3884e-33
0.2;0.08;3.28673e-33
0.2;0.09;3.14715e-33
0.2;0.1;3.03272e-33
0.2;0.11;2.89773e-33
0.2;0.12;2.80338e-33
0.2;0.13;2.69006e-33
0.2;0.14;2.57973e-33
0.2;0.15;2.4914e-33
0.2;0.16;2.30275e-33
0.2;0.17;2.29122e-33
0.2;0.18;2.21352e-33
0.2;0.19;2.13501e-33
0.2;0.2;2.0683e-33
0.2;0.21;2.00211e-33
0.2;0.22;1.94309e-33
0.2;0.23;1.8943e-33
0.2;0.24;1.83778e-33
0.2;0.25;1.78581e-33
0.2;0.26;1.74625e-33
0.2;0.27;1.69984e-33
0.2;0.28;1.73905e-33
0.2;0.29;1.63235e-33
0.2;0.3;1.68396e-33
0.2;0.31;1.56886e-33
0.2;0.32;1.60412e-33
0.2;0.33;1.5806e-33
0.2;0.34;1.4884e-33
0.2;0.35;1.4677e-33
0.2;0.36;1.50417e-33
0.2;0.37;1.42632e-33
0.2;0.38;1.40955e-33
0.2;0.39;1.39132e-33
0.2;0.4;1.37158e-33
0.2;0.41;1.35914e-33
0.2;0.42;1.3565e-33
0.2;0.43;1.33238e-33
0.2;0.44;1.32013e-33
0.2;0.45;1.30823e-33
0.2;0.46;0.000326697
0.2;0.47;0.00215044
0.2;0.48;0.00382782
0.2;0.49;0.00535152
0.2;0.5;0.00675075
0.2;0.51;0.00801534
0.2;0.52;0.00915573
0.2;0.53;0.010187
0.2;0.54;0.0110982
0.2;0.55;0.0119066
0.2;0.56;0.0126187
0.2;0.57;0.0132415
0.2;0.58;0.0137616
0.2;0.59;0.014197
0.2;0.6;0.0145623
0.2;0.61;0.0148483
0.2;0.62;0.0150677
0.2;0.63;0.0152118
0.2;0.64;0.0152934
0.2;0.65;0.0153141
0.2;0.66;0.0152816
0.2;0.67;0.0152
0.2;0.68;0.0150692
0.2;0.69;0.0148922
0.2;0.7;0.0146725
0.2;0.71;0.0144095
0.2;0.72;0.0141137
0.2;0.73;0.0137815
0.2;0.74;0.0134153
0.2;0.75;0.0130215
0.2;0.76;0.0126018
0.2;0.77;0.0121568
0.2;0.78;0.011689
0.2;0.79;0.0111999
0.2;0.8;0.0106946
0.2;0.81;0.0101674
0.2;0.82;0.00962782
0.2;0.83;0.00907383
0.2;0.84;0.00850799
0.2;0.85;0.00793424
0.2;0.86;0.00734866
0.2;0.87;0.00675605
0.2;0.88;0.00615335
0.2;0.89;0.00554737
0.2;0.9;0.00493775
0.2;0.91;0.00432056
0.2;0.92;0.00370441
0.2;0.93;0.00308483
0.2;0.94;0.00246432
0.2;0.95;0.00184432
0.2;0.96;0.00122131
0.2;0.97;0.000604493
0.2;0.98;7.85751e-34
0.2;0.99;7.84446e-34
0.21;-1;7.89838e-34
0.21;-0.99;7.91338e-34
0.21;-0.98;7.92838e-34
0.21;-0.97;0.00047885
0.21;-0.96;0.00110209
0.21;-0.95;0.00172632
0.21;-0.94;0.00235108
0.21;-0.93;0.0029758
0.21;-0.92;0.00360035
0.21;-0.91;0.00422424
0.21;-0.9;0.00484429
0.21;-0.89;0.005463
0.21;-0.88;0.00607697
0.21;-0.87;0.00668495
0.21;-0.86;0.00728506
0.21;-0.85;0.00787692
0.21;-0.84;0.00846433
0.21;-0.83;0.00903729
0.21;-0.82;0.00960087
0.21;-0.81;0.0101512
0.21;-0.8;0.0106877
0.21;-0.79;0.0112062
0.21;-0.78;0.011706
0.21;-0.77;0.0121845
0.21;-0.76;0.0126437
0.21;-0.75;0.0130771
0.21;-0.74;0.0134852
0.21;-0.73;0.0138634
0.21;-0.72;0.014211
0.21;-0.71;0.0145262
0.21;-0.7;0.0148057
0.21;-0.69;0.0150445
0.21;-0.68;0.0152439
0.21;-0.67;0.0153958
0.21;-0.66;0.015498
0.21;-0.65;0.01555
0.21;-0.64;0.0155466
0.21;-0.63;0.0154872
0.21;-0.62;0.0153627
0.21;-0.61;0.0151764
0.21;-0.6;0.0149216
0.21;-0.59;0.0145868
0.21;-0.58;0.014171
0.21;-0.57;0.0136725
0.21;-0.56;0.0130912
0.21;-0.55;0.012416
0.21;-0.54;0.0116385
0.21;-0.53;0.0107575
0.21;-0.52;0.00977145
0.21;-0.51;0.00866029
0.21;-0.5;0.00743093
0.21;-0.49;0.00608741
0.21;-0.48;0.00459401
0.21;-0.47;0.00295992
0.21;-0.46;0.00118292
0.21;-0.45;1.33355e-33
0.21;-0.44;1.34672e-33
0.21;-0.43;1.36043e-33
0.21;-0.42;1.37388e-33
0.21;-0.41;1.39804e-33
0.21;-0.4;1.40734e-33
0.21;-0.39;1.42365e-33
0.21;-0.38;1.44106e-33
0.21;-0.37;1.46266e-33
0.21;-0.36;1.47988e-33
0.21;-0.35;1.55376e-33
0.21;-0.34;1.58032e-33
0.21;-0.33;1.55871e-33
0.21;-0.32;1.62702e-33
0.21;-0.31;1.68778e-33
0.21;-0.3;1.64337e-33
0.21;-0.29;1.68031e-33
0.21;-0.28;1.71967e-33
0.21;-0.27;1.79681e-33
0.21;-0.26;1.80309e-33
0.21;-0.25;1.84338e-33
0.21;-0.24;1.89564e-33
0.21;-0.23;1.95359e-33
0.21;-0.22;2.00522e-33
0.21;-0.21;2.068e-33
0.21;-0.2;2.13697e-33
0.21;-0.19;2.20943e-33
0.21;-0.18;2.28139e-33
0.21;-0.17;2.29646e-33
0.21;-0.16;2.44292e-33
0.21;-0.15;2.54703e-33
0.21;-0.14;2.4104e-33
0.21;-0.13;2.76354e-33
0.21;-0.12;2.48692e-33
0.21;-0.11;2.52568e-33
0.21;-0.1;3.10054e-33
0.21;-0.09;3.19528e-33
0.21;-0.08;2.677e-33
0.21;-0.07;3.42646e-33
0.21;-0.06;3.51707e-33
0.21;-0.05;3.63482e-33
0.21;-0.04;3.70399e-33
0.21;-0.03;2.90678e-33
0.21;-0.02;3.81957e-33
0.21;-0.01;2.98882e-33
0.21;0;3.85838e-33
0.21;0.01;3.84844e-33
0.21;0.02;3.82167e-33
0.21;0.03;2.90873e-33
0.21;0.04;2.83733e-33
0.21;0.05;2.79118e-33
0.21;0.06;3.52974e-33
0.21;0.07;3.4345e-33
0.21;0.08;2.67702e-33
0.21;0.09;3.28184e-33
0.21;0.1;2.5983e-33
0.21;0.11;2.53088e-33
0.21;0.12;2.87347e-33
0.21;0.13;2.74257e-33
0.21;0.14;2.63371e-33
0.21;0.15;2.55014e-33
0.21;0.16;2.4398e-33
0.21;0.17;2.30275e-33
0.21;0.18;2.28399e-33
0.21;0.19;2.21028e-33
0.21;0.2;2.13283e-33
0.21;0.21;1.153e-19
0.21;0.22;2.00379e-33
0.21;0.23;1.94667e-33
0.21;0.24;1.89922e-33
0.21;0.25;1.84332e-33
0.21;0.26;1.80495e-33
0.21;0.27;1.75328e-33
0.21;0.28;1.71726e-33
0.21;0.29;1.73905e-33
0.21;0.3;1.64385e-33
0.21;0.31;1.68396e-33
0.21;0.32;1.62711e-33
0.21;0.33;1.60412e-33
0.21;0.34;1.5806e-33
0.21;0.35;1.50204e-33
0.21;0.36;1.47861e-33
0.21;0.37;1.46387e-33
0.21;0.38;1.47981e-33
0.21;0.39;1.42416e-33
0.21;0.4;1.40821e-33
0.21;0.41;1.39064e-33
0.21;0.42;1.3719e-33
0.21;0.43;-3.81091e-20
0.21;0.44;-7.52168e-20
0.21;0.45;1.33424e-33
0.21;0.46;0.00118518
0.21;0.47;0.00296403
0.21;0.48;0.00459046
0.21;0.49;0.00608144
0.21;0.5;0.00743584
0.21;0.51;0.00866265
0.21;0.52;0.00977006
0.21;0.53;0.0107553
0.21;0.54;0.0116376
0.21;0.55;0.0124191
0.21;0.56;0.0130922
0.21;0.57;0.0136723
0.21;0.58;0.0141713
0.21;0.59;0.0145878
0.21;0.6;0.014921
0.21;0.61;0.0151751
0.21;0.62;0.015365
0.21;0.63;0.015485
0.21;0.64;0.0155474
0.21;0.65;0.0155507
0.21;0.66;0.0154916
0.21;0.67;0.015392
0.21;0.68;0.015245
0.21;0.69;0.0150462
0.21;0.7;0.0148054
0.21;0.71;0.0145259
0.21;0.72;0.0142115
0.21;0.73;0.0138633
0.21;0.74;0.0134849
0.21;0.75;0.013076
0.21;0.76;0.0126434
0.21;0.77;0.0121864
0.21;0.78;0.0117056
0.21;0.79;0.0112063
0.21;0.8;0.0106868
0.21;0.81;0.0101513
0.21;0.82;0.00960088
0.21;0.83;0.00903656
0.21;0.84;0.00846507
0.21;0.85;0.00787896
0.21;0.86;0.00728496
0.21;0.87;0.00668457
0.21;0.88;0.00607706
0.21;0.89;0.00546284
0.21;0.9;0.00484574
0.21;0.91;0.00422437
0.21;0.92;0.00360063
0.21;0.93;0.00297748
0.21;0.94;0.0023509
0.21;0.95;0.00172452
0.21;0.96;0.00110185
0.21;0.97;0.00047875
0.21;0.98;-2.19026e-20
0.21;0.99;7.9125e-34
0.22;-1;7.96686e-34
0.22;-0.99;7.98228e-34
0.22;-0.98;7.99769e-34
0.22;-0.97;0.000344211
0.22;-0.96;0.000971395
0.22;-0.95;0.00160034
0.22;-0.94;0.0022305
0.22;-0.93;0.00285847
0.22;-0.92;0.00348876
0.22;-0.91;0.00411965
0.22;-0.9;0.00474696
0.22;-0.89;0.00536988
0.22;-0.88;0.00598955
0.22;-0.87;0.00660761
0.22;-0.86;0.00721515
0.22;-0.85;0.007817
0.22;-0.84;0.00841274
0.22;-0.83;0.00899634
0.22;-0.82;0.00956927
0.22;-0.81;0.0101286
0.22;-0.8;0.0106739
0.22;-0.79;0.0112049
0.22;-0.78;0.0117166
0.22;-0.77;0.0122088
0.22;-0.76;0.0126798
0.22;-0.75;0.0131296
0.22;-0.74;0.0135512
0.22;-0.73;0.013946
0.22;-0.72;0.0143082
0.22;-0.71;0.0146409
0.22;-0.7;0.0149377
0.22;-0.69;0.0151957
0.22;-0.68;0.0154138
0.22;-0.67;0.015587
0.22;-0.66;0.015715
0.22;-0.65;0.0157905
0.22;-0.64;0.0158148
0.22;-0.63;0.0157757
0.22;-0.62;0.0156775
0.22;-0.61;0.0155106
0.22;-0.6;0.0152812
0.22;-0.59;0.0149785
0.22;-0.58;0.0145974
0.22;-0.57;0.0141347
0.22;-0.56;0.0135803
0.22;-0.55;0.012936
0.22;-0.54;0.0121969
0.22;-0.53;0.0113558
0.22;-0.52;0.0103967
0.22;-0.51;0.00933474
0.22;-0.5;0.00815509
0.22;-0.49;0.00683521
0.22;-0.48;0.00539127
0.22;-0.47;0.0038124
0.22;-0.46;0.00207364
0.22;-0.45;0.000194318
0.22;-0.44;1.37422e-33
0.22;-0.43;1.38997e-33
0.22;-0.42;1.40593e-33
0.22;-0.41;1.42152e-33
0.22;-0.4;1.43724e-33
0.22;-0.39;1.4556e-33
0.22;-0.38;1.47541e-33
0.22;-0.37;1.52774e-33
0.22;-0.36;1.51905e-33
0.22;-0.35;1.58032e-33
0.22;-0.34;1.57138e-33
0.22;-0.33;1.62702e-33
0.22;-0.32;1.68778e-33
0.22;-0.31;1.66222e-33
0.22;-0.3;1.73875e-33
0.22;-0.29;1.7676e-33
0.22;-0.28;1.79681e-33
0.22;-0.27;1.80984e-33
0.22;-0.26;1.84922e-33
0.22;-0.25;1.90042e-33
0.22;-0.24;1.95652e-33
0.22;-0.23;2.00725e-33
0.22;-0.22;2.068e-33
0.22;-0.21;2.13518e-33
0.22;-0.2;2.20556e-33
0.22;-0.19;-6.25544e-20
0.22;-0.18;2.29646e-33
0.22;-0.17;2.4323e-33
0.22;-0.16;2.37298e-33
0.22;-0.15;2.5959e-33
0.22;-0.14;2.70443e-33
0.22;-0.13;2.48692e-33
0.22;-0.12;2.92294e-33
0.22;-0.11;3.03067e-33
0.22;-0.1;3.14637e-33
0.22;-0.09;3.2488e-33
0.22;-0.08;3.35602e-33
0.22;-0.07;3.47003e-33
0.22;-0.06;3.54507e-33
0.22;-0.05;3.64245e-33
0.22;-0.04;3.70885e-33
0.22;-0.03;2.94915e-33
0.22;-0.02;3.82165e-33
0.22;-0.01;3.84572e-33
0.22;0;3.85837e-33
0.22;0.01;3.84878e-33
0.22;0.02;2.98605e-33
0.22;0.03;2.94881e-33
0.22;0.04;2.90873e-33
0.22;0.05;2.83733e-33
0.22;0.06;2.79118e-33
0.22;0.07;3.50259e-33
0.22;0.08;2.71712e-33
0.22;0.09;3.28184e-33
0.22;0.1;2.6396e-33
0.22;0.11;2.5983e-33
0.22;0.12;2.90409e-33
0.22;0.13;2.81493e-33
0.22;0.14;2.44424e-33
0.22;0.15;2.41162e-33
0.22;0.16;2.3703e-33
0.22;0.17;2.4306e-33
0.22;0.18;2.30275e-33
0.22;0.19;2.25909e-33
0.22;0.2;2.20704e-33
0.22;0.21;2.13065e-33
0.22;0.22;-1.153e-19
0.22;0.23;2.00547e-33
0.22;0.24;1.96123e-33
0.22;0.25;1.90415e-33
0.22;0.26;1.85818e-33
0.22;0.27;1.8114e-33
0.22;0.28;1.76891e-33
0.22;0.29;1.72685e-33
0.22;0.3;1.69339e-33
0.22;0.31;1.66204e-33
0.22;0.32;1.68396e-33
0.22;0.33;1.62711e-33
0.22;0.34;1.5714e-33
0.22;0.35;1.5806e-33
0.22;0.36;1.51936e-33
0.22;0.37;1.52834e-33
0.22;0.38;1.47479e-33
0.22;0.39;1.47981e-33
0.22;0.4;1.43802e-33
0.22;0.41;-7.96502e-20
0.22;0.42;1.40686e-33
0.22;0.43;1.38996e-33
0.22;0.44;1.37221e-33
0.22;0.45;0.000194209
0.22;0.46;0.00208034
0.22;0.47;0.00381251
0.22;0.48;0.00539143
0.22;0.49;0.00683527
0.22;0.5;0.00815607
0.22;0.51;0.00934053
0.22;0.52;0.0103968
0.22;0.53;0.011355
0.22;0.54;0.0121971
0.22;0.55;0.0129351
0.22;0.56;0.0135814
0.22;0.57;0.0141347
0.22;0.58;0.0146011
0.22;0.59;0.0149775
0.22;0.6;0.0152823
0.22;0.61;0.0155113
0.22;0.62;0.0156771
0.22;0.63;0.0157776
0.22;0.64;0.0158147
0.22;0.65;0.0157878
0.22;0.66;0.0157124
0.22;0.67;0.0155853
0.22;0.68;0.0154125
0.22;0.69;0.015196
0.22;0.7;0.0149387
0.22;0.71;0.0146419
0.22;0.72;0.0143108
0.22;0.73;0.0139462
0.22;0.74;0.0135508
0.22;0.75;0.0131284
0.22;0.76;0.0126831
0.22;0.77;0.0122095
0.22;0.78;0.0117172
0.22;0.79;0.0112057
0.22;0.8;0.0106741
0.22;0.81;0.0101289
0.22;0.82;0.00956876
0.22;0.83;0.00899583
0.22;0.84;0.00841118
0.22;0.85;0.00781813
0.22;0.86;0.00721563
0.22;0.87;0.00660458
0.22;0.88;0.00598975
0.22;0.89;0.00537036
0.22;0.9;0.00474632
0.22;0.91;0.00411907
0.22;0.92;0.00348865
0.22;0.93;0.00286181
0.22;0.94;0.00222872
0.22;0.95;0.00160017
0.22;0.96;0.000971292
0.22;0.97;0.000344173
0.22;0.98;7.99647e-34
0.22;0.99;7.98093e-34
0.23;-1;8.03557e-34
0.23;-0.99;8.05136e-34
0.23;-0.98;8.06946e-34
0.23;-0.97;0.00020095
0.23;-0.96;0.000831943
0.23;-0.95;0.00146721
0.23;-0.94;0.00210161
0.23;-0.93;0.00273525
0.23;-0.92;0.00337318
0.23;-0.91;0.00400765
0.23;-0.9;0.00464157
0.23;-0.89;0.00527153
0.23;-0.88;0.00589729
0.23;-0.87;0.00652325
0.23;-0.86;0.0071401
0.23;-0.85;0.00775121
0.23;-0.84;0.00835369
0.23;-0.83;0.00894715
0.23;-0.82;0.00953047
0.23;-0.81;0.0101009
0.23;-0.8;0.0106583
0.23;-0.79;0.0112013
0.23;-0.78;0.0117254
0.23;-0.77;0.0122303
0.23;-0.76;0.0127151
0.23;-0.75;0.0131779
0.23;-0.74;0.0136161
0.23;-0.73;0.0140287
0.23;-0.72;0.0144088
0.23;-0.71;0.0147584
0.23;-0.7;0.015073
0.23;-0.69;0.0153508
0.23;-0.68;0.0155912
0.23;-0.67;0.0157849
0.23;-0.66;0.0159293
0.23;-0.65;0.0160293
0.23;-0.64;0.0160764
0.23;-0.63;0.0160661
0.23;-0.62;0.0159959
0.23;-0.61;0.0158663
0.23;-0.6;0.0156613
0.23;-0.59;0.0153862
0.23;-0.58;0.0150325
0.23;-0.57;0.0146025
0.23;-0.56;0.0140854
0.23;-0.55;0.0134831
0.23;-0.54;0.0127717
0.23;-0.53;0.0119742
0.23;-0.52;0.0110579
0.23;-0.51;0.0100405
0.23;-0.5;0.00888888
0.23;-0.49;0.00762386
0.23;-0.48;0.00623112
0.23;-0.47;0.00468883
0.23;-0.46;0.00301061
0.23;-0.45;0.00118449
0.23;-0.44;1.40453e-33
0.23;-0.43;1.4194e-33
0.23;-0.42;1.43322e-33
0.23;-0.41;1.45178e-33
0.23;-0.4;1.47094e-33
0.23;-0.39;1.49077e-33
0.23;-0.38;1.51215e-33
0.23;-0.37;1.55376e-33
0.23;-0.36;1.58032e-33
0.23;-0.35;1.58749e-33
0.23;-0.34;1.61227e-33
0.23;-0.33;1.63986e-33
0.23;-0.32;1.71165e-33
0.23;-0.31;1.73875e-33
0.23;-0.3;1.7676e-33
0.23;-0.29;1.77914e-33
0.23;-0.28;1.8166e-33
0.23;-0.27;1.86349e-33
0.23;-0.26;1.9052e-33
0.23;-0.25;1.95944e-33
0.23;-0.24;2.00928e-33
0.23;-0.23;2.068e-33
0.23;-0.22;2.1334e-33
0.23;-0.21;2.20169e-33
0.23;-0.2;2.25623e-33
0.23;-0.19;2.32773e-33
0.23;-0.18;2.40605e-33
0.23;-0.17;2.37298e-33
0.23;-0.16;2.58248e-33
0.23;-0.15;2.68597e-33
0.23;-0.14;2.77513e-33
0.23;-0.13;2.86276e-33
0.23;-0.12;2.59698e-33
0.23;-0.11;3.07656e-33
0.23;-0.1;3.18774e-33
0.23;-0.09;2.71568e-33
0.23;-0.08;3.3928e-33
0.23;-0.07;2.79504e-33
0.23;-0.06;3.57992e-33
0.23;-0.05;3.66201e-33
0.23;-0.04;3.72306e-33
0.23;-0.03;3.77913e-33
0.23;-0.02;3.82374e-33
0.23;-0.01;3.84605e-33
0.23;0;3.85837e-33
0.23;0.01;3.05944e-33
0.23;0.02;3.01998e-33
0.23;0.03;3.77912e-33
0.23;0.04;2.94881e-33
0.23;0.05;2.90873e-33
0.23;0.06;2.83733e-33
0.23;0.07;3.50288e-33
0.23;0.08;2.75387e-33
0.23;0.09;2.71712e-33
0.23;0.1;3.18628e-33
0.23;0.11;3.07698e-33
0.23;0.12;2.97192e-33
0.23;0.13;2.86275e-33
0.23;0.14;2.77228e-33
0.23;0.15;2.44424e-33
0.23;0.16;2.41162e-33
0.23;0.17;2.3703e-33
0.23;0.18;2.42139e-33
0.23;0.19;2.33077e-33
0.23;0.2;2.25414e-33
0.23;0.21;2.2038e-33
0.23;0.22;2.12846e-33
0.23;0.23;-1.153e-19
0.23;0.24;2.00715e-33
0.23;0.25;1.96389e-33
0.23;0.26;1.90907e-33
0.23;0.27;1.86375e-33
0.23;0.28;1.81786e-33
0.23;0.29;1.77779e-33
0.23;0.3;1.76397e-33
0.23;0.31;1.70155e-33
0.23;0.32;1.67216e-33
0.23;0.33;1.68396e-33
0.23;0.34;1.62711e-33
0.23;0.35;1.60412e-33
0.23;0.36;1.56091e-33
0.23;0.37;1.53555e-33
0.23;0.38;1.52834e-33
0.23;0.39;1.50417e-33
0.23;0.4;1.47096e-33
0.23;0.41;1.45313e-33
0.23;0.42;1.4339e-33
0.23;0.43;3.98251e-20
0.23;0.44;1.40552e-33
0.23;0.45;0.00118477
0.23;0.46;0.00301236
0.23;0.47;0.00468943
0.23;0.48;0.00623149
0.23;0.49;0.00762399
0.23;0.5;0.00888992
0.23;0.51;0.0100377
0.23;0.52;0.0110587
0.23;0.53;0.0119658
0.23;0.54;0.0127711
0.23;0.55;0.0134822
0.23;0.56;0.0140862
0.23;0.57;0.0146004
0.23;0.58;0.0150323
0.23;0.59;0.0153899
0.23;0.6;0.0156634
0.23;0.61;0.0158615
0.23;0.62;0.0159895
0.23;0.63;0.0160662
0.23;0.64;0.0160733
0.23;0.65;0.0160283
0.23;0.66;0.0159298
0.23;0.67;0.0157821
0.23;0.68;0.0155884
0.23;0.69;0.0153508
0.23;0.7;0.0150743
0.23;0.71;0.0147592
0.23;0.72;0.0144115
0.23;0.73;0.0140283
0.23;0.74;0.0136165
0.23;0.75;0.0131793
0.23;0.76;0.0127158
0.23;0.77;0.0122301
0.23;0.78;0.0117258
0.23;0.79;0.0111982
0.23;0.8;0.0106564
0.23;0.81;0.0101009
0.23;0.82;0.00953046
0.23;0.83;0.00894809
0.23;0.84;0.00835525
0.23;0.85;0.00775138
0.23;0.86;0.00713843
0.23;0.87;0.00651972
0.23;0.88;0.00589781
0.23;0.89;0.00527176
0.23;0.9;0.00464134
0.23;0.91;0.00400766
0.23;0.92;0.00337089
0.23;0.93;0.00273794
0.23;0.94;0.0021005
0.23;0.95;0.00146705
0.23;0.96;0.000831872
0.23;0.97;0.000200936
0.23;0.98;8.06867e-34
0.23;0.99;8.05052e-34
0.24;-1;8.1097e-34
0.24;-0.99;8.12779e-34
0.24;-0.98;4.48511e-20
0.24;-0.97;4.7786e-05
0.24;-0.96;0.000683075
0.24;-0.95;0.0013212
0.24;-0.94;0.00196325
0.24;-0.93;0.00260396
0.24;-0.92;0.00324589
0.24;-0.91;0.00388756
0.24;-0.9;0.0045283
0.24;-0.89;0.00516438
0.24;-0.88;0.00579846
0.24;-0.87;0.00643124
0.24;-0.86;0.00705799
0.24;-0.85;0.00767726
0.24;-0.84;0.00828892
0.24;-0.83;0.00888998
0.24;-0.82;0.00948665
0.24;-0.81;0.0100669
0.24;-0.8;0.0106369
0.24;-0.79;0.0111906
0.24;-0.78;0.01173
0.24;-0.77;0.0122515
0.24;-0.76;0.0127509
0.24;-0.75;0.0132283
0.24;-0.74;0.0136822
0.24;-0.73;0.014109
0.24;-0.72;0.0145086
0.24;-0.71;0.0148753
0.24;-0.7;0.0152102
0.24;-0.69;0.0155088
0.24;-0.68;0.0157671
0.24;-0.67;0.0159845
0.24;-0.66;0.0161553
0.24;-0.65;0.0162762
0.24;-0.64;0.0163482
0.24;-0.63;0.0163616
0.24;-0.62;0.0163189
0.24;-0.61;0.0162134
0.24;-0.6;0.0160412
0.24;-0.59;0.0158015
0.24;-0.58;0.015486
0.24;-0.57;0.0150888
0.24;-0.56;0.014608
0.24;-0.55;0.0140287
0.24;-0.54;0.0133718
0.24;-0.53;0.0126109
0.24;-0.52;0.0117336
0.24;-0.51;0.0107512
0.24;-0.5;0.00966168
0.24;-0.49;0.00844256
0.24;-0.48;0.00708915
0.24;-0.47;0.00561087
0.24;-0.46;0.00398709
0.24;-0.45;0.00220323
0.24;-0.44;0.000270382
0.24;-0.43;1.44797e-33
0.24;-0.42;1.46647e-33
0.24;-0.41;1.48499e-33
0.24;-0.4;1.5037e-33
0.24;-0.39;1.5246e-33
0.24;-0.38;1.55376e-33
0.24;-0.37;1.58032e-33
0.24;-0.36;1.59812e-33
0.24;-0.35;1.62199e-33
0.24;-0.34;1.6511e-33
0.24;-0.33;1.69071e-33
0.24;-0.32;1.71888e-33
0.24;-0.31;1.7515e-33
0.24;-0.3;1.78656e-33
0.24;-0.29;1.8307e-33
0.24;-0.28;1.86838e-33
0.24;-0.27;1.90998e-33
0.24;-0.26;1.96237e-33
0.24;-0.25;2.0113e-33
0.24;-0.24;2.068e-33
0.24;-0.23;2.13162e-33
0.24;-0.22;-6.1593e-20
0.24;-0.21;-1.25109e-19
0.24;-0.2;2.32029e-33
0.24;-0.19;2.39654e-33
0.24;-0.18;2.47429e-33
0.24;-0.17;2.4104e-33
0.24;-0.16;2.44805e-33
0.24;-0.15;2.48692e-33
0.24;-0.14;2.82852e-33
0.24;-0.13;2.92787e-33
0.24;-0.12;3.01398e-33
0.24;-0.11;3.12297e-33
0.24;-0.1;2.71568e-33
0.24;-0.09;2.75574e-33
0.24;-0.08;3.42626e-33
0.24;-0.07;2.83879e-33
0.24;-0.06;3.60593e-33
0.24;-0.05;3.66961e-33
0.24;-0.04;3.73713e-33
0.24;-0.03;3.78976e-33
0.24;-0.02;3.82582e-33
0.24;-0.01;3.84637e-33
0.24;0;3.16964e-33
0.24;0.01;3.12989e-33
0.24;0.02;3.82591e-33
0.24;0.03;3.78931e-33
0.24;0.04;3.7378e-33
0.24;0.05;3.66945e-33
0.24;0.06;2.90873e-33
0.24;0.07;3.51199e-33
0.24;0.08;2.79118e-33
0.24;0.09;3.31122e-33
0.24;0.1;3.2247e-33
0.24;0.11;2.67702e-33
0.24;0.12;3.01401e-33
0.24;0.13;2.90873e-33
0.24;0.14;2.82649e-33
0.24;0.15;2.7365e-33
0.24;0.16;2.63582e-33
0.24;0.17;2.41162e-33
0.24;0.18;2.3703e-33
0.24;0.19;2.39632e-33
0.24;0.2;2.32411e-33
0.24;0.21;2.24918e-33
0.24;0.22;2.18769e-33
0.24;0.23;2.12628e-33
0.24;0.24;-1.153e-19
0.24;0.25;2.00883e-33
0.24;0.26;1.96655e-33
0.24;0.27;1.91399e-33
0.24;0.28;1.86932e-33
0.24;0.29;-5.13328e-20
0.24;0.3;1.78668e-33
0.24;0.31;1.76397e-33
0.24;0.32;1.71636e-33
0.24;0.33;1.68228e-33
0.24;0.34;1.68396e-33
0.24;0.35;1.62711e-33
0.24;0.36;1.60412e-33
0.24;0.37;1.57395e-33
0.24;0.38;1.54815e-33
0.24;0.39;1.52834e-33
0.24;0.4;1.5051e-33
0.24;0.41;1.48373e-33
0.24;0.42;1.46713e-33
0.24;0.43;1.44917e-33
0.24;0.44;0.00027046
0.24;0.45;0.00220279
0.24;0.46;0.00398604
0.24;0.47;0.00561024
0.24;0.48;0.00709006
0.24;0.49;0.0084421
0.24;0.5;0.00966047
0.24;0.51;0.0107518
0.24;0.52;0.0117362
0.24;0.53;0.0126089
0.24;0.54;0.0133677
0.24;0.55;0.0140339
0.24;0.56;0.0146029
0.24;0.57;0.0150864
0.24;0.58;0.0154856
0.24;0.59;0.0158024
0.24;0.6;0.0160426
0.24;0.61;0.0162119
0.24;0.62;0.016319
0.24;0.63;0.0163618
0.24;0.64;0.0163462
0.24;0.65;0.0162774
0.24;0.66;0.0161567
0.24;0.67;0.015986
0.24;0.68;0.0157679
0.24;0.69;0.0155092
0.24;0.7;0.0152109
0.24;0.71;0.0148765
0.24;0.72;0.0145078
0.24;0.73;0.0141098
0.24;0.74;0.0136821
0.24;0.75;0.0132296
0.24;0.76;0.0127518
0.24;0.77;0.0122488
0.24;0.78;0.0117285
0.24;0.79;0.0111904
0.24;0.8;0.0106361
0.24;0.81;0.0100676
0.24;0.82;0.00948673
0.24;0.83;0.00889245
0.24;0.84;0.0082885
0.24;0.85;0.00767741
0.24;0.86;0.00705733
0.24;0.87;0.00643011
0.24;0.88;0.00580129
0.24;0.89;0.00516476
0.24;0.9;0.00452798
0.24;0.91;0.00388528
0.24;0.92;0.00324575
0.24;0.93;0.0026048
0.24;0.94;0.0019621
0.24;0.95;0.00132127
0.24;0.96;0.000683052
0.24;0.97;4.77826e-05
0.24;0.98;8.14488e-34
0.24;0.99;-1.1212e-20
0.25;-1;8.18541e-34
0.25;-0.99;8.20537e-34
0.25;-0.98;8.22533e-34
0.25;-0.97;8.24539e-34
0.25;-0.96;0.000525553
0.25;-0.95;0.00116806
0.25;-0.94;0.00181605
0.25;-0.93;0.00246327
0.25;-0.92;0.00310932
0.25;-0.91;0.00375871
0.25;-0.9;0.0044056
0.25;-0.89;0.00504986
0.25;-0.88;0.00569254
0.25;-0.87;0.00633039
0.25;-0.86;0.00696627
0.25;-0.85;0.00759564
0.25;-0.84;0.00821611
0.25;-0.83;0.00882849
0.25;-0.82;0.00943274
0.25;-0.81;0.0100275
0.25;-0.8;0.0106106
0.25;-0.79;0.0111779
0.25;-0.78;0.0117287
0.25;-0.77;0.0122614
0.25;-0.76;0.0127759
0.25;-0.75;0.0132711
0.25;-0.74;0.0137386
0.25;-0.73;0.0141817
0.25;-0.72;0.0146012
0.25;-0.71;0.0149858
0.25;-0.7;0.0153402
0.25;-0.69;0.0156583
0.25;-0.68;0.0159386
0.25;-0.67;0.0161796
0.25;-0.66;0.0163739
0.25;-0.65;0.0165237
0.25;-0.64;0.0166224
0.25;-0.63;0.016667
0.25;-0.62;0.0166532
0.25;-0.61;0.0165795
0.25;-0.6;0.016436
0.25;-0.59;0.016223
0.25;-0.58;0.0159405
0.25;-0.57;0.0155778
0.25;-0.56;0.0151344
0.25;-0.55;0.0146089
0.25;-0.54;0.0139802
0.25;-0.53;0.0132546
0.25;-0.52;0.0124285
0.25;-0.51;0.0115019
0.25;-0.5;0.0104533
0.25;-0.49;0.00928216
0.25;-0.48;0.00798851
0.25;-0.47;0.00656458
0.25;-0.46;0.00499141
0.25;-0.45;0.00326831
0.25;-0.44;0.00140145
0.25;-0.43;-4.09996e-20
0.25;-0.42;1.49791e-33
0.25;-0.41;1.5177e-33
0.25;-0.4;1.53957e-33
0.25;-0.39;1.56366e-33
0.25;-0.38;1.58799e-33
0.25;-0.37;1.61109e-33
0.25;-0.36;1.63634e-33
0.25;-0.35;1.66772e-33
0.25;-0.34;1.69879e-33
0.25;-0.33;1.72728e-33
0.25;-0.32;1.75964e-33
0.25;-0.31;1.8e-33
0.25;-0.3;1.83654e-33
0.25;-0.29;1.87327e-33
0.25;-0.28;1.92278e-33
0.25;-0.27;1.96529e-33
0.25;-0.26;2.01333e-33
0.25;-0.25;2.068e-33
0.25;-0.24;2.12983e-33
0.25;-0.23;1.23186e-19
0.25;-0.22;1.25109e-19
0.25;-0.21;2.31286e-33
0.25;-0.2;2.38704e-33
0.25;-0.19;2.44778e-33
0.25;-0.18;2.4104e-33
0.25;-0.17;2.44805e-33
0.25;-0.16;2.48692e-33
0.25;-0.15;2.78673e-33
0.25;-0.14;2.88515e-33
0.25;-0.13;2.94915e-33
0.25;-0.12;2.677e-33
0.25;-0.11;2.71568e-33
0.25;-0.1;3.25977e-33
0.25;-0.09;2.79504e-33
0.25;-0.08;3.45424e-33
0.25;-0.07;2.90678e-33
0.25;-0.06;3.61641e-33
0.25;-0.05;2.98882e-33
0.25;-0.04;3.74181e-33
0.25;-0.03;3.79217e-33
0.25;-0.02;3.82791e-33
0.25;-0.01;3.17117e-33
0.25;0;3.85835e-33
0.25;0.01;3.84979e-33
0.25;0.02;3.83254e-33
0.25;0.03;3.79146e-33
0.25;0.04;3.74267e-33
0.25;0.05;3.68645e-33
0.25;0.06;2.94881e-33
0.25;0.07;3.5211e-33
0.25;0.08;3.43273e-33
0.25;0.09;2.79118e-33
0.25;0.1;3.28423e-33
0.25;0.11;3.16094e-33
0.25;0.12;3.07479e-33
0.25;0.13;2.97459e-33
0.25;0.14;2.88619e-33
0.25;0.15;2.78329e-33
0.25;0.16;2.70172e-33
0.25;0.17;2.6184e-33
0.25;0.18;2.41162e-33
0.25;0.19;2.3703e-33
0.25;0.2;2.38582e-33
0.25;0.21;2.31745e-33
0.25;0.22;2.24423e-33
0.25;0.23;2.18405e-33
0.25;0.24;2.1241e-33
0.25;0.25;2.0683e-33
0.25;0.26;2.01051e-33
0.25;0.27;1.96921e-33
0.25;0.28;1.9272e-33
0.25;0.29;1.8749e-33
0.25;0.3;-1.02666e-19
0.25;0.31;1.802e-33
0.25;0.32;1.76397e-33
0.25;0.33;1.72595e-33
0.25;0.34;1.6951e-33
0.25;0.35;1.66676e-33
0.25;0.36;1.63666e-33
0.25;0.37;1.61122e-33
0.25;0.38;1.58822e-33
0.25;0.39;1.56346e-33
0.25;0.4;1.53968e-33
0.25;0.41;1.51796e-33
0.25;0.42;1.49737e-33
0.25;0.43;1.47805e-33
0.25;0.44;0.00140292
0.25;0.45;0.00327005
0.25;0.46;0.00498449
0.25;0.47;0.00656301
0.25;0.48;0.00799186
0.25;0.49;0.00928191
0.25;0.5;0.0104542
0.25;0.51;0.0115027
0.25;0.52;0.0124326
0.25;0.53;0.0132537
0.25;0.54;0.0139794
0.25;0.55;0.0146096
0.25;0.56;0.0151369
0.25;0.57;0.0155773
0.25;0.58;0.0159367
0.25;0.59;0.0162239
0.25;0.6;0.0164329
0.25;0.61;0.016575
0.25;0.62;0.0166555
0.25;0.63;0.0166667
0.25;0.64;0.0166218
0.25;0.65;0.0165252
0.25;0.66;0.0163742
0.25;0.67;0.0161808
0.25;0.68;0.0159394
0.25;0.69;0.0156584
0.25;0.7;0.0153395
0.25;0.71;0.0149867
0.25;0.72;0.0146022
0.25;0.73;0.0141825
0.25;0.74;0.0137374
0.25;0.75;0.0132674
0.25;0.76;0.0127752
0.25;0.77;0.0122616
0.25;0.78;0.0117283
0.25;0.79;0.0111772
0.25;0.8;0.0106103
0.25;0.81;0.0100286
0.25;0.82;0.00943399
0.25;0.83;0.00882846
0.25;0.84;0.00821515
0.25;0.85;0.00759585
0.25;0.86;0.00696386
0.25;0.87;0.00633164
0.25;0.88;0.00569355
0.25;0.89;0.00504901
0.25;0.9;0.0044053
0.25;0.91;0.00375836
0.25;0.92;0.00311066
0.25;0.93;0.00246285
0.25;0.94;0.00181442
0.25;0.95;0.00116799
0.25;0.96;0.000525401
0.25;0.97;8.24423e-34
0.25;0.98;8.22431e-34
0.25;0.99;8.20445e-34
0.26;-1;8.26268e-34
0.26;-0.99;8.28442e-34
0.26;-0.98;8.30616e-34
0.26;-0.97;8.3279e-34
0.26;-0.96;0.000362159
0.26;-0.95;0.00101071
0.26;-0.94;0.00165906
0.26;-0.93;0.00231412
0.26;-0.92;0.00296546
0.26;-0.91;0.00361847
0.26;-0.9;0.00427417
0.26;-0.89;0.00492586
0.26;-0.88;0.00557746
0.26;-0.87;0.0062229
0.26;-0.86;0.00686429
0.26;-0.85;0.00750215
0.26;-0.84;0.00813726
0.26;-0.83;0.00876277
0.26;-0.82;0.00937687
0.26;-0.81;0.00998134
0.26;-0.8;0.0105733
0.26;-0.79;0.0111522
0.26;-0.78;0.0117199
0.26;-0.77;0.0122667
0.26;-0.76;0.0127981
0.26;-0.75;0.0133071
0.26;-0.74;0.0137951
0.26;-0.73;0.014257
0.26;-0.72;0.0146923
0.26;-0.71;0.0150982
0.26;-0.7;0.0154747
0.26;-0.69;0.015814
0.26;-0.68;0.0161152
0.26;-0.67;0.0163783
0.26;-0.66;0.0165976
0.26;-0.65;0.0167717
0.26;-0.64;0.0168962
0.26;-0.63;0.0169674
0.26;-0.62;0.016983
0.26;-0.61;0.0169388
0.26;-0.6;0.0168318
0.26;-0.59;0.0166572
0.26;-0.58;0.0164128
0.26;-0.57;0.0160859
0.26;-0.56;0.0156765
0.26;-0.55;0.0151849
0.26;-0.54;0.0146013
0.26;-0.53;0.0139252
0.26;-0.52;0.0131521
0.26;-0.51;0.0122643
0.26;-0.5;0.0112629
0.26;-0.49;0.0101525
0.26;-0.48;0.00891512
0.26;-0.47;0.0075377
0.26;-0.46;0.00602358
0.26;-0.45;0.00437563
0.26;-0.44;0.002568
0.26;-0.43;0.000601631
0.26;-0.42;1.53074e-33
0.26;-0.41;1.55271e-33
0.26;-0.4;1.57633e-33
0.26;-0.39;1.59861e-33
0.26;-0.38;1.62081e-33
0.26;-0.37;1.64758e-33
0.26;-0.36;1.67952e-33
0.26;-0.35;1.70686e-33
0.26;-0.34;1.73568e-33
0.26;-0.33;1.77245e-33
0.26;-0.32;1.80676e-33
0.26;-0.31;1.84239e-33
0.26;-0.3;1.87817e-33
0.26;-0.29;1.92624e-33
0.26;-0.28;1.96822e-33
0.26;-0.27;2.01536e-33
0.26;-0.26;2.068e-33
0.26;-0.25;2.12805e-33
0.26;-0.24;1.23186e-19
0.26;-0.23;2.24131e-33
0.26;-0.22;2.29371e-33
0.26;-0.21;2.36481e-33
0.26;-0.2;2.43716e-33
0.26;-0.19;2.5133e-33
0.26;-0.18;2.44805e-33
0.26;-0.17;2.66746e-33
0.26;-0.16;2.52568e-33
0.26;-0.15;2.85129e-33
0.26;-0.14;2.93281e-33
0.26;-0.13;2.677e-33
0.26;-0.12;3.11869e-33
0.26;-0.11;3.21812e-33
0.26;-0.1;3.29488e-33
0.26;-0.09;3.39477e-33
0.26;-0.08;3.46684e-33
0.26;-0.07;2.94915e-33
0.26;-0.06;3.62688e-33
0.26;-0.05;3.69318e-33
0.26;-0.04;3.05646e-33
0.26;-0.03;3.79459e-33
0.26;-0.02;3.82999e-33
0.26;-0.01;3.20958e-33
0.26;0;3.23855e-33
0.26;0.01;3.20821e-33
0.26;0.02;3.16964e-33
0.26;0.03;3.79361e-33
0.26;0.04;3.74754e-33
0.26;0.05;3.69252e-33
0.26;0.06;3.62743e-33
0.26;0.07;2.94881e-33
0.26;0.08;3.46452e-33
0.26;0.09;2.83733e-33
0.26;0.1;3.30139e-33
0.26;0.11;2.75387e-33
0.26;0.12;2.71712e-33
0.26;0.13;3.01493e-33
0.26;0.14;2.6396e-33
0.26;0.15;2.85058e-33
0.26;0.16;2.74898e-33
0.26;0.17;2.48466e-33
0.26;0.18;2.58807e-33
0.26;0.19;2.51611e-33
0.26;0.2;2.3703e-33
0.26;0.21;2.36319e-33
0.26;0.22;2.31079e-33
0.26;0.23;1.25018e-19
0.26;0.24;2.18041e-33
0.26;0.25;2.12192e-33
0.26;0.26;2.0683e-33
0.26;0.27;2.01219e-33
0.26;0.28;1.97186e-33
0.26;0.29;1.93078e-33
0.26;0.3;1.88047e-33
0.26;0.31;1.84238e-33
0.26;0.32;1.80846e-33
0.26;0.33;1.76978e-33
0.26;0.34;1.73555e-33
0.26;0.35;1.70326e-33
0.26;0.36;1.67688e-33
0.26;0.37;1.64816e-33
0.26;0.38;1.62092e-33
0.26;0.39;1.59879e-33
0.26;0.4;1.57649e-33
0.26;0.41;1.55227e-33
0.26;0.42;1.53121e-33
0.26;0.43;0.000601717
0.26;0.44;0.00256224
0.26;0.45;0.00437766
0.26;0.46;0.00602391
0.26;0.47;0.00753263
0.26;0.48;0.00891374
0.26;0.49;0.0101466
0.26;0.5;0.0112623
0.26;0.51;0.0122627
0.26;0.52;0.0131534
0.26;0.53;0.0139261
0.26;0.54;0.0146036
0.26;0.55;0.0151877
0.26;0.56;0.0156776
0.26;0.57;0.0160852
0.26;0.58;0.0164115
0.26;0.59;0.016656
0.26;0.6;0.01683
0.26;0.61;0.0169379
0.26;0.62;0.0169841
0.26;0.63;0.0169678
0.26;0.64;0.0168961
0.26;0.65;0.0167715
0.26;0.66;0.0165964
0.26;0.67;0.0163783
0.26;0.68;0.0161155
0.26;0.69;0.0158122
0.26;0.7;0.015473
0.26;0.71;0.0150999
0.26;0.72;0.0146936
0.26;0.73;0.0142569
0.26;0.74;0.0137943
0.26;0.75;0.0133078
0.26;0.76;0.0127987
0.26;0.77;0.0122675
0.26;0.78;0.01172
0.26;0.79;0.0111522
0.26;0.8;0.0105742
0.26;0.81;0.00998223
0.26;0.82;0.0093771
0.26;0.83;0.00876175
0.26;0.84;0.00813568
0.26;0.85;0.00750171
0.26;0.86;0.00686422
0.26;0.87;0.00622285
0.26;0.88;0.00557531
0.26;0.89;0.00492599
0.26;0.9;0.00427189
0.26;0.91;0.00362041
0.26;0.92;0.00296566
0.26;0.93;0.00231343
0.26;0.94;0.00165948
0.26;0.95;0.00100828
0.26;0.96;0.000362013
0.26;0.97;8.32585e-34
0.26;0.98;8.30434e-34
0.26;0.99;8.28284e-34
0.27;-1;8.34488e-34
0.27;-0.99;8.36622e-34
0.27;-0.98;8.39146e-34
0.27;-0.97;8.41671e-34
0.27;-0.96;0.000185834
0.27;-0.95;0.000838984
0.27;-0.94;0.00149415
0.27;-0.93;0.00214881
0.27;-0.92;0.0028125
0.27;-0.91;0.00347209
0.27;-0.9;0.00413259
0.27;-0.89;0.00479298
0.27;-0.88;0.00545179
0.27;-0.87;0.00610639
0.27;-0.86;0.00676077
0.27;-0.85;0.00740597
0.27;-0.84;0.00804849
0.27;-0.83;0.00868297
0.27;-0.82;0.0093094
0.27;-0.81;0.00992716
0.27;-0.8;0.010531
0.27;-0.79;0.011126
0.27;-0.78;0.0117047
0.27;-0.77;0.0122689
0.27;-0.76;0.0128143
0.27;-0.75;0.0133418
0.27;-0.74;0.0138461
0.27;-0.73;0.0143255
0.27;-0.72;0.0147789
0.27;-0.71;0.0152048
0.27;-0.7;0.0155998
0.27;-0.69;0.0159621
0.27;-0.68;0.0162886
0.27;-0.67;0.0165758
0.27;-0.66;0.0168217
0.27;-0.65;0.0170243
0.27;-0.64;0.0171764
0.27;-0.63;0.0172782
0.27;-0.62;0.0173245
0.27;-0.61;0.0173113
0.27;-0.6;0.0172347
0.27;-0.59;0.0170926
0.27;-0.58;0.0168797
0.27;-0.57;0.0165935
0.27;-0.56;0.0162292
0.27;-0.55;0.0157831
0.27;-0.54;0.0152462
0.27;-0.53;0.0146104
0.27;-0.52;0.0138774
0.27;-0.51;0.0130416
0.27;-0.5;0.0121015
0.27;-0.49;0.011041
0.27;-0.48;0.00985131
0.27;-0.47;0.00854543
0.27;-0.46;0.00710145
0.27;-0.45;0.00550901
0.27;-0.44;0.00376657
0.27;-0.43;0.0018744
0.27;-0.42;1.56613e-33
0.27;-0.41;1.58848e-33
0.27;-0.4;1.60991e-33
0.27;-0.39;1.63283e-33
0.27;-0.38;1.66143e-33
0.27;-0.37;1.6924e-33
0.27;-0.36;1.71809e-33
0.27;-0.35;1.74777e-33
0.27;-0.34;1.77987e-33
0.27;-0.33;1.81351e-33
0.27;-0.32;1.84823e-33
0.27;-0.31;1.88872e-33
0.27;-0.3;1.9297e-33
0.27;-0.29;1.97114e-33
0.27;-0.28;2.02454e-33
0.27;-0.27;2.068e-33
0.27;-0.26;2.12626e-33
0.27;-0.25;1.23186e-19
0.27;-0.24;2.23634e-33
0.27;-0.23;2.2879e-33
0.27;-0.22;2.35601e-33
0.27;-0.21;2.42654e-33
0.27;-0.2;2.50019e-33
0.27;-0.19;2.56156e-33
0.27;-0.18;2.48692e-33
0.27;-0.17;2.73018e-33
0.27;-0.16;2.81498e-33
0.27;-0.15;2.89126e-33
0.27;-0.14;2.677e-33
0.27;-0.13;3.05552e-33
0.27;-0.12;3.15836e-33
0.27;-0.11;2.79504e-33
0.27;-0.1;2.83879e-33
0.27;-0.09;3.42606e-33
0.27;-0.08;2.94915e-33
0.27;-0.07;2.98882e-33
0.27;-0.06;3.64646e-33
0.27;-0.05;3.70677e-33
0.27;-0.04;3.75915e-33
0.27;-0.03;3.17117e-33
0.27;-0.02;3.20958e-33
0.27;-0.01;3.23785e-33
0.27;0;3.85834e-33
0.27;0.01;3.23855e-33
0.27;0.02;3.20821e-33
0.27;0.03;3.16964e-33
0.27;0.04;3.75994e-33
0.27;0.05;3.70653e-33
0.27;0.06;3.64733e-33
0.27;0.07;3.57234e-33
0.27;0.08;3.50796e-33
0.27;0.09;3.41891e-33
0.27;0.1;3.33343e-33
0.27;0.11;2.79118e-33
0.27;0.12;2.75387e-33
0.27;0.13;3.0726e-33
0.27;0.14;2.97726e-33
0.27;0.15;2.6396e-33
0.27;0.16;2.81221e-33
0.27;0.17;2.73042e-33
0.27;0.18;2.48466e-33
0.27;0.19;2.56326e-33
0.27;0.2;2.50048e-33
0.27;0.21;2.3703e-33
0.27;0.22;2.35554e-33
0.27;0.23;2.29208e-33
0.27;0.24;2.23432e-33
0.27;0.25;2.17677e-33
0.27;0.26;2.11973e-33
0.27;0.27;2.0683e-33
0.27;0.28;-1.13271e-19
0.27;0.29;1.97452e-33
0.27;0.3;1.93436e-33
0.27;0.31;1.8921e-33
0.27;0.32;1.84792e-33
0.27;0.33;1.81491e-33
0.27;0.34;1.77866e-33
0.27;0.35;1.74684e-33
0.27;0.36;1.71545e-33
0.27;0.37;1.68864e-33
0.27;0.38;1.66136e-33
0.27;0.39;1.63306e-33
0.27;0.4;1.61005e-33
0.27;0.41;1.58872e-33
0.27;0.42;1.566e-33
0.27;0.43;0.0018781
0.27;0.44;0.00376743
0.27;0.45;0.00550554
0.27;0.46;0.00710092
0.27;0.47;0.00853704
0.27;0.48;0.00985953
0.27;0.49;0.011041
0.27;0.5;0.0121006
0.27;0.51;0.0130454
0.27;0.52;0.0138799
0.27;0.53;0.0146105
0.27;0.54;0.015247
0.27;0.55;0.0157836
0.27;0.56;0.0162278
0.27;0.57;0.0165923
0.27;0.58;0.0168792
0.27;0.59;0.017091
0.27;0.6;0.0172336
0.27;0.61;0.0173097
0.27;0.62;0.0173251
0.27;0.63;0.0172801
0.27;0.64;0.0171769
0.27;0.65;0.0170223
0.27;0.66;0.0168212
0.27;0.67;0.0165772
0.27;0.68;0.0162899
0.27;0.69;0.0159629
0.27;0.7;0.015599
0.27;0.71;0.0152059
0.27;0.72;0.0147793
0.27;0.73;0.0143254
0.27;0.74;0.0138449
0.27;0.75;0.0133414
0.27;0.76;0.012814
0.27;0.77;0.0122669
0.27;0.78;0.0117031
0.27;0.79;0.0111271
0.27;0.8;0.0105317
0.27;0.81;0.00992704
0.27;0.82;0.00930808
0.27;0.83;0.00868341
0.27;0.84;0.00804909
0.27;0.85;0.0074065
0.27;0.86;0.00676052
0.27;0.87;0.00610584
0.27;0.88;0.00544799
0.27;0.89;0.00479072
0.27;0.9;0.00413297
0.27;0.91;0.00347217
0.27;0.92;0.00281195
0.27;0.93;0.00215372
0.27;0.94;0.0014917
0.27;0.95;0.000838797
0.27;0.96;0.000185772
0.27;0.97;8.41421e-34
0.27;0.98;8.38906e-34
0.27;0.99;8.3639e-34
0.28;-1;8.43213e-34
0.28;-0.99;8.45738e-34
0.28;-0.98;8.47991e-34
0.28;-0.97;8.50562e-34
0.28;-0.96;8.53132e-34
0.28;-0.95;0.000656199
0.28;-0.94;0.00131845
0.28;-0.93;0.00198052
0.28;-0.92;0.002648
0.28;-0.91;0.0033155
0.28;-0.9;0.00398233
0.28;-0.89;0.00465043
0.28;-0.88;0.00531678
0.28;-0.87;0.00597927
0.28;-0.86;0.00664282
0.28;-0.85;0.00729971
0.28;-0.84;0.00794823
0.28;-0.83;0.00859575
0.28;-0.82;0.00923523
0.28;-0.81;0.00986439
0.28;-0.8;0.010483
0.28;-0.79;0.0110906
0.28;-0.78;0.0116837
0.28;-0.77;0.0122623
0.28;-0.76;0.0128211
0.28;-0.75;0.0133624
0.28;-0.74;0.0138847
0.28;-0.73;0.0143841
0.28;-0.72;0.0148589
0.28;-0.71;0.0153046
0.28;-0.7;0.0157227
0.28;-0.69;0.0161079
0.28;-0.68;0.0164573
0.28;-0.67;0.0167685
0.28;-0.66;0.0170394
0.28;-0.65;0.0172681
0.28;-0.64;0.0174481
0.28;-0.63;0.0175794
0.28;-0.62;0.017657
0.28;-0.61;0.0176776
0.28;-0.6;0.017639
0.28;-0.59;0.0175364
0.28;-0.58;0.0173657
0.28;-0.57;0.017118
0.28;-0.56;0.0167916
0.28;-0.55;0.0163826
0.28;-0.54;0.0158895
0.28;-0.53;0.0153042
0.28;-0.52;0.0146233
0.28;-0.51;0.0138452
0.28;-0.5;0.0129476
0.28;-0.49;0.0119415
0.28;-0.48;0.0108162
0.28;-0.47;0.009575
0.28;-0.46;0.00819528
0.28;-0.45;0.0066726
0.28;-0.44;0.00500417
0.28;-0.43;0.00319231
0.28;-0.42;0.00120842
0.28;-0.41;1.61963e-33
0.28;-0.4;1.64407e-33
0.28;-0.39;1.67323e-33
0.28;-0.38;1.70048e-33
0.28;-0.37;1.72649e-33
0.28;-0.36;-9.76799e-20
0.28;-0.35;1.78729e-33
0.28;-0.34;1.00963e-19
0.28;-0.33;1.85408e-33
0.28;-0.32;1.8935e-33
0.28;-0.31;1.93316e-33
0.28;-0.3;1.97407e-33
0.28;-0.29;2.02541e-33
0.28;-0.28;2.068e-33
0.28;-0.27;2.11668e-33
0.28;-0.26;2.17171e-33
0.28;-0.25;9.23895e-20
0.28;-0.24;2.28208e-33
0.28;-0.23;2.34722e-33
0.28;-0.22;2.40512e-33
0.28;-0.21;2.47542e-33
0.28;-0.2;2.44805e-33
0.28;-0.19;2.61862e-33
0.28;-0.18;2.52568e-33
0.28;-0.17;2.59698e-33
0.28;-0.16;2.85748e-33
0.28;-0.15;2.677e-33
0.28;-0.14;3.01563e-33
0.28;-0.13;3.11441e-33
0.28;-0.12;2.79504e-33
0.28;-0.11;3.27073e-33
0.28;-0.1;3.36442e-33
0.28;-0.09;3.45242e-33
0.28;-0.08;3.51901e-33
0.28;-0.07;3.5912e-33
0.28;-0.06;3.65409e-33
0.28;-0.05;3.71163e-33
0.28;-0.04;3.76314e-33
0.28;-0.03;3.80406e-33
0.28;-0.02;3.23785e-33
0.28;-0.01;3.27328e-33
0.28;0;3.85833e-33
0.28;0.01;3.85263e-33
0.28;0.02;3.8352e-33
0.28;0.03;3.80313e-33
0.28;0.04;3.16964e-33
0.28;0.05;3.71163e-33
0.28;0.06;3.05944e-33
0.28;0.07;3.59302e-33
0.28;0.08;3.51707e-33
0.28;0.09;3.43255e-33
0.28;0.1;2.90873e-33
0.28;0.11;3.29156e-33
0.28;0.12;3.1955e-33
0.28;0.13;3.11024e-33
0.28;0.14;3.01584e-33
0.28;0.15;2.67702e-33
0.28;0.16;2.6396e-33
0.28;0.17;2.77444e-33
0.28;0.18;2.53088e-33
0.28;0.19;2.62051e-33
0.28;0.2;2.55096e-33
0.28;0.21;2.47271e-33
0.28;0.22;2.3703e-33
0.28;0.23;2.3479e-33
0.28;0.24;2.28485e-33
0.28;0.25;2.22142e-33
0.28;0.26;2.17313e-33
0.28;0.27;2.11019e-33
0.28;0.28;1.153e-19
0.28;0.29;-1.13271e-19
0.28;0.3;1.97718e-33
0.28;0.31;1.93794e-33
0.28;0.32;1.89702e-33
0.28;0.33;1.85346e-33
0.28;0.34;1.82137e-33
0.28;0.35;1.78755e-33
0.28;0.36;1.75387e-33
0.28;0.37;1.72505e-33
0.28;0.38;1.69681e-33
0.28;0.39;1.67148e-33
0.28;0.4;1.64456e-33
0.28;0.41;1.61974e-33
0.28;0.42;0.00120856
0.28;0.43;0.00319188
0.28;0.44;0.00500368
0.28;0.45;0.00666848
0.28;0.46;0.00819052
0.28;0.47;0.00957279
0.28;0.48;0.0108174
0.28;0.49;0.0119464
0.28;0.5;0.0129515
0.28;0.51;0.0138467
0.28;0.52;0.0146242
0.28;0.53;0.0153065
0.28;0.54;0.015888
0.28;0.55;0.0163813
0.28;0.56;0.016792
0.28;0.57;0.0171179
0.28;0.58;0.0173646
0.28;0.59;0.0175336
0.28;0.6;0.0176376
0.28;0.61;0.0176762
0.28;0.62;0.0176568
0.28;0.63;0.0175787
0.28;0.64;0.0174491
0.28;0.65;0.0172678
0.28;0.66;0.0170412
0.28;0.67;0.0167688
0.28;0.68;0.016456
0.28;0.69;0.0161059
0.28;0.7;0.0157211
0.28;0.71;0.0153049
0.28;0.72;0.0148592
0.28;0.73;0.0143835
0.28;0.74;0.0138843
0.28;0.75;0.0133628
0.28;0.76;0.0128206
0.28;0.77;0.012262
0.28;0.78;0.0116842
0.28;0.79;0.0110914
0.28;0.8;0.0104825
0.28;0.81;0.00986428
0.28;0.82;0.00923466
0.28;0.83;0.00859573
0.28;0.84;0.00795262
0.28;0.85;0.0072989
0.28;0.86;0.00664199
0.28;0.87;0.0059789
0.28;0.88;0.00531662
0.28;0.89;0.00465078
0.28;0.9;0.00398285
0.28;0.91;0.00331539
0.28;0.92;0.00264769
0.28;0.93;0.00198032
0.28;0.94;0.00131834
0.28;0.95;0.000659004
0.28;0.96;8.53475e-34
0.28;0.97;8.50673e-34
0.28;0.98;8.4787e-34
0.28;0.99;8.45473e-34
0.29;-1;8.46375e-34
0.29;-0.99;8.54268e-34
0.29;-0.98;8.56839e-34
0.29;-0.97;8.59445e-34
0.29;-0.96;8.62493e-34
0.29;-0.95;0.000467585
0.29;-0.94;0.00113214
0.29;-0.93;0.00180165
0.29;-0.92;0.00247163
0.29;-0.91;0.00314861
0.29;-0.9;0.00382189
0.29;-0.89;0.00449765
0.29;-0.88;0.00517137
0.29;-0.87;0.00584522
0.29;-0.86;0.00651425
0.29;-0.85;0.00718224
0.29;-0.84;0.00784497
0.29;-0.83;0.00849885
0.29;-0.82;0.009151
0.29;-0.81;0.00979351
0.29;-0.8;0.0104257
0.29;-0.79;0.0110438
0.29;-0.78;0.0116525
0.29;-0.77;0.0122452
0.29;-0.76;0.0128239
0.29;-0.75;0.013382
0.29;-0.74;0.0139207
0.29;-0.73;0.0144402
0.29;-0.72;0.0149335
0.29;-0.71;0.0154039
0.29;-0.7;0.0158433
0.29;-0.69;0.0162517
0.29;-0.68;0.0166243
0.29;-0.67;0.0169636
0.29;-0.66;0.0172623
0.29;-0.65;0.0175184
0.29;-0.64;0.0177289
0.29;-0.63;0.0178919
0.29;-0.62;0.0180005
0.29;-0.61;0.0180474
0.29;-0.6;0.0180433
0.29;-0.59;0.0179772
0.29;-0.58;0.0178423
0.29;-0.57;0.0176351
0.29;-0.56;0.0173542
0.29;-0.55;0.0169954
0.29;-0.54;0.0165505
0.29;-0.53;0.0160183
0.29;-0.52;0.0153838
0.29;-0.51;0.01465
0.29;-0.5;0.0138137
0.29;-0.49;0.0128695
0.29;-0.48;0.0118131
0.29;-0.47;0.0106266
0.29;-0.46;0.0093098
0.29;-0.45;0.00786402
0.29;-0.44;0.00627534
0.29;-0.43;0.00453308
0.29;-0.42;0.00263285
0.29;-0.41;0.000574595
0.29;-0.4;1.68502e-33
0.29;-0.39;4.74082e-20
0.29;-0.38;1.73489e-33
0.29;-0.37;-4.88399e-20
0.29;-0.36;1.79471e-33
0.29;-0.35;1.82971e-33
0.29;-0.34;1.8629e-33
0.29;-0.33;1.89828e-33
0.29;-0.32;1.93662e-33
0.29;-0.31;1.97699e-33
0.29;-0.3;2.02627e-33
0.29;-0.29;2.068e-33
0.29;-0.28;2.11564e-33
0.29;-0.27;2.1684e-33
0.29;-0.26;2.21886e-33
0.29;-0.25;2.27627e-33
0.29;-0.24;2.32899e-33
0.29;-0.23;2.39561e-33
0.29;-0.22;2.46337e-33
0.29;-0.21;2.44805e-33
0.29;-0.2;2.59087e-33
0.29;-0.19;2.52568e-33
0.29;-0.18;2.59698e-33
0.29;-0.17;2.82594e-33
0.29;-0.16;2.677e-33
0.29;-0.15;2.71568e-33
0.29;-0.14;2.75574e-33
0.29;-0.13;2.79504e-33
0.29;-0.12;3.22865e-33
0.29;-0.11;2.90678e-33
0.29;-0.1;3.39675e-33
0.29;-0.09;2.98882e-33
0.29;-0.08;3.01934e-33
0.29;-0.07;3.61406e-33
0.29;-0.06;3.67149e-33
0.29;-0.05;3.72383e-33
0.29;-0.04;3.76712e-33
0.29;-0.03;3.80591e-33
0.29;-0.02;3.27328e-33
0.29;-0.01;3.84557e-33
0.29;0;3.37723e-33
0.29;0.01;3.85283e-33
0.29;0.02;3.28184e-33
0.29;0.03;3.23855e-33
0.29;0.04;3.76731e-33
0.29;0.05;3.16964e-33
0.29;0.06;3.12989e-33
0.29;0.07;3.60196e-33
0.29;0.08;3.53982e-33
0.29;0.09;2.98605e-33
0.29;0.1;2.94881e-33
0.29;0.11;3.30872e-33
0.29;0.12;2.83733e-33
0.29;0.13;2.79118e-33
0.29;0.14;3.07041e-33
0.29;0.15;2.97993e-33
0.29;0.16;2.89892e-33
0.29;0.17;2.6396e-33
0.29;0.18;2.7429e-33
0.29;0.19;2.53088e-33
0.29;0.2;2.59223e-33
0.29;0.21;2.53866e-33
0.29;0.22;2.46017e-33
0.29;0.23;2.39529e-33
0.29;0.24;2.3319e-33
0.29;0.25;2.27761e-33
0.29;0.26;2.21818e-33
0.29;0.27;2.16949e-33
0.29;0.28;2.10932e-33
0.29;0.29;2.0683e-33
0.29;0.3;2.02356e-33
0.29;0.31;1.97984e-33
0.29;0.32;1.94152e-33
0.29;0.33;1.90194e-33
0.29;0.34;1.86309e-33
0.29;0.35;-7.69993e-20
0.29;0.36;1.79905e-33
0.29;0.37;1.7609e-33
0.29;0.38;1.73464e-33
0.29;0.39;1.70497e-33
0.29;0.4;1.6816e-33
0.29;0.41;0.000574754
0.29;0.42;0.00263397
0.29;0.43;0.00453546
0.29;0.44;0.00627272
0.29;0.45;0.00786531
0.29;0.46;0.00931157
0.29;0.47;0.0106251
0.29;0.48;0.0118114
0.29;0.49;0.0128746
0.29;0.5;0.013815
0.29;0.51;0.0146487
0.29;0.52;0.0153818
0.29;0.53;0.016018
0.29;0.54;0.0165489
0.29;0.55;0.0169943
0.29;0.56;0.0173584
0.29;0.57;0.0176346
0.29;0.58;0.0178406
0.29;0.59;0.0179776
0.29;0.6;0.0180449
0.29;0.61;0.0180522
0.29;0.62;0.0179991
0.29;0.63;0.0178909
0.29;0.64;0.0177292
0.29;0.65;0.0175182
0.29;0.66;0.0172572
0.29;0.67;0.0169586
0.29;0.68;0.0166279
0.29;0.69;0.0162533
0.29;0.7;0.0158437
0.29;0.71;0.0154038
0.29;0.72;0.014935
0.29;0.73;0.0144395
0.29;0.74;0.0139227
0.29;0.75;0.0133853
0.29;0.76;0.012823
0.29;0.77;0.0122451
0.29;0.78;0.0116523
0.29;0.79;0.0110438
0.29;0.8;0.0104259
0.29;0.81;0.00979302
0.29;0.82;0.00915012
0.29;0.83;0.00849812
0.29;0.84;0.00784124
0.29;0.85;0.007179
0.29;0.86;0.00651306
0.29;0.87;0.00584535
0.29;0.88;0.00517128
0.29;0.89;0.00449684
0.29;0.9;0.00382041
0.29;0.91;0.0031487
0.29;0.92;0.00247309
0.29;0.93;0.00180214
0.29;0.94;0.00112972
0.29;0.95;0.000462355
0.29;0.96;8.63009e-34
0.29;0.97;8.60138e-34
0.29;0.98;8.57517e-34
0.29;0.99;8.54714e-34
0.3;-1;8.57953e-34
0.3;-0.99;8.63369e-34
0.3;-0.98;8.66417e-34
0.3;-0.97;8.69466e-34
0.3;-0.96;8.72471e-34
0.3;-0.95;0.000264871
0.3;-0.94;0.000934284
0.3;-0.93;0.001612
0.3;-0.92;0.00228767
0.3;-0.91;0.00296991
0.3;-0.9;0.00365054
0.3;-0.89;0.00433429
0.3;-0.88;0.00501594
0.3;-0.87;0.00569423
0.3;-0.86;0.00637376
0.3;-0.85;0.00705349
0.3;-0.84;0.00772748
0.3;-0.83;0.00839512
0.3;-0.82;0.00905519
0.3;-0.81;0.00970828
0.3;-0.8;0.0103568
0.3;-0.79;0.0109902
0.3;-0.78;0.0116135
0.3;-0.77;0.0122234
0.3;-0.76;0.0128184
0.3;-0.75;0.0133959
0.3;-0.74;0.0139519
0.3;-0.73;0.0144864
0.3;-0.72;0.0150027
0.3;-0.71;0.0154894
0.3;-0.7;0.0159519
0.3;-0.69;0.0163814
0.3;-0.68;0.0167805
0.3;-0.67;0.0171452
0.3;-0.66;0.0174695
0.3;-0.65;0.0177535
0.3;-0.64;0.0179935
0.3;-0.63;0.0181877
0.3;-0.62;0.0183316
0.3;-0.61;0.0184187
0.3;-0.6;0.018451
0.3;-0.59;0.0184197
0.3;-0.58;0.0183283
0.3;-0.57;0.0181652
0.3;-0.56;0.0179257
0.3;-0.55;0.0176118
0.3;-0.54;0.0172107
0.3;-0.53;0.0167227
0.3;-0.52;0.0161426
0.3;-0.51;0.0154758
0.3;-0.5;0.0146974
0.3;-0.49;0.013815
0.3;-0.48;0.0128122
0.3;-0.47;0.0116936
0.3;-0.46;0.0104503
0.3;-0.45;0.00907724
0.3;-0.44;0.00757526
0.3;-0.43;0.00590529
0.3;-0.42;0.00409214
0.3;-0.41;0.00213811
0.3;-0.4;1.76161e-06
0.3;-0.39;1.74405e-33
0.3;-0.38;1.77317e-33
0.3;-0.37;1.80367e-33
0.3;-0.36;1.83555e-33
0.3;-0.35;1.8678e-33
0.3;-0.34;1.90306e-33
0.3;-0.33;1.94008e-33
0.3;-0.32;1.97991e-33
0.3;-0.31;2.02714e-33
0.3;-0.3;2.068e-33
0.3;-0.29;2.1146e-33
0.3;-0.28;2.1651e-33
0.3;-0.27;2.21499e-33
0.3;-0.26;2.27046e-33
0.3;-0.25;-1.31075e-19
0.3;-0.24;2.38611e-33
0.3;-0.23;2.44203e-33
0.3;-0.22;2.51055e-33
0.3;-0.21;2.57745e-33
0.3;-0.2;2.64873e-33
0.3;-0.19;2.71208e-33
0.3;-0.18;2.78899e-33
0.3;-0.17;2.677e-33
0.3;-0.16;2.94267e-33
0.3;-0.15;2.75574e-33
0.3;-0.14;3.09663e-33
0.3;-0.13;3.18937e-33
0.3;-0.12;3.26061e-33
0.3;-0.11;2.94915e-33
0.3;-0.1;3.42585e-33
0.3;-0.09;3.01934e-33
0.3;-0.08;3.05646e-33
0.3;-0.07;3.13661e-33
0.3;-0.06;3.17117e-33
0.3;-0.05;3.7286e-33
0.3;-0.04;3.77734e-33
0.3;-0.03;3.80776e-33
0.3;-0.02;3.83686e-33
0.3;-0.01;3.84834e-33
0.3;0;3.40692e-33
0.3;0.01;3.37723e-33
0.3;0.02;3.34479e-33
0.3;0.03;3.81192e-33
0.3;0.04;3.77733e-33
0.3;0.05;3.72903e-33
0.3;0.06;3.67836e-33
0.3;0.07;3.6249e-33
0.3;0.08;3.55278e-33
0.3;0.09;3.50394e-33
0.3;0.1;2.98605e-33
0.3;0.11;3.3395e-33
0.3;0.12;2.90873e-33
0.3;0.13;3.18792e-33
0.3;0.14;3.0945e-33
0.3;0.15;3.01676e-33
0.3;0.16;2.94269e-33
0.3;0.17;2.86371e-33
0.3;0.18;2.6396e-33
0.3;0.19;2.71339e-33
0.3;0.2;2.53088e-33
0.3;0.21;2.57891e-33
0.3;0.22;2.44424e-33
0.3;0.23;2.43902e-33
0.3;0.24;2.38479e-33
0.3;0.25;2.32524e-33
0.3;0.26;2.27037e-33
0.3;0.27;2.21494e-33
0.3;0.28;2.16585e-33
0.3;0.29;2.10845e-33
0.3;0.3;2.0683e-33
0.3;0.31;5.66357e-20
0.3;0.32;1.9825e-33
0.3;0.33;1.9451e-33
0.3;0.34;1.90687e-33
0.3;0.35;1.86866e-33
0.3;0.36;1.8359e-33
0.3;0.37;1.80551e-33
0.3;0.38;1.77065e-33
0.3;0.39;1.74363e-33
0.3;0.4;1.7898e-06
0.3;0.41;0.00213507
0.3;0.42;0.00409191
0.3;0.43;0.00590797
0.3;0.44;0.00757281
0.3;0.45;0.00908024
0.3;0.46;0.0104494
0.3;0.47;0.0116985
0.3;0.48;0.0128143
0.3;0.49;0.0138176
0.3;0.5;0.0146983
0.3;0.51;0.0154715
0.3;0.52;0.0161432
0.3;0.53;0.0167298
0.3;0.54;0.0172104
0.3;0.55;0.0176127
0.3;0.56;0.0179297
0.3;0.57;0.0181659
0.3;0.58;0.0183276
0.3;0.59;0.0184231
0.3;0.6;0.0184511
0.3;0.61;0.0184199
0.3;0.62;0.0183307
0.3;0.63;0.0181877
0.3;0.64;0.0179942
0.3;0.65;0.0177538
0.3;0.66;0.017469
0.3;0.67;0.0171439
0.3;0.68;0.0167817
0.3;0.69;0.0163819
0.3;0.7;0.0159513
0.3;0.71;0.0154898
0.3;0.72;0.0150007
0.3;0.73;0.0144889
0.3;0.74;0.0139528
0.3;0.75;0.0133948
0.3;0.76;0.0128178
0.3;0.77;0.0122215
0.3;0.78;0.0116143
0.3;0.79;0.0109882
0.3;0.8;0.0103518
0.3;0.81;0.00970737
0.3;0.82;0.00905551
0.3;0.83;0.00839576
0.3;0.84;0.00772811
0.3;0.85;0.00705381
0.3;0.86;0.00637742
0.3;0.87;0.00569385
0.3;0.88;0.00501574
0.3;0.89;0.00433365
0.3;0.9;0.00364866
0.3;0.91;0.00297072
0.3;0.92;0.00228832
0.3;0.93;0.00161168
0.3;0.94;0.000934051
0.3;0.95;0.000264746
0.3;0.96;8.72443e-34
0.3;0.97;-2.36746e-20
0.3;0.98;4.73492e-20
0.3;0.99;8.63834e-34
0.31;-1;8.70342e-34
0.31;-0.99;8.72942e-34
0.31;-0.98;8.76195e-34
0.31;-0.97;8.79448e-34
0.31;-0.96;8.827e-34
0.31;-0.95;4.995e-05
0.31;-0.94;0.000726744
0.31;-0.93;0.00140472
0.31;-0.92;0.00208984
0.31;-0.91;0.00277745
0.31;-0.9;0.00346665
0.31;-0.89;0.004156
0.31;-0.88;0.00484868
0.31;-0.87;0.00553874
0.31;-0.86;0.00622871
0.31;-0.85;0.00691571
0.31;-0.84;0.00759903
0.31;-0.83;0.00827927
0.31;-0.82;0.00894988
0.31;-0.81;0.00961819
0.31;-0.8;0.010276
0.31;-0.79;0.0109264
0.31;-0.78;0.0115633
0.31;-0.77;0.0121895
0.31;-0.76;0.0128009
0.31;-0.75;0.0133946
0.31;-0.74;0.0139712
0.31;-0.73;0.0145275
0.31;-0.72;0.0150597
0.31;-0.71;0.0155715
0.31;-0.7;0.0160571
0.31;-0.69;0.0165126
0.31;-0.68;0.0169378
0.31;-0.67;0.017328
0.31;-0.66;0.0176815
0.31;-0.65;0.0179952
0.31;-0.64;0.0182679
0.31;-0.63;0.0184929
0.31;-0.62;0.0186666
0.31;-0.61;0.0187921
0.31;-0.6;0.0188592
0.31;-0.59;0.0188677
0.31;-0.58;0.0188102
0.31;-0.57;0.0186897
0.31;-0.56;0.0184935
0.31;-0.55;0.018225
0.31;-0.54;0.0178797
0.31;-0.53;0.0174439
0.31;-0.52;0.016922
0.31;-0.51;0.0163092
0.31;-0.5;0.0155894
0.31;-0.49;0.0147613
0.31;-0.48;0.0138264
0.31;-0.47;0.0127827
0.31;-0.46;0.0116107
0.31;-0.45;0.0103165
0.31;-0.44;0.00888384
0.31;-0.43;0.00730196
0.31;-0.42;0.00558765
0.31;-0.41;0.0037163
0.31;-0.4;0.00168202
0.31;-0.39;1.78059e-33
0.31;-0.38;1.81043e-33
0.31;-0.37;1.8414e-33
0.31;-0.36;1.87269e-33
0.31;-0.35;1.90784e-33
0.31;-0.34;1.94354e-33
0.31;-0.33;1.98618e-33
0.31;-0.32;2.028e-33
0.31;-0.31;2.068e-33
0.31;-0.3;2.11356e-33
0.31;-0.29;2.16179e-33
0.31;-0.28;2.21112e-33
0.31;-0.27;-9.38316e-20
0.31;-0.26;2.31412e-33
0.31;-0.25;2.36882e-33
0.31;-0.24;2.4104e-33
0.31;-0.23;2.49745e-33
0.31;-0.22;2.55521e-33
0.31;-0.21;2.62067e-33
0.31;-0.2;2.59698e-33
0.31;-0.19;2.76808e-33
0.31;-0.18;2.677e-33
0.31;-0.17;2.90347e-33
0.31;-0.16;2.98514e-33
0.31;-0.15;3.0542e-33
0.31;-0.14;3.14786e-33
0.31;-0.13;3.22184e-33
0.31;-0.12;3.29211e-33
0.31;-0.11;2.98882e-33
0.31;-0.1;3.45059e-33
0.31;-0.09;3.51163e-33
0.31;-0.08;3.57093e-33
0.31;-0.07;3.64285e-33
0.31;-0.06;3.20958e-33
0.31;-0.05;3.73337e-33
0.31;-0.04;3.78069e-33
0.31;-0.03;3.81307e-33
0.31;-0.02;3.3777e-33
0.31;-0.01;3.84866e-33
0.31;0;3.85831e-33
0.31;0.01;3.40692e-33
0.31;0.02;3.83786e-33
0.31;0.03;3.81372e-33
0.31;0.04;3.28184e-33
0.31;0.05;3.23855e-33
0.31;0.06;3.6921e-33
0.31;0.07;3.16964e-33
0.31;0.08;3.57464e-33
0.31;0.09;3.05944e-33
0.31;0.1;3.01998e-33
0.31;0.11;3.36882e-33
0.31;0.12;3.29889e-33
0.31;0.13;2.90873e-33
0.31;0.14;2.83733e-33
0.31;0.15;3.06822e-33
0.31;0.16;2.9826e-33
0.31;0.17;2.90528e-33
0.31;0.18;2.84498e-33
0.31;0.19;2.6396e-33
0.31;0.2;2.69425e-33
0.31;0.21;2.62262e-33
0.31;0.22;2.55752e-33
0.31;0.23;2.44424e-33
0.31;0.24;2.42982e-33
0.31;0.25;2.36668e-33
0.31;0.26;1.29364e-19
0.31;0.27;2.25636e-33
0.31;0.28;2.2117e-33
0.31;0.29;2.16222e-33
0.31;0.3;2.10758e-33
0.31;0.31;-1.153e-19
0.31;0.32;2.02562e-33
0.31;0.33;1.98802e-33
0.31;0.34;1.94868e-33
0.31;0.35;1.91179e-33
0.31;0.36;1.87424e-33
0.31;0.37;1.02666e-19
0.31;0.38;1.81196e-33
0.31;0.39;1.77953e-33
0.31;0.4;0.00168069
0.31;0.41;0.00371523
0.31;0.42;0.00558677
0.31;0.43;0.00730923
0.31;0.44;0.00888342
0.31;0.45;0.0103149
0.31;0.46;0.011614
0.31;0.47;0.0127782
0.31;0.48;0.0138261
0.31;0.49;0.0147663
0.31;0.5;0.015587
0.31;0.51;0.0163098
0.31;0.52;0.0169223
0.31;0.53;0.0174418
0.31;0.54;0.0178784
0.31;0.55;0.018225
0.31;0.56;0.0184943
0.31;0.57;0.0186881
0.31;0.58;0.0188106
0.31;0.59;0.0188666
0.31;0.6;0.0188591
0.31;0.61;0.0187902
0.31;0.62;0.0186668
0.31;0.63;0.0184918
0.31;0.64;0.0182654
0.31;0.65;0.0179906
0.31;0.66;0.0176806
0.31;0.67;0.0173269
0.31;0.68;0.0169361
0.31;0.69;0.0165125
0.31;0.7;0.0160559
0.31;0.71;0.0155703
0.31;0.72;0.0150618
0.31;0.73;0.0145277
0.31;0.74;0.0139705
0.31;0.75;0.0133922
0.31;0.76;0.0128003
0.31;0.77;0.0121899
0.31;0.78;0.0115637
0.31;0.79;0.0109266
0.31;0.8;0.0102775
0.31;0.81;0.00961848
0.31;0.82;0.00894967
0.31;0.83;0.00827536
0.31;0.84;0.00759886
0.31;0.85;0.00691724
0.31;0.86;0.00622973
0.31;0.87;0.00553853
0.31;0.88;0.00484898
0.31;0.89;0.00415573
0.31;0.9;0.00346694
0.31;0.91;0.0027784
0.31;0.92;0.0020917
0.31;0.93;0.00140392
0.31;0.94;0.000726092
0.31;0.95;4.98772e-05
0.31;0.96;8.82343e-34
0.31;0.97;8.79195e-34
0.31;0.98;8.76047e-34
0.31;0.99;8.72899e-34
0.32;-1;8.79918e-34
0.32;-0.99;8.83171e-34
0.32;-0.98;1.24062e-20
0.32;-0.97;-4.96247e-20
0.32;-0.96;8.93924e-34
0.32;-0.95;8.97784e-34
0.32;-0.94;0.000505682
0.32;-0.93;0.00119574
0.32;-0.92;0.00188336
0.32;-0.91;0.00257807
0.32;-0.9;0.00327203
0.32;-0.89;0.00396842
0.32;-0.88;0.00467085
0.32;-0.87;0.00537157
0.32;-0.86;0.00606734
0.32;-0.85;0.00676817
0.32;-0.84;0.00745908
0.32;-0.83;0.00815158
0.32;-0.82;0.00883548
0.32;-0.81;0.00951726
0.32;-0.8;0.0101886
0.32;-0.79;0.0108519
0.32;-0.78;0.0115027
0.32;-0.77;0.0121415
0.32;-0.76;0.0127701
0.32;-0.75;0.0133859
0.32;-0.74;0.0139822
0.32;-0.73;0.0145603
0.32;-0.72;0.0151137
0.32;-0.71;0.0156451
0.32;-0.7;0.0161516
0.32;-0.69;0.0166331
0.32;-0.68;0.0170807
0.32;-0.67;0.0174967
0.32;-0.66;0.0178769
0.32;-0.65;0.0182216
0.32;-0.64;0.0185226
0.32;-0.63;0.018782
0.32;-0.62;0.0189938
0.32;-0.61;0.0191498
0.32;-0.6;0.0192575
0.32;-0.59;0.0193057
0.32;-0.58;0.0192925
0.32;-0.57;0.0192168
0.32;-0.56;0.0190677
0.32;-0.55;0.0188499
0.32;-0.54;0.0185562
0.32;-0.53;0.0181725
0.32;-0.52;0.0177011
0.32;-0.51;0.0171384
0.32;-0.5;0.016483
0.32;-0.49;0.015719
0.32;-0.48;0.0148571
0.32;-0.47;0.0138822
0.32;-0.46;0.0127904
0.32;-0.45;0.0115695
0.32;-0.44;0.0102113
0.32;-0.43;0.00872635
0.32;-0.42;0.00709542
0.32;-0.41;0.00532341
0.32;-0.4;0.0033943
0.32;-0.39;0.00128709
0.32;-0.38;1.84724e-33
0.32;-0.37;1.87758e-33
0.32;-0.36;1.91262e-33
0.32;-0.35;1.947e-33
0.32;-0.34;1.98821e-33
0.32;-0.33;2.02887e-33
0.32;-0.32;2.068e-33
0.32;-0.31;2.11252e-33
0.32;-0.3;2.15849e-33
0.32;-0.29;2.20726e-33
0.32;-0.28;2.25348e-33
0.32;-0.27;2.30669e-33
0.32;-0.26;2.36003e-33
0.32;-0.25;2.4104e-33
0.32;-0.24;2.47656e-33
0.32;-0.23;2.54158e-33
0.32;-0.22;2.59507e-33
0.32;-0.21;2.66578e-33
0.32;-0.2;2.73716e-33
0.32;-0.19;2.677e-33
0.32;-0.18;2.88019e-33
0.32;-0.17;2.75574e-33
0.32;-0.16;3.01727e-33
0.32;-0.15;2.83879e-33
0.32;-0.14;3.17034e-33
0.32;-0.13;3.25048e-33
0.32;-0.12;3.32317e-33
0.32;-0.11;3.39872e-33
0.32;-0.1;3.46319e-33
0.32;-0.09;3.53681e-33
0.32;-0.08;3.17117e-33
0.32;-0.07;3.65047e-33
0.32;-0.06;3.23785e-33
0.32;-0.05;3.74502e-33
0.32;-0.04;3.78894e-33
0.32;-0.03;3.81445e-33
0.32;-0.02;3.83761e-33
0.32;-0.01;3.84899e-33
0.32;0;3.50259e-33
0.32;0.01;3.85342e-33
0.32;0.02;3.84134e-33
0.32;0.03;3.81553e-33
0.32;0.04;3.78859e-33
0.32;0.05;3.74601e-33
0.32;0.06;3.23855e-33
0.32;0.07;3.65126e-33
0.32;0.08;3.16964e-33
0.32;0.09;3.12989e-33
0.32;0.1;3.45983e-33
0.32;0.11;3.39514e-33
0.32;0.12;3.32707e-33
0.32;0.13;2.94881e-33
0.32;0.14;2.90873e-33
0.32;0.15;3.09231e-33
0.32;0.16;3.01768e-33
0.32;0.17;2.75387e-33
0.32;0.18;2.88102e-33
0.32;0.19;2.8095e-33
0.32;0.2;2.6396e-33
0.32;0.21;2.66647e-33
0.32;0.22;2.5964e-33
0.32;0.23;2.54522e-33
0.32;0.24;2.44424e-33
0.32;0.25;2.42062e-33
0.32;0.26;2.35904e-33
0.32;0.27;1.29364e-19
0.32;0.28;2.2514e-33
0.32;0.29;2.20846e-33
0.32;0.3;2.15333e-33
0.32;0.31;2.10671e-33
0.32;0.32;-1.153e-19
0.32;0.33;2.02666e-33
0.32;0.34;1.9897e-33
0.32;0.35;1.95226e-33
0.32;0.36;1.91671e-33
0.32;0.37;1.87981e-33
0.32;0.38;1.84698e-33
0.32;0.39;0.00129653
0.32;0.4;0.00339294
0.32;0.41;0.00532361
0.32;0.42;0.00709483
0.32;0.43;0.00872519
0.32;0.44;0.0102127
0.32;0.45;0.0115647
0.32;0.46;0.0127927
0.32;0.47;0.0138826
0.32;0.48;0.0148558
0.32;0.49;0.0157206
0.32;0.5;0.0164822
0.32;0.51;0.0171374
0.32;0.52;0.0177009
0.32;0.53;0.018171
0.32;0.54;0.0185524
0.32;0.55;0.0188492
0.32;0.56;0.0190676
0.32;0.57;0.0192174
0.32;0.58;0.0192937
0.32;0.59;0.0193038
0.32;0.6;0.0192561
0.32;0.61;0.0191516
0.32;0.62;0.0189911
0.32;0.63;0.0187807
0.32;0.64;0.0185236
0.32;0.65;0.0182236
0.32;0.66;0.0178774
0.32;0.67;0.0174968
0.32;0.68;0.0170819
0.32;0.69;0.0166299
0.32;0.7;0.0161514
0.32;0.71;0.0156457
0.32;0.72;0.0151141
0.32;0.73;0.0145593
0.32;0.74;0.0139825
0.32;0.75;0.0133868
0.32;0.76;0.0127732
0.32;0.77;0.0121413
0.32;0.78;0.0115014
0.32;0.79;0.0108494
0.32;0.8;0.0101884
0.32;0.81;0.00951693
0.32;0.82;0.00883727
0.32;0.83;0.00814932
0.32;0.84;0.00746015
0.32;0.85;0.00676735
0.32;0.86;0.00606693
0.32;0.87;0.00537146
0.32;0.88;0.00467091
0.32;0.89;0.00396794
0.32;0.9;0.00327205
0.32;0.91;0.00257712
0.32;0.92;0.00188211
0.32;0.93;0.00119006
0.32;0.94;0.000506641
0.32;0.95;8.96682e-34
0.32;0.96;8.93023e-34
0.32;0.97;8.89363e-34
0.32;0.98;8.85704e-34
0.32;0.99;8.82799e-34
0.33;-1;8.90116e-34
0.33;-0.99;8.93975e-34
0.33;-0.98;8.97834e-34
0.33;-0.97;9.01202e-34
0.33;-0.96;9.04863e-34
0.33;-0.95;9.08524e-34
0.33;-0.94;0.000272426
0.33;-0.93;0.000967342
0.33;-0.92;0.00166366
0.33;-0.91;0.00236572
0.33;-0.9;0.00306705
0.33;-0.89;0.00377482
0.33;-0.88;0.00448113
0.33;-0.87;0.00518817
0.33;-0.86;0.00589572
0.33;-0.85;0.00660532
0.33;-0.84;0.00730938
0.33;-0.83;0.00801216
0.33;-0.82;0.00871013
0.33;-0.81;0.00939945
0.33;-0.8;0.0100834
0.33;-0.79;0.0107652
0.33;-0.78;0.0114329
0.33;-0.77;0.0120913
0.33;-0.76;0.012736
0.33;-0.75;0.0133638
0.33;-0.74;0.0139795
0.33;-0.73;0.0145746
0.33;-0.72;0.015151
0.33;-0.71;0.0157052
0.33;-0.7;0.0162361
0.33;-0.69;0.0167393
0.33;-0.68;0.0172163
0.33;-0.67;0.0176621
0.33;-0.66;0.0180736
0.33;-0.65;0.018447
0.33;-0.64;0.0187819
0.33;-0.63;0.0190732
0.33;-0.62;0.0193146
0.33;-0.61;0.0195124
0.33;-0.6;0.0196556
0.33;-0.59;0.019746
0.33;-0.58;0.0197772
0.33;-0.57;0.0197396
0.33;-0.56;0.0196352
0.33;-0.55;0.0194662
0.33;-0.54;0.0192189
0.33;-0.53;0.0188901
0.33;-0.52;0.0184753
0.33;-0.51;0.0179757
0.33;-0.5;0.0173828
0.33;-0.49;0.0166955
0.33;-0.48;0.0158958
0.33;-0.47;0.0149949
0.33;-0.46;0.0139716
0.33;-0.45;0.0128277
0.33;-0.44;0.0115603
0.33;-0.43;0.0101648
0.33;-0.42;0.00862704
0.33;-0.41;0.0069514
0.33;-0.4;0.0051266
0.33;-0.39;0.00313535
0.33;-0.38;0.000978862
0.33;-0.37;1.9174e-33
0.33;-0.36;1.95138e-33
0.33;-0.35;1.99023e-33
0.33;-0.34;2.02973e-33
0.33;-0.33;2.068e-33
0.33;-0.32;2.11148e-33
0.33;-0.31;-1.19226e-19
0.33;-0.3;2.20339e-33
0.33;-0.29;-1.25109e-19
0.33;-0.28;2.29925e-33
0.33;-0.27;2.35124e-33
0.33;-0.26;2.40419e-33
0.33;-0.25;2.4645e-33
0.33;-0.24;2.52092e-33
0.33;-0.23;2.52568e-33
0.33;-0.22;2.6479e-33
0.33;-0.21;2.70847e-33
0.33;-0.2;2.77967e-33
0.33;-0.19;2.8522e-33
0.33;-0.18;2.75574e-33
0.33;-0.17;2.79504e-33
0.33;-0.16;2.83879e-33
0.33;-0.15;3.14261e-33
0.33;-0.14;3.21502e-33
0.33;-0.13;2.98882e-33
0.33;-0.12;3.35394e-33
0.33;-0.11;3.42565e-33
0.33;-0.1;3.48225e-33
0.33;-0.09;3.54674e-33
0.33;-0.08;3.61172e-33
0.33;-0.07;3.23785e-33
0.33;-0.06;3.27328e-33
0.33;-0.05;3.34268e-33
0.33;-0.04;3.3777e-33
0.33;-0.03;3.41256e-33
0.33;-0.02;3.83799e-33
0.33;-0.01;3.49247e-33
0.33;0;3.8583e-33
0.33;0.01;3.50259e-33
0.33;0.02;3.84194e-33
0.33;0.03;3.81733e-33
0.33;0.04;3.37723e-33
0.33;0.05;3.75672e-33
0.33;0.06;3.70945e-33
0.33;0.07;3.66583e-33
0.33;0.08;3.60197e-33
0.33;0.09;3.16964e-33
0.33;0.1;3.12989e-33
0.33;0.11;3.41856e-33
0.33;0.12;3.35522e-33
0.33;0.13;3.28906e-33
0.33;0.14;2.94881e-33
0.33;0.15;2.90873e-33
0.33;0.16;3.06603e-33
0.33;0.17;2.98527e-33
0.33;0.18;2.75387e-33
0.33;0.19;2.85155e-33
0.33;0.2;2.77659e-33
0.33;0.21;2.6396e-33
0.33;0.22;2.64965e-33
0.33;0.23;2.58307e-33
0.33;0.24;2.48466e-33
0.33;0.25;2.44424e-33
0.33;0.26;2.40476e-33
0.33;0.27;2.35139e-33
0.33;0.28;6.46822e-20
0.33;0.29;2.24644e-33
0.33;0.3;2.20522e-33
0.33;0.31;2.15114e-33
0.33;0.32;2.10584e-33
0.33;0.33;1.153e-19
0.33;0.34;2.02769e-33
0.33;0.35;1.99138e-33
0.33;0.36;1.95656e-33
0.33;0.37;1.92163e-33
0.33;0.38;0.0009829
0.33;0.39;0.00313128
0.33;0.4;0.00512388
0.33;0.41;0.00695043
0.33;0.42;0.00862603
0.33;0.43;0.010161
0.33;0.44;0.0115556
0.33;0.45;0.0128261
0.33;0.46;0.0139717
0.33;0.47;0.0149928
0.33;0.48;0.0158948
0.33;0.49;0.0166902
0.33;0.5;0.0173889
0.33;0.51;0.0179747
0.33;0.52;0.0184756
0.33;0.53;0.0188872
0.33;0.54;0.0192176
0.33;0.55;0.0194662
0.33;0.56;0.019639
0.33;0.57;0.0197425
0.33;0.58;0.019778
0.33;0.59;0.0197488
0.33;0.6;0.0196596
0.33;0.61;0.0195168
0.33;0.62;0.0193195
0.33;0.63;0.0190732
0.33;0.64;0.0187808
0.33;0.65;0.0184454
0.33;0.66;0.0180707
0.33;0.67;0.0176609
0.33;0.68;0.0172181
0.33;0.69;0.0167396
0.33;0.7;0.0162395
0.33;0.71;0.0157063
0.33;0.72;0.0151531
0.33;0.73;0.0145734
0.33;0.74;0.0139763
0.33;0.75;0.0133648
0.33;0.76;0.0127355
0.33;0.77;0.0120905
0.33;0.78;0.0114324
0.33;0.79;0.0107653
0.33;0.8;0.0100842
0.33;0.81;0.00940045
0.33;0.82;0.00871002
0.33;0.83;0.00801278
0.33;0.84;0.00731019
0.33;0.85;0.0066054
0.33;0.86;0.00589684
0.33;0.87;0.00518793
0.33;0.88;0.00447977
0.33;0.89;0.00377183
0.33;0.9;0.00306727
0.33;0.91;0.00236625
0.33;0.92;0.00166092
0.33;0.93;0.00096632
0.33;0.94;0.000274245
0.33;0.95;-5.03858e-20
0.33;0.96;9.03983e-34
0.33;0.97;9.00069e-34
0.33;0.98;8.9673e-34
0.33;0.99;8.93071e-34
0.34;-1;9.00803e-34
0.34;-0.99;9.04464e-34
0.34;-0.98;9.08125e-34
0.34;-0.97;9.11786e-34
0.34;-0.96;1.26024e-20
0.34;-0.95;9.19224e-34
0.34;-0.94;2.79245e-05
0.34;-0.93;0.000726634
0.34;-0.92;0.00143107
0.34;-0.91;0.00213923
0.34;-0.9;0.00284739
0.34;-0.89;0.00356154
0.34;-0.88;0.00427394
0.34;-0.87;0.00499087
0.34;-0.86;0.00571114
0.34;-0.85;0.00642857
0.34;-0.84;0.00714371
0.34;-0.83;0.00785904
0.34;-0.82;0.00857059
0.34;-0.81;0.0092711
0.34;-0.8;0.00997318
0.34;-0.79;0.010666
0.34;-0.78;0.0113485
0.34;-0.77;0.0120227
0.34;-0.76;0.012686
0.34;-0.75;0.013332
0.34;-0.74;0.0139673
0.34;-0.73;0.0145838
0.34;-0.72;0.0151831
0.34;-0.71;0.0157607
0.34;-0.7;0.0163151
0.34;-0.69;0.0168441
0.34;-0.68;0.017342
0.34;-0.67;0.0178132
0.34;-0.66;0.0182519
0.34;-0.65;0.0186568
0.34;-0.64;0.0190197
0.34;-0.63;0.0193477
0.34;-0.62;0.0196269
0.34;-0.61;0.0198616
0.34;-0.6;0.0200428
0.34;-0.59;0.0201729
0.34;-0.58;0.0202445
0.34;-0.57;0.0202538
0.34;-0.56;0.0202117
0.34;-0.55;0.0200708
0.34;-0.54;0.0198811
0.34;-0.53;0.0196094
0.34;-0.52;0.0192628
0.34;-0.51;0.0188202
0.34;-0.5;0.0182909
0.34;-0.49;0.0176681
0.34;-0.48;0.016936
0.34;-0.47;0.0160992
0.34;-0.46;0.0151558
0.34;-0.45;0.0140989
0.34;-0.44;0.01292
0.34;-0.43;0.0116091
0.34;-0.42;0.0101707
0.34;-0.41;0.00860106
0.34;-0.4;0.00686931
0.34;-0.39;0.00499637
0.34;-0.38;0.00296544
0.34;-0.37;0.000775234
0.34;-0.36;1.99226e-33
0.34;-0.35;2.0306e-33
0.34;-0.34;2.068e-33
0.34;-0.33;2.11045e-33
0.34;-0.32;2.15016e-33
0.34;-0.31;2.19952e-33
0.34;-0.3;2.24354e-33
0.34;-0.29;2.28859e-33
0.34;-0.28;2.34244e-33
0.34;-0.27;2.39468e-33
0.34;-0.26;2.44689e-33
0.34;-0.25;2.50781e-33
0.34;-0.24;2.52568e-33
0.34;-0.23;2.62273e-33
0.34;-0.22;2.69002e-33
0.34;-0.21;2.75875e-33
0.34;-0.2;2.82336e-33
0.34;-0.19;2.75574e-33
0.34;-0.18;2.79504e-33
0.34;-0.17;2.83879e-33
0.34;-0.16;2.90678e-33
0.34;-0.15;3.1651e-33
0.34;-0.14;2.98882e-33
0.34;-0.13;3.30021e-33
0.34;-0.12;3.37282e-33
0.34;-0.11;3.44877e-33
0.34;-0.1;3.50425e-33
0.34;-0.09;3.20958e-33
0.34;-0.08;3.62219e-33
0.34;-0.07;3.27328e-33
0.34;-0.06;3.71442e-33
0.34;-0.05;3.75966e-33
0.34;-0.04;3.79378e-33
0.34;-0.03;3.44318e-33
0.34;-0.02;3.49247e-33
0.34;-0.01;3.84964e-33
0.34;0;3.5536e-33
0.34;0.01;3.85381e-33
0.34;0.02;3.84253e-33
0.34;0.03;3.43413e-33
0.34;0.04;3.40692e-33
0.34;0.05;3.37723e-33
0.34;0.06;3.71455e-33
0.34;0.07;3.28184e-33
0.34;0.08;3.23855e-33
0.34;0.09;3.56568e-33
0.34;0.1;3.50902e-33
0.34;0.11;3.43219e-33
0.34;0.12;3.3727e-33
0.34;0.13;3.30622e-33
0.34;0.14;3.23267e-33
0.34;0.15;2.94881e-33
0.34;0.16;3.09012e-33
0.34;0.17;3.01859e-33
0.34;0.18;2.96038e-33
0.34;0.19;2.75387e-33
0.34;0.2;2.82105e-33
0.34;0.21;2.74931e-33
0.34;0.22;2.69052e-33
0.34;0.23;2.62473e-33
0.34;0.24;2.56975e-33
0.34;0.25;2.48466e-33
0.34;0.26;2.44324e-33
0.34;0.27;2.39426e-33
0.34;0.28;2.34374e-33
0.34;0.29;2.29294e-33
0.34;0.3;-1.25018e-19
0.34;0.31;2.20198e-33
0.34;0.32;2.14896e-33
0.34;0.33;2.10498e-33
0.34;0.34;-1.153e-19
0.34;0.35;2.02872e-33
0.34;0.36;1.99306e-33
0.34;0.37;0.000772544
0.34;0.38;0.00296642
0.34;0.39;0.00499569
0.34;0.4;0.00687393
0.34;0.41;0.00859717
0.34;0.42;0.0101744
0.34;0.43;0.0116154
0.34;0.44;0.0129208
0.34;0.45;0.014094
0.34;0.46;0.0151572
0.34;0.47;0.0161004
0.34;0.48;0.0169344
0.34;0.49;0.0176661
0.34;0.5;0.0182925
0.34;0.51;0.0188186
0.34;0.52;0.0192575
0.34;0.53;0.0196129
0.34;0.54;0.0198844
0.34;0.55;0.0200777
0.34;0.56;0.0202041
0.34;0.57;0.0202532
0.34;0.58;0.0202442
0.34;0.59;0.0201709
0.34;0.6;0.0200421
0.34;0.61;0.01986
0.34;0.62;0.0196256
0.34;0.63;0.019345
0.34;0.64;0.0190242
0.34;0.65;0.0186548
0.34;0.66;0.0182516
0.34;0.67;0.0178124
0.34;0.68;0.0173427
0.34;0.69;0.016844
0.34;0.7;0.0163149
0.34;0.71;0.0157577
0.34;0.72;0.0151836
0.34;0.73;0.0145828
0.34;0.74;0.0139676
0.34;0.75;0.0133306
0.34;0.76;0.0126807
0.34;0.77;0.012021
0.34;0.78;0.0113497
0.34;0.79;0.0106663
0.34;0.8;0.0099741
0.34;0.81;0.00927451
0.34;0.82;0.00856604
0.34;0.83;0.00785836
0.34;0.84;0.00714375
0.34;0.85;0.00642933
0.34;0.86;0.00571184
0.34;0.87;0.00499558
0.34;0.88;0.00427362
0.34;0.89;0.00356214
0.34;0.9;0.00284857
0.34;0.91;0.00213464
0.34;0.92;0.00143118
0.34;0.93;0.000728953
0.34;0.94;2.84012e-05
0.34;0.95;9.1945e-34
0.34;0.96;9.15108e-34
0.34;0.97;2.51929e-20
0.34;0.98;5.03858e-20
0.34;0.99;9.03557e-34
0.35;-1;9.11387e-34
0.35;-0.99;9.14357e-34
0.35;-0.98;-5.04096e-20
0.35;-0.97;9.2232e-34
0.35;-0.96;9.26301e-34
0.35;-0.95;9.30274e-34
0.35;-0.94;9.34966e-34
0.35;-0.93;0.0004772
0.35;-0.92;0.00118473
0.35;-0.91;0.00189853
0.35;-0.9;0.00261725
0.35;-0.89;0.00333558
0.35;-0.88;0.00406293
0.35;-0.87;0.0047883
0.35;-0.86;0.00551528
0.35;-0.85;0.00624133
0.35;-0.84;0.00696353
0.35;-0.83;0.00769051
0.35;-0.82;0.00841665
0.35;-0.81;0.0091346
0.35;-0.8;0.00984755
0.35;-0.79;0.0105509
0.35;-0.78;0.0112534
0.35;-0.77;0.0119412
0.35;-0.76;0.0126235
0.35;-0.75;0.0132901
0.35;-0.74;0.0139425
0.35;-0.73;0.0145798
0.35;-0.72;0.0151974
0.35;-0.71;0.0157983
0.35;-0.7;0.0163746
0.35;-0.69;0.0169311
0.35;-0.68;0.0174578
0.35;-0.67;0.0179569
0.35;-0.66;0.0184259
0.35;-0.65;0.018862
0.35;-0.64;0.0192598
0.35;-0.63;0.019621
0.35;-0.62;0.0199369
0.35;-0.61;0.0202075
0.35;-0.6;0.0204276
0.35;-0.59;0.0205983
0.35;-0.58;0.0207148
0.35;-0.57;0.0207702
0.35;-0.56;0.0207651
0.35;-0.55;0.0206918
0.35;-0.54;0.0205499
0.35;-0.53;0.020331
0.35;-0.52;0.0200376
0.35;-0.51;0.0196551
0.35;-0.5;0.0191916
0.35;-0.49;0.0186305
0.35;-0.48;0.0179675
0.35;-0.47;0.0172111
0.35;-0.46;0.0163457
0.35;-0.45;0.0153693
0.35;-0.44;0.0142784
0.35;-0.43;0.0130694
0.35;-0.42;0.0117244
0.35;-0.41;0.010255
0.35;-0.4;0.00863645
0.35;-0.39;0.00686801
0.35;-0.38;0.00497012
0.35;-0.37;0.00289522
0.35;-0.36;0.000682403
0.35;-0.35;2.068e-33
0.35;-0.34;2.10941e-33
0.35;-0.33;2.14838e-33
0.35;-0.32;2.19566e-33
0.35;-0.31;2.23856e-33
0.35;-0.3;2.28277e-33
0.35;-0.29;-3.27686e-20
0.35;-0.28;2.38518e-33
0.35;-0.27;2.43627e-33
0.35;-0.26;2.4947e-33
0.35;-0.25;2.54885e-33
0.35;-0.24;2.60576e-33
0.35;-0.23;2.66495e-33
0.35;-0.22;2.677e-33
0.35;-0.21;2.79887e-33
0.35;-0.2;2.75574e-33
0.35;-0.19;2.92536e-33
0.35;-0.18;2.83879e-33
0.35;-0.17;2.90678e-33
0.35;-0.16;3.12828e-33
0.35;-0.15;2.98882e-33
0.35;-0.14;3.26145e-33
0.35;-0.13;3.05646e-33
0.35;-0.12;3.13661e-33
0.35;-0.11;3.17117e-33
0.35;-0.1;3.52094e-33
0.35;-0.09;3.23785e-33
0.35;-0.08;3.63923e-33
0.35;-0.07;3.68632e-33
0.35;-0.06;3.7246e-33
0.35;-0.05;3.76365e-33
0.35;-0.04;3.7962e-33
0.35;-0.03;3.81859e-33
0.35;-0.02;3.84095e-33
0.35;-0.01;3.55343e-33
0.35;0;3.58137e-33
0.35;0.01;3.5536e-33
0.35;0.02;3.5231e-33
0.35;0.03;3.82094e-33
0.35;0.04;3.79503e-33
0.35;0.05;3.40692e-33
0.35;0.06;3.37723e-33
0.35;0.07;3.68562e-33
0.35;0.08;3.64027e-33
0.35;0.09;3.23855e-33
0.35;0.1;3.20821e-33
0.35;0.11;3.45749e-33
0.35;0.12;3.39682e-33
0.35;0.13;3.05944e-33
0.35;0.14;3.28184e-33
0.35;0.15;3.19714e-33
0.35;0.16;3.12252e-33
0.35;0.17;3.06384e-33
0.35;0.18;2.995e-33
0.35;0.19;2.79118e-33
0.35;0.2;2.75387e-33
0.35;0.21;2.79522e-33
0.35;0.22;2.73076e-33
0.35;0.23;2.66568e-33
0.35;0.24;2.60731e-33
0.35;0.25;2.55178e-33
0.35;0.26;2.48466e-33
0.35;0.27;2.43404e-33
0.35;0.28;2.38377e-33
0.35;0.29;2.33303e-33
0.35;0.3;2.28571e-33
0.35;0.31;2.23653e-33
0.35;0.32;2.19874e-33
0.35;0.33;2.14678e-33
0.35;0.34;2.10411e-33
0.35;0.35;1.153e-19
0.35;0.36;0.000671186
0.35;0.37;0.0029053
0.35;0.38;0.00496716
0.35;0.39;0.00687317
0.35;0.4;0.00863654
0.35;0.41;0.0102522
0.35;0.42;0.0117283
0.35;0.43;0.0130702
0.35;0.44;0.0142791
0.35;0.45;0.0153697
0.35;0.46;0.016347
0.35;0.47;0.0172117
0.35;0.48;0.0179689
0.35;0.49;0.0186261
0.35;0.5;0.0191889
0.35;0.51;0.0196564
0.35;0.52;0.0200375
0.35;0.53;0.0203358
0.35;0.54;0.0205536
0.35;0.55;0.0206959
0.35;0.56;0.0207645
0.35;0.57;0.0207605
0.35;0.58;0.0207165
0.35;0.59;0.0205957
0.35;0.6;0.0204302
0.35;0.61;0.0202088
0.35;0.62;0.0199344
0.35;0.63;0.019621
0.35;0.64;0.0192605
0.35;0.65;0.0188629
0.35;0.66;0.0184273
0.35;0.67;0.0179556
0.35;0.68;0.0174564
0.35;0.69;0.0169289
0.35;0.7;0.0163749
0.35;0.71;0.0157985
0.35;0.72;0.0151974
0.35;0.73;0.0145795
0.35;0.74;0.0139423
0.35;0.75;0.01329
0.35;0.76;0.0126238
0.35;0.77;0.0119422
0.35;0.78;0.0112522
0.35;0.79;0.0105531
0.35;0.8;0.00984904
0.35;0.81;0.00913412
0.35;0.82;0.00841665
0.35;0.83;0.00769342
0.35;0.84;0.00696329
0.35;0.85;0.00624095
0.35;0.86;0.00551398
0.35;0.87;0.00478629
0.35;0.88;0.00406254
0.35;0.89;0.00333866
0.35;0.9;0.00261388
0.35;0.91;0.0018983
0.35;0.92;0.00118475
0.35;0.93;0.000477179
0.35;0.94;9.3566e-34
0.35;0.95;9.31278e-34
0.35;0.96;9.2717e-34
0.35;0.97;9.22827e-34
0.35;0.98;9.18485e-34
0.35;0.99;9.14142e-34
0.36;-1;9.21435e-34
0.36;-0.99;9.25416e-34
0.36;-0.98;9.28844e-34
0.36;-0.97;9.33426e-34
0.36;-0.96;9.38118e-34
0.36;-0.95;9.4281e-34
0.36;-0.94;9.47412e-34
0.36;-0.93;0.000207104
0.36;-0.92;0.000923946
0.36;-0.91;0.00164504
0.36;-0.9;0.00237167
0.36;-0.89;0.00309597
0.36;-0.88;0.00383115
0.36;-0.87;0.00456295
0.36;-0.86;0.0053029
0.36;-0.85;0.00603966
0.36;-0.84;0.00677662
0.36;-0.83;0.00751381
0.36;-0.82;0.00824855
0.36;-0.81;0.00897959
0.36;-0.8;0.009706
0.36;-0.79;0.0104272
0.36;-0.78;0.0111426
0.36;-0.77;0.0118489
0.36;-0.76;0.0125419
0.36;-0.75;0.0132306
0.36;-0.74;0.0138986
0.36;-0.73;0.0145619
0.36;-0.72;0.0152018
0.36;-0.71;0.0158246
0.36;-0.7;0.0164287
0.36;-0.69;0.0170054
0.36;-0.68;0.0175588
0.36;-0.67;0.0180859
0.36;-0.66;0.0185851
0.36;-0.65;0.019049
0.36;-0.64;0.0194783
0.36;-0.63;0.0198709
0.36;-0.62;0.0202234
0.36;-0.61;0.0205328
0.36;-0.6;0.0207936
0.36;-0.59;0.0210079
0.36;-0.58;0.0211687
0.36;-0.57;0.0212682
0.36;-0.56;0.0213113
0.36;-0.55;0.0212874
0.36;-0.54;0.0211997
0.36;-0.53;0.0210377
0.36;-0.52;0.0207994
0.36;-0.51;0.0204821
0.36;-0.5;0.0200845
0.36;-0.49;0.0195904
0.36;-0.48;0.0190072
0.36;-0.47;0.0183219
0.36;-0.46;0.0175367
0.36;-0.45;0.0166446
0.36;-0.44;0.0156471
0.36;-0.43;0.0145255
0.36;-0.42;0.0132853
0.36;-0.41;0.0119129
0.36;-0.4;0.010403
0.36;-0.39;0.00875742
0.36;-0.38;0.00697507
0.36;-0.37;0.00503894
0.36;-0.36;0.00294069
0.36;-0.35;0.000706459
0.36;-0.34;-1.19226e-19
0.36;-0.33;-7.69913e-20
0.36;-0.32;2.23359e-33
0.36;-0.31;2.27696e-33
0.36;-0.3;-1.31075e-19
0.36;-0.29;2.37567e-33
0.36;-0.28;2.42565e-33
0.36;-0.27;2.47769e-33
0.36;-0.26;2.53522e-33
0.36;-0.25;2.58584e-33
0.36;-0.24;2.64706e-33
0.36;-0.23;2.70487e-33
0.36;-0.22;2.71568e-33
0.36;-0.21;2.75574e-33
0.36;-0.2;2.8924e-33
0.36;-0.19;2.83879e-33
0.36;-0.18;2.90678e-33
0.36;-0.17;2.94915e-33
0.36;-0.16;2.98882e-33
0.36;-0.15;3.22555e-33
0.36;-0.14;3.28935e-33
0.36;-0.13;3.35813e-33
0.36;-0.12;3.42545e-33
0.36;-0.11;3.47917e-33
0.36;-0.1;3.54067e-33
0.36;-0.09;3.27328e-33
0.36;-0.08;3.64686e-33
0.36;-0.07;3.3777e-33
0.36;-0.06;3.41256e-33
0.36;-0.05;3.76763e-33
0.36;-0.04;3.80161e-33
0.36;-0.03;3.82537e-33
0.36;-0.02;3.55343e-33
0.36;-0.01;3.8503e-33
0.36;0;3.63543e-33
0.36;0.01;3.58137e-33
0.36;0.02;3.84372e-33
0.36;0.03;3.8256e-33
0.36;0.04;3.50259e-33
0.36;0.05;3.76778e-33
0.36;0.06;3.40692e-33
0.36;0.07;3.37723e-33
0.36;0.08;3.64773e-33
0.36;0.09;3.59304e-33
0.36;0.1;3.23855e-33
0.36;0.11;3.20821e-33
0.36;0.12;3.41838e-33
0.36;0.13;3.35911e-33
0.36;0.14;3.05944e-33
0.36;0.15;3.22536e-33
0.36;0.16;3.15661e-33
0.36;0.17;3.08793e-33
0.36;0.18;3.01951e-33
0.36;0.19;2.96305e-33
0.36;0.2;2.79118e-33
0.36;0.21;2.75387e-33
0.36;0.22;2.76774e-33
0.36;0.23;2.67702e-33
0.36;0.24;2.64886e-33
0.36;0.25;2.58724e-33
0.36;0.26;2.53948e-33
0.36;0.27;2.47507e-33
0.36;0.28;2.42483e-33
0.36;0.29;2.37327e-33
0.36;0.3;2.32637e-33
0.36;0.31;2.27847e-33
0.36;0.32;-6.25089e-20
0.36;0.33;2.19408e-33
0.36;0.34;2.14459e-33
0.36;0.35;0.000693797
0.36;0.36;0.00295291
0.36;0.37;0.00504036
0.36;0.38;0.00696487
0.36;0.39;0.00875892
0.36;0.4;0.0104037
0.36;0.41;0.0119128
0.36;0.42;0.0132873
0.36;0.43;0.0145283
0.36;0.44;0.0156456
0.36;0.45;0.0166445
0.36;0.46;0.0175367
0.36;0.47;0.0183228
0.36;0.48;0.0190062
0.36;0.49;0.0195892
0.36;0.5;0.0200839
0.36;0.51;0.0204825
0.36;0.52;0.0207978
0.36;0.53;0.0210365
0.36;0.54;0.0212031
0.36;0.55;0.0212912
0.36;0.56;0.0213109
0.36;0.57;0.0212681
0.36;0.58;0.0211695
0.36;0.59;0.0210057
0.36;0.6;0.0207932
0.36;0.61;0.0205336
0.36;0.62;0.0202244
0.36;0.63;0.0198774
0.36;0.64;0.019477
0.36;0.65;0.0190495
0.36;0.66;0.0185832
0.36;0.67;0.0180888
0.36;0.68;0.0175596
0.36;0.69;0.0170065
0.36;0.7;0.0164294
0.36;0.71;0.0158258
0.36;0.72;0.0152012
0.36;0.73;0.0145615
0.36;0.74;0.0138987
0.36;0.75;0.0132289
0.36;0.76;0.0125453
0.36;0.77;0.0118497
0.36;0.78;0.0111428
0.36;0.79;0.0104288
0.36;0.8;0.00970566
0.36;0.81;0.00897535
0.36;0.82;0.0082474
0.36;0.83;0.00751329
0.36;0.84;0.00677592
0.36;0.85;0.00603901
0.36;0.86;0.00530491
0.36;0.87;0.0045633
0.36;0.88;0.00383163
0.36;0.89;0.00309976
0.36;0.9;0.00237246
0.36;0.91;0.00164629
0.36;0.92;0.000924228
0.36;0.93;0.000210765
0.36;0.94;9.4737e-34
0.36;0.95;9.42987e-34
0.36;0.96;9.38604e-34
0.36;0.97;9.34222e-34
0.36;0.98;9.29943e-34
0.36;0.99;9.26204e-34
0.37;-1;9.31886e-34
0.37;-0.99;9.36578e-34
0.37;-0.98;9.4127e-34
0.37;-0.97;9.45665e-34
0.37;-0.96;9.50223e-34
0.37;-0.95;9.55129e-34
0.37;-0.94;9.60036e-34
0.37;-0.93;9.65035e-34
0.37;-0.92;0.000652522
0.37;-0.91;0.00137922
0.37;-0.9;0.00211096
0.37;-0.89;0.00284638
0.37;-0.88;0.00358379
0.37;-0.87;0.00432926
0.37;-0.86;0.00507386
0.37;-0.85;0.00582375
0.37;-0.84;0.00657201
0.37;-0.83;0.00732106
0.37;-0.82;0.00806611
0.37;-0.81;0.00881166
0.37;-0.8;0.00955168
0.37;-0.79;0.0102876
0.37;-0.78;0.0110156
0.37;-0.77;0.011739
0.37;-0.76;0.0124542
0.37;-0.75;0.0131568
0.37;-0.74;0.0138503
0.37;-0.73;0.0145262
0.37;-0.72;0.0151881
0.37;-0.71;0.015833
0.37;-0.7;0.0164568
0.37;-0.69;0.0170637
0.37;-0.68;0.0176443
0.37;-0.67;0.0182006
0.37;-0.66;0.0187301
0.37;-0.65;0.0192291
0.37;-0.64;0.0196937
0.37;-0.63;0.0201176
0.37;-0.62;0.0205063
0.37;-0.61;0.0208516
0.37;-0.6;0.0211544
0.37;-0.59;0.0214081
0.37;-0.58;0.021611
0.37;-0.57;0.021759
0.37;-0.56;0.0218514
0.37;-0.55;0.0218839
0.37;-0.54;0.0218407
0.37;-0.53;0.0217372
0.37;-0.52;0.0215595
0.37;-0.51;0.0213035
0.37;-0.5;0.0209678
0.37;-0.49;0.0205468
0.37;-0.48;0.0200386
0.37;-0.47;0.0194269
0.37;-0.46;0.0187272
0.37;-0.45;0.01792
0.37;-0.44;0.0170089
0.37;-0.43;0.0159787
0.37;-0.42;0.014837
0.37;-0.41;0.0135626
0.37;-0.4;0.0121704
0.37;-0.39;0.0106349
0.37;-0.38;0.00898184
0.37;-0.37;0.0071642
0.37;-0.36;0.00523009
0.37;-0.35;0.00311311
0.37;-0.34;0.000866425
0.37;-0.33;2.22862e-33
0.37;-0.32;2.27115e-33
0.37;-0.31;2.31538e-33
0.37;-0.3;2.36405e-33
0.37;-0.29;2.41503e-33
0.37;-0.28;2.46564e-33
0.37;-0.27;2.51817e-33
0.37;-0.26;2.57242e-33
0.37;-0.25;2.62478e-33
0.37;-0.24;2.68642e-33
0.37;-0.23;2.74415e-33
0.37;-0.22;2.75574e-33
0.37;-0.21;2.86458e-33
0.37;-0.2;2.83879e-33
0.37;-0.19;2.90678e-33
0.37;-0.18;2.94915e-33
0.37;-0.17;3.124e-33
0.37;-0.16;3.19101e-33
0.37;-0.15;3.25132e-33
0.37;-0.14;3.31617e-33
0.37;-0.13;3.38454e-33
0.37;-0.12;3.20958e-33
0.37;-0.11;3.4899e-33
0.37;-0.1;3.5506e-33
0.37;-0.09;3.60938e-33
0.37;-0.08;3.65449e-33
0.37;-0.07;3.69837e-33
0.37;-0.06;3.73887e-33
0.37;-0.05;3.77554e-33
0.37;-0.04;3.53006e-33
0.37;-0.03;3.55343e-33
0.37;-0.02;3.84203e-33
0.37;-0.01;3.85062e-33
0.37;0;3.65689e-33
0.37;0.01;3.63543e-33
0.37;0.02;3.84431e-33
0.37;0.03;3.5536e-33
0.37;0.04;3.80247e-33
0.37;0.05;3.77553e-33
0.37;0.06;3.43413e-33
0.37;0.07;3.40692e-33
0.37;0.08;3.66045e-33
0.37;0.09;3.60198e-33
0.37;0.1;3.54991e-33
0.37;0.11;3.50499e-33
0.37;0.12;3.43202e-33
0.37;0.13;3.16964e-33
0.37;0.14;3.12989e-33
0.37;0.15;3.05944e-33
0.37;0.16;3.18956e-33
0.37;0.17;3.11873e-33
0.37;0.18;3.05494e-33
0.37;0.19;2.99591e-33
0.37;0.2;2.83733e-33
0.37;0.21;2.79118e-33
0.37;0.22;2.75387e-33
0.37;0.23;2.74324e-33
0.37;0.24;2.67702e-33
0.37;0.25;2.62684e-33
0.37;0.26;2.57391e-33
0.37;0.27;2.52192e-33
0.37;0.28;2.46253e-33
0.37;0.29;2.41563e-33
0.37;0.3;2.36253e-33
0.37;0.31;2.31971e-33
0.37;0.32;2.27124e-33
0.37;0.33;7.81361e-20
0.37;0.34;0.000867963
0.37;0.35;0.00311411
0.37;0.36;0.00521512
0.37;0.37;0.0071664
0.37;0.38;0.00897898
0.37;0.39;0.0106316
0.37;0.4;0.0121728
0.37;0.41;0.0135647
0.37;0.42;0.0148333
0.37;0.43;0.0159827
0.37;0.44;0.0170087
0.37;0.45;0.0179231
0.37;0.46;0.0187319
0.37;0.47;0.0194296
0.37;0.48;0.0200402
0.37;0.49;0.0205448
0.37;0.5;0.0209693
0.37;0.51;0.0213136
0.37;0.52;0.0215604
0.37;0.53;0.0217364
0.37;0.54;0.0218455
0.37;0.55;0.0218801
0.37;0.56;0.0218483
0.37;0.57;0.0217629
0.37;0.58;0.02161
0.37;0.59;0.0214105
0.37;0.6;0.0211543
0.37;0.61;0.020855
0.37;0.62;0.0205052
0.37;0.63;0.0201194
0.37;0.64;0.0196926
0.37;0.65;0.0192293
0.37;0.66;0.0187297
0.37;0.67;0.0182025
0.37;0.68;0.0176456
0.37;0.69;0.0170645
0.37;0.7;0.0164573
0.37;0.71;0.0158331
0.37;0.72;0.0151874
0.37;0.73;0.0145256
0.37;0.74;0.01385
0.37;0.75;0.013157
0.37;0.76;0.0124529
0.37;0.77;0.0117396
0.37;0.78;0.0110159
0.37;0.79;0.0102867
0.37;0.8;0.00955073
0.37;0.81;0.00881053
0.37;0.82;0.0080622
0.37;0.83;0.00731436
0.37;0.84;0.00657131
0.37;0.85;0.00582276
0.37;0.86;0.00507744
0.37;0.87;0.00432979
0.37;0.88;0.0035895
0.37;0.89;0.00284537
0.37;0.9;0.00210982
0.37;0.91;0.00137445
0.37;0.92;0.000652387
0.37;0.93;9.64769e-34
0.37;0.94;-2.65321e-20
0.37;0.95;9.54956e-34
0.37;0.96;9.50133e-34
0.37;0.97;9.45653e-34
0.37;0.98;9.41548e-34
0.37;0.99;9.37166e-34
0.38;-1;9.44422e-34
0.38;-0.99;9.45665e-34
0.38;-0.98;9.45665e-34
0.38;-0.97;9.5794e-34
0.38;-0.96;9.62684e-34
0.38;-0.95;9.67584e-34
0.38;-0.94;9.72894e-34
0.38;-0.93;9.78204e-34
0.38;-0.92;0.000361125
0.38;-0.91;0.00109401
0.38;-0.9;0.0018335
0.38;-0.89;0.00257886
0.38;-0.88;0.00332941
0.38;-0.87;0.00407638
0.38;-0.86;0.00483262
0.38;-0.85;0.0055924
0.38;-0.84;0.0063501
0.38;-0.83;0.00710816
0.38;-0.82;0.00786895
0.38;-0.81;0.00862623
0.38;-0.8;0.00938018
0.38;-0.79;0.0101309
0.38;-0.78;0.0108751
0.38;-0.77;0.0116162
0.38;-0.76;0.0123483
0.38;-0.75;0.0130666
0.38;-0.74;0.0137813
0.38;-0.73;0.0144764
0.38;-0.72;0.0151586
0.38;-0.71;0.0158297
0.38;-0.7;0.0164819
0.38;-0.69;0.0171127
0.38;-0.68;0.0177205
0.38;-0.67;0.0183005
0.38;-0.66;0.0188576
0.38;-0.65;0.0193847
0.38;-0.64;0.0198804
0.38;-0.63;0.020342
0.38;-0.62;0.0207688
0.38;-0.61;0.0211553
0.38;-0.6;0.021497
0.38;-0.59;0.021796
0.38;-0.58;0.0220434
0.38;-0.57;0.0222444
0.38;-0.56;0.0223868
0.38;-0.55;0.0224628
0.38;-0.54;0.0224774
0.38;-0.53;0.0224334
0.38;-0.52;0.0223137
0.38;-0.51;0.0221197
0.38;-0.5;0.0218506
0.38;-0.49;0.021502
0.38;-0.48;0.021061
0.38;-0.47;0.0205328
0.38;-0.46;0.0199096
0.38;-0.45;0.0191896
0.38;-0.44;0.0183612
0.38;-0.43;0.017424
0.38;-0.42;0.0163793
0.38;-0.41;0.0152127
0.38;-0.4;0.0139313
0.38;-0.39;0.0125169
0.38;-0.38;0.0109796
0.38;-0.37;0.00929408
0.38;-0.36;0.00749302
0.38;-0.35;0.00552742
0.38;-0.34;0.00342978
0.38;-0.33;0.00117794
0.38;-0.32;2.30795e-33
0.38;-0.31;2.35525e-33
0.38;-0.3;2.40326e-33
0.38;-0.29;2.45358e-33
0.38;-0.28;2.50506e-33
0.38;-0.27;2.55612e-33
0.38;-0.26;2.60782e-33
0.38;-0.25;2.66411e-33
0.38;-0.24;2.72392e-33
0.38;-0.23;2.78194e-33
0.38;-0.22;2.84692e-33
0.38;-0.21;2.83879e-33
0.38;-0.2;2.96716e-33
0.38;-0.19;2.94915e-33
0.38;-0.18;3.0866e-33
0.38;-0.17;3.1546e-33
0.38;-0.16;3.21874e-33
0.38;-0.15;3.27241e-33
0.38;-0.14;3.33655e-33
0.38;-0.13;3.40267e-33
0.38;-0.12;3.23785e-33
0.38;-0.11;3.51357e-33
0.38;-0.1;3.56539e-33
0.38;-0.09;3.61985e-33
0.38;-0.08;3.66763e-33
0.38;-0.07;3.70748e-33
0.38;-0.06;3.49247e-33
0.38;-0.05;3.53006e-33
0.38;-0.04;3.80531e-33
0.38;-0.03;3.82954e-33
0.38;-0.02;3.84256e-33
0.38;-0.01;3.85095e-33
0.38;0;3.85827e-33
0.38;0.01;3.65689e-33
0.38;0.02;3.8449e-33
0.38;0.03;3.58137e-33
0.38;0.04;3.5536e-33
0.38;0.05;3.5231e-33
0.38;0.06;3.74448e-33
0.38;0.07;3.70728e-33
0.38;0.08;3.66759e-33
0.38;0.09;3.37723e-33
0.38;0.1;3.56798e-33
0.38;0.11;3.28184e-33
0.38;0.12;3.45515e-33
0.38;0.13;3.3985e-33
0.38;0.14;3.33922e-33
0.38;0.15;3.12989e-33
0.38;0.16;3.21804e-33
0.38;0.17;3.15058e-33
0.38;0.18;2.98605e-33
0.38;0.19;3.02643e-33
0.38;0.2;2.96572e-33
0.38;0.21;2.83733e-33
0.38;0.22;2.79118e-33
0.38;0.23;2.75387e-33
0.38;0.24;2.72468e-33
0.38;0.25;2.6649e-33
0.38;0.26;2.60942e-33
0.38;0.27;2.55834e-33
0.38;0.28;2.50629e-33
0.38;0.29;2.45e-33
0.38;0.3;2.40373e-33
0.38;0.31;2.35488e-33
0.38;0.32;-1.29364e-19
0.38;0.33;0.00118087
0.38;0.34;0.003434
0.38;0.35;0.00552926
0.38;0.36;0.00748446
0.38;0.37;0.00929604
0.38;0.38;0.0109827
0.38;0.39;0.0125117
0.38;0.4;0.0139307
0.38;0.41;0.0152154
0.38;0.42;0.0163767
0.38;0.43;0.0174259
0.38;0.44;0.0183572
0.38;0.45;0.0191886
0.38;0.46;0.0199067
0.38;0.47;0.0205299
0.38;0.48;0.021059
0.38;0.49;0.0214982
0.38;0.5;0.0218509
0.38;0.51;0.0221201
0.38;0.52;0.0223154
0.38;0.53;0.022432
0.38;0.54;0.0224832
0.38;0.55;0.0224651
0.38;0.56;0.0223828
0.38;0.57;0.0222388
0.38;0.58;0.0220464
0.38;0.59;0.021798
0.38;0.6;0.0214886
0.38;0.61;0.0211543
0.38;0.62;0.0207696
0.38;0.63;0.0203461
0.38;0.64;0.0198822
0.38;0.65;0.0193849
0.38;0.66;0.0188619
0.38;0.67;0.0183011
0.38;0.68;0.0177184
0.38;0.69;0.0171113
0.38;0.7;0.0164822
0.38;0.71;0.0158299
0.38;0.72;0.0151581
0.38;0.73;0.0144757
0.38;0.74;0.0137813
0.38;0.75;0.0130673
0.38;0.76;0.0123465
0.38;0.77;0.0116149
0.38;0.78;0.0108751
0.38;0.79;0.0101303
0.38;0.8;0.00937969
0.38;0.81;0.00862634
0.38;0.82;0.00786868
0.38;0.83;0.00710869
0.38;0.84;0.00634846
0.38;0.85;0.0055928
0.38;0.86;0.00483386
0.38;0.87;0.00407729
0.38;0.88;0.00333004
0.38;0.89;0.00257774
0.38;0.9;0.00183399
0.38;0.91;0.00109405
0.38;0.92;0.000364301
0.38;0.93;9.7814e-34
0.38;0.94;9.72749e-34
0.38;0.95;9.67357e-34
0.38;0.96;9.62382e-34
0.38;0.97;9.57718e-34
0.38;0.98;9.52895e-34
0.38;0.99;9.48073e-34
0.39;-1;9.45665e-34
0.39;-0.99;9.45665e-34
0.39;-0.98;9.62684e-34
0.39;-0.97;9.70133e-34
0.39;-0.96;9.75443e-34
0.39;-0.95;9.80527e-34
0.39;-0.94;9.85909e-34
0.39;-0.93;9.91553e-34
0.39;-0.92;5.83827e-05
0.39;-0.91;0.000799023
0.39;-0.9;0.00154777
0.39;-0.89;0.00229564
0.39;-0.88;0.00305221
0.39;-0.87;0.00381355
0.39;-0.86;0.00457521
0.39;-0.85;0.00534547
0.39;-0.84;0.00611113
0.39;-0.83;0.0068839
0.39;-0.82;0.0076491
0.39;-0.81;0.00842359
0.39;-0.8;0.00919319
0.39;-0.79;0.00995614
0.39;-0.78;0.0107185
0.39;-0.77;0.011471
0.39;-0.76;0.0122236
0.39;-0.75;0.0129602
0.39;-0.74;0.0136913
0.39;-0.73;0.0144155
0.39;-0.72;0.0151191
0.39;-0.71;0.015807
0.39;-0.7;0.0164837
0.39;-0.69;0.0171368
0.39;-0.68;0.0177726
0.39;-0.67;0.0183857
0.39;-0.66;0.0189751
0.39;-0.65;0.0195336
0.39;-0.64;0.0200626
0.39;-0.63;0.0205601
0.39;-0.62;0.0210163
0.39;-0.61;0.0214401
0.39;-0.6;0.0218227
0.39;-0.59;0.0221606
0.39;-0.58;0.0224604
0.39;-0.57;0.0226953
0.39;-0.56;0.0228863
0.39;-0.55;0.0230147
0.39;-0.54;0.0230925
0.39;-0.53;0.0231026
0.39;-0.52;0.0230432
0.39;-0.51;0.0229159
0.39;-0.5;0.0227126
0.39;-0.49;0.0224298
0.39;-0.48;0.0220623
0.39;-0.47;0.0216101
0.39;-0.46;0.0210686
0.39;-0.45;0.020431
0.39;-0.44;0.0196912
0.39;-0.43;0.0188506
0.39;-0.42;0.0179094
0.39;-0.41;0.0168457
0.39;-0.4;0.0156774
0.39;-0.39;0.014375
0.39;-0.38;0.0129618
0.39;-0.37;0.0114147
0.39;-0.36;0.00974868
0.39;-0.35;0.00792584
0.39;-0.34;0.00597931
0.39;-0.33;0.00389105
0.39;-0.32;0.00166953
0.39;-0.31;2.39375e-33
0.39;-0.3;2.44113e-33
0.39;-0.29;2.49196e-33
0.39;-0.28;2.54249e-33
0.39;-0.27;2.59004e-33
0.39;-0.26;2.64622e-33
0.39;-0.25;2.70127e-33
0.39;-0.24;2.76102e-33
0.39;-0.23;2.82078e-33
0.39;-0.22;2.83879e-33
0.39;-0.21;2.90678e-33
0.39;-0.2;2.94915e-33
0.39;-0.19;3.05157e-33
0.39;-0.18;3.11972e-33
0.39;-0.17;3.18346e-33
0.39;-0.16;3.23609e-33
0.39;-0.15;3.29745e-33
0.39;-0.14;3.20958e-33
0.39;-0.13;3.42525e-33
0.39;-0.12;3.47608e-33
0.39;-0.11;3.34268e-33
0.39;-0.1;3.3777e-33
0.39;-0.09;3.41256e-33
0.39;-0.08;3.67523e-33
0.39;-0.07;3.71234e-33
0.39;-0.06;3.74823e-33
0.39;-0.05;3.78226e-33
0.39;-0.04;3.80716e-33
0.39;-0.03;3.83163e-33
0.39;-0.02;3.8431e-33
0.39;-0.01;3.85128e-33
0.39;0;3.71606e-33
0.39;0.01;3.85478e-33
0.39;0.02;3.8455e-33
0.39;0.03;3.63543e-33
0.39;0.04;3.58137e-33
0.39;0.05;3.78225e-33
0.39;0.06;3.74935e-33
0.39;0.07;3.50259e-33
0.39;0.08;3.67473e-33
0.39;0.09;3.40692e-33
0.39;0.1;3.37723e-33
0.39;0.11;3.52904e-33
0.39;0.12;3.4779e-33
0.39;0.13;3.4182e-33
0.39;0.14;3.363e-33
0.39;0.15;3.30372e-33
0.39;0.16;3.23666e-33
0.39;0.17;3.05944e-33
0.39;0.18;3.11494e-33
0.39;0.19;3.05424e-33
0.39;0.2;2.99683e-33
0.39;0.21;2.90873e-33
0.39;0.22;2.83733e-33
0.39;0.23;2.79118e-33
0.39;0.24;2.75387e-33
0.39;0.25;2.70218e-33
0.39;0.26;2.64808e-33
0.39;0.27;2.59141e-33
0.39;0.28;2.54604e-33
0.39;0.29;2.49066e-33
0.39;0.3;2.43825e-33
0.39;0.31;2.39324e-33
0.39;0.32;0.00165876
0.39;0.33;0.00389443
0.39;0.34;0.00598058
0.39;0.35;0.00792587
0.39;0.36;0.00974643
0.39;0.37;0.0114163
0.39;0.38;0.0129651
0.39;0.39;0.0143768
0.39;0.4;0.0156764
0.39;0.41;0.0168451
0.39;0.42;0.0179086
0.39;0.43;0.0188546
0.39;0.44;0.0196824
0.39;0.45;0.0204321
0.39;0.46;0.0210672
0.39;0.47;0.0216143
0.39;0.48;0.0220624
0.39;0.49;0.0224278
0.39;0.5;0.0227103
0.39;0.51;0.0229178
0.39;0.52;0.0230441
0.39;0.53;0.0231013
0.39;0.54;0.0230909
0.39;0.55;0.0230172
0.39;0.56;0.0228853
0.39;0.57;0.022697
0.39;0.58;0.0224565
0.39;0.59;0.0221652
0.39;0.6;0.0218216
0.39;0.61;0.0214438
0.39;0.62;0.0210199
0.39;0.63;0.0205587
0.39;0.64;0.0200623
0.39;0.65;0.0195334
0.39;0.66;0.0189737
0.39;0.67;0.0183848
0.39;0.68;0.0177733
0.39;0.69;0.0171379
0.39;0.7;0.0164837
0.39;0.71;0.0158094
0.39;0.72;0.0151195
0.39;0.73;0.0144134
0.39;0.74;0.0136913
0.39;0.75;0.0129606
0.39;0.76;0.0122223
0.39;0.77;0.0114736
0.39;0.78;0.0107202
0.39;0.79;0.00995549
0.39;0.8;0.00919317
0.39;0.81;0.00842383
0.39;0.82;0.00765493
0.39;0.83;0.00688428
0.39;0.84;0.00611225
0.39;0.85;0.00534654
0.39;0.86;0.00457641
0.39;0.87;0.00381372
0.39;0.88;0.00305216
0.39;0.89;0.00229345
0.39;0.9;0.00153955
0.39;0.91;0.000799326
0.39;0.92;5.94863e-05
0.39;0.93;9.91654e-34
0.39;0.94;9.85944e-34
0.39;0.95;9.80499e-34
0.39;0.96;9.75337e-34
0.39;0.97;9.69946e-34
0.39;0.98;9.64554e-34
0.39;0.99;9.60481e-34
0.4;-1;9.45665e-34
0.4;-0.99;9.62684e-34
0.4;-0.98;9.77992e-34
0.4;-0.97;9.82482e-34
0.4;-0.96;9.88127e-34
0.4;-0.95;9.93771e-34
0.4;-0.94;9.99024e-34
0.4;-0.93;1.00518e-33
0.4;-0.92;1.01133e-33
0.4;-0.91;0.000486378
0.4;-0.9;0.00124026
0.4;-0.89;0.00199627
0.4;-0.88;0.0027605
0.4;-0.87;0.00353184
0.4;-0.86;0.00429935
0.4;-0.85;0.00507942
0.4;-0.84;0.00585965
0.4;-0.83;0.00663752
0.4;-0.82;0.00742471
0.4;-0.81;0.0082049
0.4;-0.8;0.00898819
0.4;-0.79;0.00976359
0.4;-0.78;0.0105435
0.4;-0.77;0.0113131
0.4;-0.76;0.0120791
0.4;-0.75;0.0128375
0.4;-0.74;0.013585
0.4;-0.73;0.0143251
0.4;-0.72;0.0150556
0.4;-0.71;0.0157681
0.4;-0.7;0.0164684
0.4;-0.69;0.0171506
0.4;-0.68;0.0178094
0.4;-0.67;0.0184473
0.4;-0.66;0.019064
0.4;-0.65;0.0196585
0.4;-0.64;0.0202196
0.4;-0.63;0.0207501
0.4;-0.62;0.0212507
0.4;-0.61;0.0217138
0.4;-0.6;0.022135
0.4;-0.59;0.0225174
0.4;-0.58;0.0228523
0.4;-0.57;0.023141
0.4;-0.56;0.0233778
0.4;-0.55;0.0235603
0.4;-0.54;0.0236865
0.4;-0.53;0.0237511
0.4;-0.52;0.0237558
0.4;-0.51;0.0236879
0.4;-0.5;0.02355
0.4;-0.49;0.023338
0.4;-0.48;0.0230458
0.4;-0.47;0.0226738
0.4;-0.46;0.0222106
0.4;-0.45;0.0216589
0.4;-0.44;0.0210089
0.4;-0.43;0.0202622
0.4;-0.42;0.0194235
0.4;-0.41;0.0184636
0.4;-0.4;0.017407
0.4;-0.39;0.0162218
0.4;-0.38;0.0149331
0.4;-0.37;0.0135136
0.4;-0.36;0.0119729
0.4;-0.35;0.010307
0.4;-0.34;0.00851852
0.4;-0.33;0.00658583
0.4;-0.32;0.00452933
0.4;-0.31;0.00233551
0.4;-0.3;2.5595e-06
0.4;-0.29;2.52886e-33
0.4;-0.28;2.57662e-33
0.4;-0.27;2.62684e-33
0.4;-0.26;2.68282e-33
0.4;-0.25;2.73753e-33
0.4;-0.24;2.79629e-33
0.4;-0.23;2.83879e-33
0.4;-0.22;4.08022e-20
0.4;-0.21;2.97e-33
0.4;-0.2;3.02476e-33
0.4;-0.19;3.01934e-33
0.4;-0.18;3.14935e-33
0.4;-0.17;3.21192e-33
0.4;-0.16;3.17117e-33
0.4;-0.15;3.32286e-33
0.4;-0.14;3.38651e-33
0.4;-0.13;3.4406e-33
0.4;-0.12;3.34268e-33
0.4;-0.11;3.54454e-33
0.4;-0.1;3.59124e-33
0.4;-0.09;3.44318e-33
0.4;-0.08;3.68591e-33
0.4;-0.07;3.53006e-33
0.4;-0.06;3.55343e-33
0.4;-0.05;3.57652e-33
0.4;-0.04;3.63427e-33
0.4;-0.03;3.8352e-33
0.4;-0.02;3.67945e-33
0.4;-0.01;3.8516e-33
0.4;0;3.73413e-33
0.4;0.01;3.71606e-33
0.4;0.02;3.6787e-33
0.4;0.03;3.83304e-33
0.4;0.04;3.81088e-33
0.4;0.05;3.58137e-33
0.4;0.06;3.5536e-33
0.4;0.07;3.72089e-33
0.4;0.08;3.50259e-33
0.4;0.09;3.6442e-33
0.4;0.1;3.40692e-33
0.4;0.11;3.37723e-33
0.4;0.12;3.34479e-33
0.4;0.13;3.43184e-33
0.4;0.14;3.23855e-33
0.4;0.15;3.20821e-33
0.4;0.16;3.16964e-33
0.4;0.17;3.21073e-33
0.4;0.18;3.14454e-33
0.4;0.19;3.01998e-33
0.4;0.2;3.02573e-33
0.4;0.21;2.96839e-33
0.4;0.22;2.90647e-33
0.4;0.23;2.83733e-33
0.4;0.24;2.78974e-33
0.4;0.25;2.73716e-33
0.4;0.26;2.68305e-33
0.4;0.27;2.62895e-33
0.4;0.28;2.57808e-33
0.4;0.29;2.53375e-33
0.4;0.3;2.55717e-06
0.4;0.31;0.00233211
0.4;0.32;0.00453009
0.4;0.33;0.00658549
0.4;0.34;0.00851835
0.4;0.35;0.0103112
0.4;0.36;0.0119719
0.4;0.37;0.0135198
0.4;0.38;0.0149267
0.4;0.39;0.0162267
0.4;0.4;0.0173982
0.4;0.41;0.0184683
0.4;0.42;0.0194205
0.4;0.43;0.0202619
0.4;0.44;0.0210074
0.4;0.45;0.0216589
0.4;0.46;0.0222163
0.4;0.47;0.022671
0.4;0.48;0.0230467
0.4;0.49;0.0233383
0.4;0.5;0.0235534
0.4;0.51;0.0236874
0.4;0.52;0.0237572
0.4;0.53;0.0237517
0.4;0.54;0.0236888
0.4;0.55;0.02356
0.4;0.56;0.0233763
0.4;0.57;0.0231442
0.4;0.58;0.0228465
0.4;0.59;0.022518
0.4;0.6;0.0221329
0.4;0.61;0.0217141
0.4;0.62;0.0212493
0.4;0.63;0.0207537
0.4;0.64;0.0202174
0.4;0.65;0.0196559
0.4;0.66;0.0190678
0.4;0.67;0.0184507
0.4;0.68;0.0178089
0.4;0.69;0.017151
0.4;0.7;0.0164683
0.4;0.71;0.0157675
0.4;0.72;0.0150507
0.4;0.73;0.0143257
0.4;0.74;0.0135888
0.4;0.75;0.0128389
0.4;0.76;0.0120796
0.4;0.77;0.0113123
0.4;0.78;0.0105369
0.4;0.79;0.00976236
0.4;0.8;0.00898572
0.4;0.81;0.00820438
0.4;0.82;0.00742402
0.4;0.83;0.00664205
0.4;0.84;0.00586016
0.4;0.85;0.00507981
0.4;0.86;0.00430272
0.4;0.87;0.00353083
0.4;0.88;0.00275928
0.4;0.89;0.00199535
0.4;0.9;0.00123659
0.4;0.91;0.000486743
0.4;0.92;1.01188e-33
0.4;0.93;1.00555e-33
0.4;0.94;9.99215e-34
0.4;0.95;9.93898e-34
0.4;0.96;9.88188e-34
0.4;0.97;9.82477e-34
0.4;0.98;9.77925e-34
0.4;0.99;9.72534e-34
0.41;-1;9.62684e-34
0.41;-0.99;9.847e-34
0.41;-0.98;9.90344e-34
0.41;-0.97;9.95989e-34
0.41;-0.96;1.00094e-33
0.41;-0.95;1.00709e-33
0.41;-0.94;1.01324e-33
0.41;-0.93;1.01911e-33
0.41;-0.92;1.02574e-33
0.41;-0.91;0.00015678
0.41;-0.9;0.000915753
0.41;-0.89;0.00168219
0.41;-0.88;0.00245292
0.41;-0.87;0.00323028
0.41;-0.86;0.00401189
0.41;-0.85;0.0047998
0.41;-0.84;0.00558853
0.41;-0.83;0.00637743
0.41;-0.82;0.00717363
0.41;-0.81;0.00796855
0.41;-0.8;0.00875757
0.41;-0.79;0.00955616
0.41;-0.78;0.01035
0.41;-0.77;0.0111381
0.41;-0.76;0.01192
0.41;-0.75;0.0126937
0.41;-0.74;0.0134625
0.41;-0.73;0.0142229
0.41;-0.72;0.0149744
0.41;-0.71;0.0157111
0.41;-0.7;0.0164299
0.41;-0.69;0.0171333
0.41;-0.68;0.0178261
0.41;-0.67;0.0184948
0.41;-0.66;0.0191455
0.41;-0.65;0.0197646
0.41;-0.64;0.0203607
0.41;-0.63;0.0209259
0.41;-0.62;0.0214567
0.41;-0.61;0.0219565
0.41;-0.6;0.0224208
0.41;-0.59;0.0228464
0.41;-0.58;0.0232279
0.41;-0.57;0.0235653
0.41;-0.56;0.0238551
0.41;-0.55;0.0240897
0.41;-0.54;0.0242638
0.41;-0.53;0.0243912
0.41;-0.52;0.024449
0.41;-0.51;0.0244456
0.41;-0.5;0.0243746
0.41;-0.49;0.0242312
0.41;-0.48;0.024009
0.41;-0.47;0.0237133
0.41;-0.46;0.0233359
0.41;-0.45;0.0228611
0.41;-0.44;0.0223092
0.41;-0.43;0.021657
0.41;-0.42;0.0209069
0.41;-0.41;0.0200588
0.41;-0.4;0.0191022
0.41;-0.39;0.0180464
0.41;-0.38;0.016867
0.41;-0.37;0.0155884
0.41;-0.36;0.014184
0.41;-0.35;0.0126599
0.41;-0.34;0.0110115
0.41;-0.33;0.00923943
0.41;-0.32;0.0073476
0.41;-0.31;0.00532012
0.41;-0.3;0.00317545
0.41;-0.29;0.000889899
0.41;-0.28;2.60987e-33
0.41;-0.27;-1.5036e-19
0.41;-0.26;2.7173e-33
0.41;-0.25;2.77261e-33
0.41;-0.24;-7.9738e-20
0.41;-0.23;2.88133e-33
0.41;-0.22;-8.28245e-20
0.41;-0.21;2.99934e-33
0.41;-0.2;3.01934e-33
0.41;-0.19;3.11544e-33
0.41;-0.18;3.17592e-33
0.41;-0.17;3.17117e-33
0.41;-0.16;3.28659e-33
0.41;-0.15;3.23785e-33
0.41;-0.14;3.40465e-33
0.41;-0.13;3.45772e-33
0.41;-0.12;3.50619e-33
0.41;-0.11;3.55794e-33
0.41;-0.1;3.60251e-33
0.41;-0.09;3.65087e-33
0.41;-0.08;3.69193e-33
0.41;-0.07;3.72538e-33
0.41;-0.06;3.76017e-33
0.41;-0.05;3.79055e-33
0.41;-0.04;3.65624e-33
0.41;-0.03;3.67945e-33
0.41;-0.02;3.71586e-33
0.41;-0.01;3.85193e-33
0.41;0;3.76977e-33
0.41;0.01;3.73413e-33
0.41;0.02;3.84753e-33
0.41;0.03;3.6787e-33
0.41;0.04;3.81268e-33
0.41;0.05;3.63543e-33
0.41;0.06;3.58137e-33
0.41;0.07;3.5536e-33
0.41;0.08;3.69127e-33
0.41;0.09;3.50259e-33
0.41;0.1;3.60199e-33
0.41;0.11;3.40692e-33
0.41;0.12;3.51008e-33
0.41;0.13;3.45281e-33
0.41;0.14;3.40018e-33
0.41;0.15;3.23855e-33
0.41;0.16;3.20821e-33
0.41;0.17;3.16964e-33
0.41;0.18;3.12989e-33
0.41;0.19;3.05944e-33
0.41;0.2;3.05354e-33
0.41;0.21;2.98605e-33
0.41;0.22;2.94031e-33
0.41;0.23;-1.63379e-19
0.41;0.24;2.82989e-33
0.41;0.25;2.76989e-33
0.41;0.26;-9.54044e-20
0.41;0.27;2.66411e-33
0.41;0.28;2.61153e-33
0.41;0.29;0.000890424
0.41;0.3;0.00316943
0.41;0.31;0.00531998
0.41;0.32;0.00734307
0.41;0.33;0.0092393
0.41;0.34;0.0110115
0.41;0.35;0.0126574
0.41;0.36;0.0141831
0.41;0.37;0.015584
0.41;0.38;0.0168722
0.41;0.39;0.0180469
0.41;0.4;0.0190999
0.41;0.41;0.0200582
0.41;0.42;0.0209075
0.41;0.43;0.0216588
0.41;0.44;0.0223045
0.41;0.45;0.0228645
0.41;0.46;0.0233331
0.41;0.47;0.0237133
0.41;0.48;0.0240152
0.41;0.49;0.0242288
0.41;0.5;0.0243742
0.41;0.51;0.0244474
0.41;0.52;0.0244505
0.41;0.53;0.0243925
0.41;0.54;0.0242692
0.41;0.55;0.0240894
0.41;0.56;0.0238568
0.41;0.57;0.0235666
0.41;0.58;0.0232298
0.41;0.59;0.0228461
0.41;0.6;0.0224198
0.41;0.61;0.0219573
0.41;0.62;0.0214612
0.41;0.63;0.0209216
0.41;0.64;0.0203584
0.41;0.65;0.0197652
0.41;0.66;0.0191439
0.41;0.67;0.0184953
0.41;0.68;0.0178267
0.41;0.69;0.0171344
0.41;0.7;0.01643
0.41;0.71;0.0157094
0.41;0.72;0.0149763
0.41;0.73;0.0142257
0.41;0.74;0.0134668
0.41;0.75;0.0126949
0.41;0.76;0.0119145
0.41;0.77;0.0111349
0.41;0.78;0.010349
0.41;0.79;0.00955576
0.41;0.8;0.00875712
0.41;0.81;0.00796926
0.41;0.82;0.00717397
0.41;0.83;0.00637793
0.41;0.84;0.00558511
0.41;0.85;0.00479894
0.41;0.86;0.00401187
0.41;0.87;0.00322988
0.41;0.88;0.00245273
0.41;0.89;0.00168223
0.41;0.9;0.000915943
0.41;0.91;0.000153815
0.41;0.92;1.02631e-33
0.41;0.93;1.01985e-33
0.41;0.94;1.01385e-33
0.41;0.95;1.00752e-33
0.41;0.96;1.00118e-33
0.41;0.97;9.96142e-34
0.41;0.98;9.90431e-34
0.41;0.99;9.84721e-34
0.42;-1;9.92562e-34
0.42;-0.99;9.98207e-34
0.42;-0.98;1.00285e-33
0.42;-0.97;1.009e-33
0.42;-0.96;1.01515e-33
0.42;-0.95;1.02065e-33
0.42;-0.94;1.02729e-33
0.42;-0.93;1.03393e-33
0.42;-0.92;1.04028e-33
0.42;-0.91;1.04687e-33
0.42;-0.9;0.00057206
0.42;-0.89;0.00134803
0.42;-0.88;0.00212537
0.42;-0.87;0.0029136
0.42;-0.86;0.00369998
0.42;-0.85;0.00449387
0.42;-0.84;0.00529744
0.42;-0.83;0.00610061
0.42;-0.82;0.00690031
0.42;-0.81;0.00771235
0.42;-0.8;0.0085216
0.42;-0.79;0.00932874
0.42;-0.78;0.0101306
0.42;-0.77;0.010938
0.42;-0.76;0.0117406
0.42;-0.75;0.0125348
0.42;-0.74;0.0133212
0.42;-0.73;0.0141033
0.42;-0.72;0.0148697
0.42;-0.71;0.0156322
0.42;-0.7;0.0163789
0.42;-0.69;0.0171102
0.42;-0.68;0.0178232
0.42;-0.67;0.018522
0.42;-0.66;0.019192
0.42;-0.65;0.0198439
0.42;-0.64;0.0204748
0.42;-0.63;0.0210766
0.42;-0.62;0.021647
0.42;-0.61;0.0221874
0.42;-0.6;0.0226907
0.42;-0.59;0.0231537
0.42;-0.58;0.0235779
0.42;-0.57;0.0239605
0.42;-0.56;0.0242981
0.42;-0.55;0.0245883
0.42;-0.54;0.0248244
0.42;-0.53;0.0250048
0.42;-0.52;0.0251284
0.42;-0.51;0.0251884
0.42;-0.5;0.0251776
0.42;-0.49;0.0251053
0.42;-0.48;0.0249542
0.42;-0.47;0.0247311
0.42;-0.46;0.0244334
0.42;-0.45;0.0240468
0.42;-0.44;0.0235769
0.42;-0.43;0.0230184
0.42;-0.42;0.0223696
0.42;-0.41;0.0216272
0.42;-0.4;0.0207816
0.42;-0.39;0.0198309
0.42;-0.38;0.0187763
0.42;-0.37;0.0176244
0.42;-0.36;0.016348
0.42;-0.35;0.0149636
0.42;-0.34;0.0134609
0.42;-0.33;0.0118419
0.42;-0.32;0.0101166
0.42;-0.31;0.00826318
0.42;-0.3;0.00629625
0.42;-0.29;0.00419853
0.42;-0.28;0.00200381
0.42;-0.27;2.69767e-33
0.42;-0.26;1.16087e-19
0.42;-0.25;2.80725e-33
0.42;-0.24;2.8593e-33
0.42;-0.23;2.91298e-33
0.42;-0.22;2.97285e-33
0.42;-0.21;3.01934e-33
0.42;-0.2;3.05646e-33
0.42;-0.19;3.1441e-33
0.42;-0.18;3.17117e-33
0.42;-0.17;3.20958e-33
0.42;-0.16;3.30918e-33
0.42;-0.15;3.27328e-33
0.42;-0.14;3.42505e-33
0.42;-0.13;3.473e-33
0.42;-0.12;3.41256e-33
0.42;-0.11;3.5673e-33
0.42;-0.1;3.61751e-33
0.42;-0.09;3.6619e-33
0.42;-0.08;3.69795e-33
0.42;-0.07;3.73015e-33
0.42;-0.06;3.76416e-33
0.42;-0.05;3.79296e-33
0.42;-0.04;3.81365e-33
0.42;-0.03;3.71586e-33
0.42;-0.02;3.84451e-33
0.42;-0.01;3.85332e-33
0.42;0;3.85824e-33
0.42;0.01;3.76977e-33
0.42;0.02;3.84786e-33
0.42;0.03;3.83481e-33
0.42;0.04;3.81448e-33
0.42;0.05;3.65689e-33
0.42;0.06;3.63543e-33
0.42;0.07;3.58137e-33
0.42;0.08;3.5536e-33
0.42;0.09;3.5231e-33
0.42;0.1;3.50259e-33
0.42;0.11;3.57028e-33
0.42;0.12;3.51918e-33
0.42;0.13;3.37723e-33
0.42;0.14;3.41802e-33
0.42;0.15;3.36688e-33
0.42;0.16;3.31106e-33
0.42;0.17;3.20821e-33
0.42;0.18;3.19879e-33
0.42;0.19;3.13851e-33
0.42;0.2;3.08136e-33
0.42;0.21;3.02503e-33
0.42;0.22;2.97106e-33
0.42;0.23;1.63379e-19
0.42;0.24;2.85908e-33
0.42;0.25;-1.59394e-19
0.42;0.26;2.74964e-33
0.42;0.27;2.69845e-33
0.42;0.28;0.00199695
0.42;0.29;0.00420544
0.42;0.3;0.0062952
0.42;0.31;0.00826585
0.42;0.32;0.0101067
0.42;0.33;0.0118464
0.42;0.34;0.0134579
0.42;0.35;0.0149621
0.42;0.36;0.0163532
0.42;0.37;0.0176238
0.42;0.38;0.0187769
0.42;0.39;0.0198364
0.42;0.4;0.0207772
0.42;0.41;0.0216259
0.42;0.42;0.0223676
0.42;0.43;0.0230252
0.42;0.44;0.0235831
0.42;0.45;0.024047
0.42;0.46;0.0244294
0.42;0.47;0.0247346
0.42;0.48;0.0249537
0.42;0.49;0.025104
0.42;0.5;0.0251767
0.42;0.51;0.0251861
0.42;0.52;0.0251302
0.42;0.53;0.0250076
0.42;0.54;0.0248227
0.42;0.55;0.0245874
0.42;0.56;0.0242979
0.42;0.57;0.0239607
0.42;0.58;0.0235775
0.42;0.59;0.023157
0.42;0.6;0.0226863
0.42;0.61;0.022184
0.42;0.62;0.0216496
0.42;0.63;0.0210759
0.42;0.64;0.0204755
0.42;0.65;0.0198445
0.42;0.66;0.0191928
0.42;0.67;0.0185222
0.42;0.68;0.0178229
0.42;0.69;0.0171115
0.42;0.7;0.0163776
0.42;0.71;0.0156278
0.42;0.72;0.0148699
0.42;0.73;0.0140977
0.42;0.74;0.0133201
0.42;0.75;0.0125336
0.42;0.76;0.0117373
0.42;0.77;0.0109384
0.42;0.78;0.0101308
0.42;0.79;0.00932802
0.42;0.8;0.00852165
0.42;0.81;0.00771274
0.42;0.82;0.00690033
0.42;0.83;0.0060958
0.42;0.84;0.00529853
0.42;0.85;0.00449889
0.42;0.86;0.00370001
0.42;0.87;0.00291347
0.42;0.88;0.00212534
0.42;0.89;0.00134788
0.42;0.9;0.000572061
0.42;0.91;1.04698e-33
0.42;0.92;1.04048e-33
0.42;0.93;1.03428e-33
0.42;0.94;1.02782e-33
0.42;0.95;1.02136e-33
0.42;0.96;-2.80972e-20
0.42;0.97;1.00949e-33
0.42;0.98;1.00315e-33
0.42;0.99;9.98386e-34
0.43;-1;9.80527e-34
0.43;-0.99;1.01091e-33
0.43;-0.98;1.01706e-33
0.43;-0.97;1.0222e-33
0.43;-0.96;1.02884e-33
0.43;-0.95;1.03548e-33
0.43;-0.94;1.04134e-33
0.43;-0.93;1.04793e-33
0.43;-0.92;1.05452e-33
0.43;-0.91;2.97855e-20
0.43;-0.9;0.000219186
0.43;-0.89;0.000997139
0.43;-0.88;0.00178297
0.43;-0.87;0.00256993
0.43;-0.86;0.00337323
0.43;-0.85;0.00417956
0.43;-0.84;0.0049841
0.43;-0.83;0.0058021
0.43;-0.82;0.00661841
0.43;-0.81;0.00743718
0.43;-0.8;0.00825458
0.43;-0.79;0.00907581
0.43;-0.78;0.00990388
0.43;-0.77;0.0107216
0.43;-0.76;0.011538
0.43;-0.75;0.0123499
0.43;-0.74;0.0131561
0.43;-0.73;0.0139593
0.43;-0.72;0.0147519
0.43;-0.71;0.0155273
0.43;-0.7;0.0162972
0.43;-0.69;0.0170573
0.43;-0.68;0.0177953
0.43;-0.67;0.0185241
0.43;-0.66;0.0192299
0.43;-0.65;0.0199107
0.43;-0.64;0.0205675
0.43;-0.63;0.0212024
0.43;-0.62;0.0218081
0.43;-0.61;0.022387
0.43;-0.6;0.0229328
0.43;-0.59;0.0234441
0.43;-0.58;0.0239098
0.43;-0.57;0.0243386
0.43;-0.56;0.024722
0.43;-0.55;0.0250602
0.43;-0.54;0.0253486
0.43;-0.53;0.0255832
0.43;-0.52;0.0257648
0.43;-0.51;0.0258815
0.43;-0.5;0.0259517
0.43;-0.49;0.0259512
0.43;-0.48;0.0258711
0.43;-0.47;0.0257231
0.43;-0.46;0.0255031
0.43;-0.45;0.0251991
0.43;-0.44;0.0248186
0.43;-0.43;0.0243511
0.43;-0.42;0.0237987
0.43;-0.41;0.023159
0.43;-0.4;0.0224165
0.43;-0.39;0.0215807
0.43;-0.38;0.0206507
0.43;-0.37;0.0196205
0.43;-0.36;0.0184756
0.43;-0.35;0.0172193
0.43;-0.34;0.015865
0.43;-0.33;0.0143953
0.43;-0.32;0.0128237
0.43;-0.31;0.0111348
0.43;-0.3;0.00935713
0.43;-0.29;0.00745465
0.43;-0.28;0.00543943
0.43;-0.27;0.00332027
0.43;-0.26;0.00110539
0.43;-0.25;2.84163e-33
0.43;-0.24;2.88744e-33
0.43;-0.23;4.14122e-20
0.43;-0.22;3.00017e-33
0.43;-0.21;3.05026e-33
0.43;-0.2;3.11116e-33
0.43;-0.19;3.16659e-33
0.43;-0.18;3.20958e-33
0.43;-0.17;3.23785e-33
0.43;-0.16;3.32955e-33
0.43;-0.15;3.38849e-33
0.43;-0.14;3.44039e-33
0.43;-0.13;3.48373e-33
0.43;-0.12;3.53847e-33
0.43;-0.11;3.57999e-33
0.43;-0.1;3.53006e-33
0.43;-0.09;3.6695e-33
0.43;-0.08;3.57652e-33
0.43;-0.07;3.73741e-33
0.43;-0.06;3.76815e-33
0.43;-0.05;3.67945e-33
0.43;-0.04;3.81503e-33
0.43;-0.03;3.83632e-33
0.43;-0.02;3.84462e-33
0.43;-0.01;3.85352e-33
0.43;0;3.79714e-33
0.43;0.01;3.85579e-33
0.43;0.02;3.8482e-33
0.43;0.03;3.83569e-33
0.43;0.04;3.81629e-33
0.43;0.05;3.79431e-33
0.43;0.06;3.65689e-33
0.43;0.07;3.73809e-33
0.43;0.08;3.58137e-33
0.43;0.09;3.66935e-33
0.43;0.1;3.62862e-33
0.43;0.11;3.50259e-33
0.43;0.12;3.53408e-33
0.43;0.13;3.40692e-33
0.43;0.14;3.43429e-33
0.43;0.15;3.38642e-33
0.43;0.16;3.28184e-33
0.43;0.17;3.28406e-33
0.43;0.18;3.22203e-33
0.43;0.19;3.16436e-33
0.43;0.2;3.10736e-33
0.43;0.21;3.05284e-33
0.43;0.22;2.99866e-33
0.43;0.23;2.94497e-33
0.43;0.24;2.88857e-33
0.43;0.25;7.96969e-20
0.43;0.26;0.00109402
0.43;0.27;0.00332004
0.43;0.28;0.00544426
0.43;0.29;0.00745373
0.43;0.3;0.00935812
0.43;0.31;0.0111433
0.43;0.32;0.0128224
0.43;0.33;0.014399
0.43;0.34;0.0158653
0.43;0.35;0.0172229
0.43;0.36;0.0184715
0.43;0.37;0.0196206
0.43;0.38;0.0206513
0.43;0.39;0.0215841
0.43;0.4;0.0224155
0.43;0.41;0.0231599
0.43;0.42;0.0237966
0.43;0.43;0.0243593
0.43;0.44;0.0248167
0.43;0.45;0.0251998
0.43;0.46;0.0255021
0.43;0.47;0.0257241
0.43;0.48;0.0258728
0.43;0.49;0.0259463
0.43;0.5;0.0259524
0.43;0.51;0.0258908
0.43;0.52;0.0257677
0.43;0.53;0.0255866
0.43;0.54;0.025348
0.43;0.55;0.0250598
0.43;0.56;0.0247222
0.43;0.57;0.0243376
0.43;0.58;0.0239103
0.43;0.59;0.0234438
0.43;0.6;0.0229341
0.43;0.61;0.0223869
0.43;0.62;0.0218104
0.43;0.63;0.0212015
0.43;0.64;0.0205694
0.43;0.65;0.0199092
0.43;0.66;0.0192296
0.43;0.67;0.0185239
0.43;0.68;0.0177952
0.43;0.69;0.0170523
0.43;0.7;0.0162958
0.43;0.71;0.0155294
0.43;0.72;0.0147495
0.43;0.73;0.013956
0.43;0.74;0.0131552
0.43;0.75;0.0123506
0.43;0.76;0.0115371
0.43;0.77;0.0107217
0.43;0.78;0.00990218
0.43;0.79;0.00908148
0.43;0.8;0.00826008
0.43;0.81;0.00743867
0.43;0.82;0.00661807
0.43;0.83;0.00580226
0.43;0.84;0.00499302
0.43;0.85;0.00417626
0.43;0.86;0.00337208
0.43;0.87;0.00256917
0.43;0.88;0.00177852
0.43;0.89;0.000996628
0.43;0.9;0.000219009
0.43;0.91;1.06113e-33
0.43;0.92;-2.86452e-20
0.43;0.93;1.04802e-33
0.43;0.94;1.04152e-33
0.43;0.95;1.03578e-33
0.43;0.96;1.02933e-33
0.43;0.97;1.02287e-33
0.43;0.98;1.01779e-33
0.43;0.99;1.01146e-33
0.44;-1;9.98922e-34
0.44;-0.99;9.98922e-34
0.44;-0.98;1.03039e-33
0.44;-0.97;1.03703e-33
0.44;-0.96;1.0388e-33
0.44;-0.95;1.04899e-33
0.44;-0.94;1.05558e-33
0.44;-0.93;2.97855e-20
0.44;-0.92;5.95711e-20
0.44;-0.91;1.07708e-33
0.44;-0.9;-6.0812e-20
0.44;-0.89;0.000631321
0.44;-0.88;0.00142097
0.44;-0.87;0.00222144
0.44;-0.86;0.00302552
0.44;-0.85;0.00384146
0.44;-0.84;0.00465806
0.44;-0.83;0.00548476
0.44;-0.82;0.00631309
0.44;-0.81;0.00714547
0.44;-0.8;0.00797676
0.44;-0.79;0.00881315
0.44;-0.78;0.0096466
0.44;-0.77;0.0104832
0.44;-0.76;0.0113104
0.44;-0.75;0.0121436
0.44;-0.74;0.0129682
0.44;-0.73;0.0137844
0.44;-0.72;0.0145974
0.44;-0.71;0.0154052
0.44;-0.7;0.0162
0.44;-0.69;0.0169802
0.44;-0.68;0.0177491
0.44;-0.67;0.0184966
0.44;-0.66;0.0192299
0.44;-0.65;0.0199442
0.44;-0.64;0.0206413
0.44;-0.63;0.0213085
0.44;-0.62;0.0219494
0.44;-0.61;0.0225603
0.44;-0.6;0.0231445
0.44;-0.59;0.0236936
0.44;-0.58;0.0242115
0.44;-0.57;0.0246914
0.44;-0.56;0.0251219
0.44;-0.55;0.0255085
0.44;-0.54;0.0258517
0.44;-0.53;0.0261438
0.44;-0.52;0.0263811
0.44;-0.51;0.026566
0.44;-0.5;0.0266926
0.44;-0.49;0.0267558
0.44;-0.48;0.0267566
0.44;-0.47;0.0266871
0.44;-0.46;0.0265379
0.44;-0.45;0.0263206
0.44;-0.44;0.0260248
0.44;-0.43;0.0256477
0.44;-0.42;0.0251936
0.44;-0.41;0.02465
0.44;-0.4;0.024017
0.44;-0.39;0.0232979
0.44;-0.38;0.0224793
0.44;-0.37;0.0215656
0.44;-0.36;0.0205451
0.44;-0.35;0.0194345
0.44;-0.34;0.0182102
0.44;-0.33;0.0169018
0.44;-0.32;0.0154765
0.44;-0.31;0.0139585
0.44;-0.3;0.012349
0.44;-0.29;0.0106122
0.44;-0.28;0.00878554
0.44;-0.27;0.0068551
0.44;-0.26;0.0048461
0.44;-0.25;0.00274873
0.44;-0.24;0.000562476
0.44;-0.23;2.9757e-33
0.44;-0.22;3.02344e-33
0.44;-0.21;1.73906e-19
0.44;-0.2;3.13885e-33
0.44;-0.19;3.19265e-33
0.44;-0.18;3.23785e-33
0.44;-0.17;3.29469e-33
0.44;-0.16;3.35185e-33
0.44;-0.15;3.40663e-33
0.44;-0.14;3.45589e-33
0.44;-0.13;3.44318e-33
0.44;-0.12;3.49247e-33
0.44;-0.11;3.59125e-33
0.44;-0.1;3.63963e-33
0.44;-0.09;3.57652e-33
0.44;-0.08;3.71026e-33
0.44;-0.07;3.74208e-33
0.44;-0.06;3.77374e-33
0.44;-0.05;3.71586e-33
0.44;-0.04;3.73361e-33
0.44;-0.03;3.8367e-33
0.44;-0.02;3.84473e-33
0.44;-0.01;3.79858e-33
0.44;0;3.85823e-33
0.44;0.01;3.79714e-33
0.44;0.02;3.78582e-33
0.44;0.03;3.83658e-33
0.44;0.04;3.81809e-33
0.44;0.05;3.71606e-33
0.44;0.06;3.6787e-33
0.44;0.07;3.74295e-33
0.44;0.08;3.63543e-33
0.44;0.09;3.67649e-33
0.44;0.1;3.5536e-33
0.44;0.11;3.59306e-33
0.44;0.12;3.50259e-33
0.44;0.13;3.50605e-33
0.44;0.14;3.45046e-33
0.44;0.15;3.37723e-33
0.44;0.16;3.35329e-33
0.44;0.17;3.28184e-33
0.44;0.18;3.24367e-33
0.44;0.19;3.19121e-33
0.44;0.2;3.13247e-33
0.44;0.21;3.07917e-33
0.44;0.22;3.02434e-33
0.44;0.23;2.97373e-33
0.44;0.24;0.000554942
0.44;0.25;0.00274883
0.44;0.26;0.00484425
0.44;0.27;0.00686299
0.44;0.28;0.00877997
0.44;0.29;0.0106179
0.44;0.3;0.012349
0.44;0.31;0.0139584
0.44;0.32;0.0154828
0.44;0.33;0.0168941
0.44;0.34;0.0182169
0.44;0.35;0.0194301
0.44;0.36;0.0205481
0.44;0.37;0.0215637
0.44;0.38;0.0224797
0.44;0.39;0.0232959
0.44;0.4;0.0240167
0.44;0.41;0.0246474
0.44;0.42;0.0251909
0.44;0.43;0.0256556
0.44;0.44;0.0260237
0.44;0.45;0.0263196
0.44;0.46;0.0265389
0.44;0.47;0.0266864
0.44;0.48;0.0267565
0.44;0.49;0.0267573
0.44;0.5;0.0266911
0.44;0.51;0.026564
0.44;0.52;0.0263814
0.44;0.53;0.0261439
0.44;0.54;0.0258499
0.44;0.55;0.0255095
0.44;0.56;0.0251208
0.44;0.57;0.0246803
0.44;0.58;0.024216
0.44;0.59;0.0236952
0.44;0.6;0.0231442
0.44;0.61;0.0225633
0.44;0.62;0.0219504
0.44;0.63;0.0213069
0.44;0.64;0.020641
0.44;0.65;0.0199454
0.44;0.66;0.0192272
0.44;0.67;0.0184958
0.44;0.68;0.0177495
0.44;0.69;0.0169806
0.44;0.7;0.0161991
0.44;0.71;0.0154048
0.44;0.72;0.0146031
0.44;0.73;0.0137871
0.44;0.74;0.0129694
0.44;0.75;0.0121444
0.44;0.76;0.0113149
0.44;0.77;0.0104818
0.44;0.78;0.00964851
0.44;0.79;0.00881296
0.44;0.8;0.00797622
0.44;0.81;0.00713821
0.44;0.82;0.00631313
0.44;0.83;0.00548536
0.44;0.84;0.00465756
0.44;0.85;0.00384043
0.44;0.86;0.0030246
0.44;0.87;0.00222053
0.44;0.88;0.00141868
0.44;0.89;0.000631521
0.44;0.9;1.08407e-33
0.44;0.91;1.0764e-33
0.44;0.92;1.06909e-33
0.44;0.93;1.06179e-33
0.44;0.94;-2.86452e-20
0.44;0.95;-5.72904e-20
0.44;0.96;1.04256e-33
0.44;0.97;1.03729e-33
0.44;0.98;1.03083e-33
0.44;0.99;9.9911e-34
0.45;-1;9.98922e-34
0.45;-0.99;1.03858e-33
0.45;-0.98;1.0388e-33
0.45;-0.97;1.0388e-33
0.45;-0.96;1.05663e-33
0.45;-0.95;1.06265e-33
0.45;-0.94;1.07021e-33
0.45;-0.93;1.07777e-33
0.45;-0.92;1.08485e-33
0.45;-0.91;1.09269e-33
0.45;-0.9;1.10054e-33
0.45;-0.89;0.000242843
0.45;-0.88;0.00103952
0.45;-0.87;0.00184717
0.45;-0.86;0.00265822
0.45;-0.85;0.00348439
0.45;-0.84;0.00431291
0.45;-0.83;0.00515074
0.45;-0.82;0.00598533
0.45;-0.81;0.00682858
0.45;-0.8;0.00767584
0.45;-0.79;0.00851787
0.45;-0.78;0.00936488
0.45;-0.77;0.0102235
0.45;-0.76;0.0110719
0.45;-0.75;0.0119151
0.45;-0.74;0.0127603
0.45;-0.73;0.013598
0.45;-0.72;0.0144343
0.45;-0.71;0.015256
0.45;-0.7;0.0160664
0.45;-0.69;0.0168767
0.45;-0.68;0.0176729
0.45;-0.67;0.0184549
0.45;-0.66;0.0192143
0.45;-0.65;0.0199585
0.45;-0.64;0.0206785
0.45;-0.63;0.0213839
0.45;-0.62;0.0220662
0.45;-0.61;0.0227189
0.45;-0.6;0.0233373
0.45;-0.59;0.023926
0.45;-0.58;0.0244801
0.45;-0.57;0.0250027
0.45;-0.56;0.025485
0.45;-0.55;0.0259285
0.45;-0.54;0.0263287
0.45;-0.53;0.026673
0.45;-0.52;0.0269697
0.45;-0.51;0.0272085
0.45;-0.5;0.0274003
0.45;-0.49;0.0275298
0.45;-0.48;0.0276
0.45;-0.47;0.0276097
0.45;-0.46;0.0275457
0.45;-0.45;0.0274062
0.45;-0.44;0.0271924
0.45;-0.43;0.0269109
0.45;-0.42;0.0265446
0.45;-0.41;0.0260983
0.45;-0.4;0.0255749
0.45;-0.39;0.0249585
0.45;-0.38;0.0242612
0.45;-0.37;0.0234605
0.45;-0.36;0.0225666
0.45;-0.35;0.021586
0.45;-0.34;0.020501
0.45;-0.33;0.0193419
0.45;-0.32;0.018071
0.45;-0.31;0.0167072
0.45;-0.3;0.0152452
0.45;-0.29;0.013691
0.45;-0.28;0.0120472
0.45;-0.27;0.0103067
0.45;-0.26;0.00848691
0.45;-0.25;0.00658584
0.45;-0.24;0.00459368
0.45;-0.23;0.00255001
0.45;-0.22;0.000432257
0.45;-0.21;3.10688e-33
0.45;-0.2;3.16134e-33
0.45;-0.19;3.21564e-33
0.45;-0.18;3.26313e-33
0.45;-0.17;3.31586e-33
0.45;-0.16;3.37073e-33
0.45;-0.15;3.41256e-33
0.45;-0.14;3.46849e-33
0.45;-0.13;3.5155e-33
0.45;-0.12;3.55985e-33
0.45;-0.11;3.60252e-33
0.45;-0.1;3.64726e-33
0.45;-0.09;3.68549e-33
0.45;-0.08;3.71513e-33
0.45;-0.07;3.74676e-33
0.45;-0.06;3.7771e-33
0.45;-0.05;3.73361e-33
0.45;-0.04;3.81779e-33
0.45;-0.03;3.83707e-33
0.45;-0.02;3.79858e-33
0.45;-0.01;3.85392e-33
0.45;0;3.83196e-33
0.45;0.01;3.85592e-33
0.45;0.02;3.84887e-33
0.45;0.03;3.78582e-33
0.45;0.04;3.8199e-33
0.45;0.05;3.73413e-33
0.45;0.06;3.77709e-33
0.45;0.07;3.74782e-33
0.45;0.08;3.65689e-33
0.45;0.09;3.63543e-33
0.45;0.1;3.58137e-33
0.45;0.11;3.5536e-33
0.45;0.12;3.56132e-33
0.45;0.13;3.51516e-33
0.45;0.14;3.43413e-33
0.45;0.15;3.41784e-33
0.45;0.16;3.37077e-33
0.45;0.17;3.32042e-33
0.45;0.18;3.26944e-33
0.45;0.19;-1.81907e-19
0.45;0.2;3.15833e-33
0.45;0.21;3.10358e-33
0.45;0.22;0.000437939
0.45;0.23;0.00254947
0.45;0.24;0.00459367
0.45;0.25;0.00658572
0.45;0.26;0.00849316
0.45;0.27;0.0103064
0.45;0.28;0.0120447
0.45;0.29;0.0136912
0.45;0.3;0.0152428
0.45;0.31;0.0167068
0.45;0.32;0.0180767
0.45;0.33;0.0193323
0.45;0.34;0.0205213
0.45;0.35;0.0215747
0.45;0.36;0.0225679
0.45;0.37;0.0234596
0.45;0.38;0.0242607
0.45;0.39;0.0249558
0.45;0.4;0.0255747
0.45;0.41;0.026102
0.45;0.42;0.0265414
0.45;0.43;0.0269113
0.45;0.44;0.0271949
0.45;0.45;0.0274103
0.45;0.46;0.0275445
0.45;0.47;0.0276094
0.45;0.48;0.0276008
0.45;0.49;0.0275312
0.45;0.5;0.0273977
0.45;0.51;0.0272101
0.45;0.52;0.0269669
0.45;0.53;0.0266714
0.45;0.54;0.026326
0.45;0.55;0.0259277
0.45;0.56;0.0254837
0.45;0.57;0.0250014
0.45;0.58;0.0244814
0.45;0.59;0.0239251
0.45;0.6;0.0233354
0.45;0.61;0.0227171
0.45;0.62;0.022063
0.45;0.63;0.0213816
0.45;0.64;0.0206808
0.45;0.65;0.0199577
0.45;0.66;0.0192136
0.45;0.67;0.0184526
0.45;0.68;0.0176697
0.45;0.69;0.0168764
0.45;0.7;0.0160746
0.45;0.71;0.015256
0.45;0.72;0.0144327
0.45;0.73;0.0135991
0.45;0.74;0.0127621
0.45;0.75;0.0119164
0.45;0.76;0.0110691
0.45;0.77;0.0102205
0.45;0.78;0.00936695
0.45;0.79;0.00852246
0.45;0.8;0.00767611
0.45;0.81;0.00682905
0.45;0.82;0.00598493
0.45;0.83;0.00514056
0.45;0.84;0.00431202
0.45;0.85;0.00348221
0.45;0.86;0.00265748
0.45;0.87;0.00184673
0.45;0.88;0.00103961
0.45;0.89;0.000242828
0.45;0.9;1.10083e-33
0.45;0.91;1.09255e-33
0.45;0.92;1.08428e-33
0.45;0.93;1.07706e-33
0.45;0.94;1.06976e-33
0.45;0.95;1.06245e-33
0.45;0.96;-4.29678e-20
0.45;0.97;1.0501e-33
0.45;0.98;1.0436e-33
0.45;0.99;1.0388e-33
0.46;-1;1.04451e-33
0.46;-0.99;1.0388e-33
0.46;-0.98;1.0388e-33
0.46;-0.97;1.06333e-33
0.46;-0.96;1.07089e-33
0.46;-0.95;1.07846e-33
0.46;-0.94;-3.0406e-20
0.46;-0.93;1.09289e-33
0.46;-0.92;1.10074e-33
0.46;-0.91;1.10886e-33
0.46;-0.9;1.11796e-33
0.46;-0.89;1.12707e-33
0.46;-0.88;0.000632983
0.46;-0.87;0.00144688
0.46;-0.86;0.00227582
0.46;-0.85;0.00310053
0.46;-0.84;0.00394186
0.46;-0.83;0.00478401
0.46;-0.82;0.00563479
0.46;-0.81;0.00648963
0.46;-0.8;0.00735036
0.46;-0.79;0.00820864
0.46;-0.78;0.00907294
0.46;-0.77;0.00993477
0.46;-0.76;0.0108045
0.46;-0.75;0.0116654
0.46;-0.74;0.0125244
0.46;-0.73;0.0133858
0.46;-0.72;0.0142328
0.46;-0.71;0.0150795
0.46;-0.7;0.0159222
0.46;-0.69;0.0167509
0.46;-0.68;0.0175693
0.46;-0.67;0.0183716
0.46;-0.66;0.0191666
0.46;-0.65;0.0199438
0.46;-0.64;0.0206947
0.46;-0.63;0.0214322
0.46;-0.62;0.0221435
0.46;-0.61;0.0228319
0.46;-0.6;0.0234948
0.46;-0.59;0.0241303
0.46;-0.58;0.0247295
0.46;-0.57;0.0252914
0.46;-0.56;0.025819
0.46;-0.55;0.026309
0.46;-0.54;0.0267596
0.46;-0.53;0.0271617
0.46;-0.52;0.0275223
0.46;-0.51;0.0278228
0.46;-0.5;0.028072
0.46;-0.49;0.0282652
0.46;-0.48;0.0284067
0.46;-0.47;0.0284867
0.46;-0.46;0.0285013
0.46;-0.45;0.0284497
0.46;-0.44;0.0283199
0.46;-0.43;0.0281242
0.46;-0.42;0.0278479
0.46;-0.41;0.027502
0.46;-0.4;0.0270827
0.46;-0.39;0.0265726
0.46;-0.38;0.0259817
0.46;-0.37;0.0252974
0.46;-0.36;0.0245285
0.46;-0.35;0.0236707
0.46;-0.34;0.0227303
0.46;-0.33;0.0217035
0.46;-0.32;0.020586
0.46;-0.31;0.0193615
0.46;-0.3;0.0180556
0.46;-0.29;0.0166764
0.46;-0.28;0.0152057
0.46;-0.27;0.0136452
0.46;-0.26;0.0119979
0.46;-0.25;0.0103008
0.46;-0.24;0.00851862
0.46;-0.23;0.006665
0.46;-0.22;0.0047493
0.46;-0.21;0.00281248
0.46;-0.2;0.000815458
0.46;-0.19;3.23298e-33
0.46;-0.18;3.28383e-33
0.46;-0.17;3.33623e-33
0.46;-0.16;3.39046e-33
0.46;-0.15;3.44019e-33
0.46;-0.14;3.48065e-33
0.46;-0.13;3.53241e-33
0.46;-0.12;3.56922e-33
0.46;-0.11;3.61517e-33
0.46;-0.1;3.63427e-33
0.46;-0.09;3.69151e-33
0.46;-0.08;3.72138e-33
0.46;-0.07;3.75143e-33
0.46;-0.06;3.73361e-33
0.46;-0.05;3.80286e-33
0.46;-0.04;3.82076e-33
0.46;-0.03;3.79858e-33
0.46;-0.02;3.84495e-33
0.46;-0.01;3.85412e-33
0.46;0;3.85822e-33
0.46;0.01;3.83196e-33
0.46;0.02;3.84921e-33
0.46;0.03;3.83835e-33
0.46;0.04;3.82247e-33
0.46;0.05;3.76977e-33
0.46;0.06;3.78045e-33
0.46;0.07;3.75269e-33
0.46;0.08;3.72168e-33
0.46;0.09;3.65689e-33
0.46;0.1;3.63543e-33
0.46;0.11;3.58137e-33
0.46;0.12;3.5536e-33
0.46;0.13;3.52617e-33
0.46;0.14;1.96735e-19
0.46;0.15;3.43148e-33
0.46;0.16;3.3881e-33
0.46;0.17;3.33893e-33
0.46;0.18;3.29139e-33
0.46;0.19;3.23333e-33
0.46;0.2;0.000815014
0.46;0.21;0.0028064
0.46;0.22;0.00474888
0.46;0.23;0.00666743
0.46;0.24;0.00852111
0.46;0.25;0.0102966
0.46;0.26;0.0120062
0.46;0.27;0.0136398
0.46;0.28;0.015195
0.46;0.29;0.0166772
0.46;0.3;0.0180535
0.46;0.31;0.0193659
0.46;0.32;0.020583
0.46;0.33;0.0217018
0.46;0.34;0.0227292
0.46;0.35;0.0236713
0.46;0.36;0.0245332
0.46;0.37;0.0252948
0.46;0.38;0.0259821
0.46;0.39;0.0265674
0.46;0.4;0.0270775
0.46;0.41;0.0275029
0.46;0.42;0.0278476
0.46;0.43;0.0281231
0.46;0.44;0.0283216
0.46;0.45;0.02845
0.46;0.46;0.0285037
0.46;0.47;0.0284864
0.46;0.48;0.0284056
0.46;0.49;0.0282687
0.46;0.5;0.0280726
0.46;0.51;0.0278216
0.46;0.52;0.0275203
0.46;0.53;0.0271593
0.46;0.54;0.0267575
0.46;0.55;0.0263105
0.46;0.56;0.0258194
0.46;0.57;0.0252905
0.46;0.58;0.0247281
0.46;0.59;0.0241301
0.46;0.6;0.0234976
0.46;0.61;0.0228344
0.46;0.62;0.0221457
0.46;0.63;0.0214348
0.46;0.64;0.0206993
0.46;0.65;0.0199419
0.46;0.66;0.0191673
0.46;0.67;0.0183728
0.46;0.68;0.0175697
0.46;0.69;0.0167514
0.46;0.7;0.0159229
0.46;0.71;0.0150807
0.46;0.72;0.0142373
0.46;0.73;0.0133863
0.46;0.74;0.0125284
0.46;0.75;0.011665
0.46;0.76;0.0107965
0.46;0.77;0.00993336
0.46;0.78;0.00907128
0.46;0.79;0.00820914
0.46;0.8;0.00734892
0.46;0.81;0.00648962
0.46;0.82;0.00563465
0.46;0.83;0.00478459
0.46;0.84;0.00394302
0.46;0.85;0.00310098
0.46;0.86;0.00227504
0.46;0.87;0.00144693
0.46;0.88;0.000632945
0.46;0.89;1.12702e-33
0.46;0.9;1.11809e-33
0.46;0.91;1.10915e-33
0.46;0.92;1.10104e-33
0.46;0.93;1.09276e-33
0.46;0.94;1.08449e-33
0.46;0.95;1.07773e-33
0.46;0.96;1.07042e-33
0.46;0.97;1.06312e-33
0.46;0.98;1.05765e-33
0.46;0.99;1.05115e-33
0.47;-1;1.05851e-33
0.47;-0.99;1.06402e-33
0.47;-0.98;1.07158e-33
0.47;-0.97;1.07914e-33
0.47;-0.96;1.08053e-33
0.47;-0.95;1.09309e-33
0.47;-0.94;1.10094e-33
0.47;-0.93;1.10852e-33
0.47;-0.92;1.11762e-33
0.47;-0.91;1.12673e-33
0.47;-0.9;1.13474e-33
0.47;-0.89;1.14318e-33
0.47;-0.88;0.000217549
0.47;-0.87;0.00103794
0.47;-0.86;0.00186544
0.47;-0.85;0.00270846
0.47;-0.84;0.00355043
0.47;-0.83;0.0044036
0.47;-0.82;0.00525698
0.47;-0.81;0.00612849
0.47;-0.8;0.00699847
0.47;-0.79;0.00787528
0.47;-0.78;0.00874577
0.47;-0.77;0.00962519
0.47;-0.76;0.010509
0.47;-0.75;0.0113887
0.47;-0.74;0.0122644
0.47;-0.73;0.0131452
0.47;-0.72;0.014019
0.47;-0.71;0.0148808
0.47;-0.7;0.0157419
0.47;-0.69;0.0165921
0.47;-0.68;0.0174406
0.47;-0.67;0.0182737
0.47;-0.66;0.01909
0.47;-0.65;0.0198919
0.47;-0.64;0.0206792
0.47;-0.63;0.0214514
0.47;-0.62;0.0222005
0.47;-0.61;0.0229219
0.47;-0.6;0.0236199
0.47;-0.59;0.0242956
0.47;-0.58;0.0249353
0.47;-0.57;0.0255501
0.47;-0.56;0.0261247
0.47;-0.55;0.0266598
0.47;-0.54;0.0271569
0.47;-0.53;0.0276126
0.47;-0.52;0.0280303
0.47;-0.51;0.0283985
0.47;-0.5;0.0287115
0.47;-0.49;0.0289715
0.47;-0.48;0.0291735
0.47;-0.47;0.029323
0.47;-0.46;0.0294148
0.47;-0.45;0.0294458
0.47;-0.44;0.0294055
0.47;-0.43;0.02929
0.47;-0.42;0.029106
0.47;-0.41;0.0288529
0.47;-0.4;0.0285277
0.47;-0.39;0.0281249
0.47;-0.38;0.0276464
0.47;-0.37;0.0270719
0.47;-0.36;0.0264199
0.47;-0.35;0.0256923
0.47;-0.34;0.0248768
0.47;-0.33;0.023998
0.47;-0.32;0.0230074
0.47;-0.31;0.0219408
0.47;-0.3;0.0207874
0.47;-0.29;0.0195617
0.47;-0.28;0.0182525
0.47;-0.27;0.0168591
0.47;-0.26;0.0153995
0.47;-0.25;0.0138884
0.47;-0.24;0.0122775
0.47;-0.23;0.0106291
0.47;-0.22;0.00892868
0.47;-0.21;0.00716397
0.47;-0.2;0.00538065
0.47;-0.19;0.00357134
0.47;-0.18;0.00172143
0.47;-0.17;3.35605e-33
0.47;-0.16;3.4086e-33
0.47;-0.15;3.45407e-33
0.47;-0.14;7.30824e-20
0.47;-0.13;3.54234e-33
0.47;-0.12;3.57652e-33
0.47;-0.11;3.62564e-33
0.47;-0.1;3.66377e-33
0.47;-0.09;3.67945e-33
0.47;-0.08;3.72615e-33
0.47;-0.07;3.7567e-33
0.47;-0.06;3.78382e-33
0.47;-0.05;3.78582e-33
0.47;-0.04;3.82284e-33
0.47;-0.03;3.83782e-33
0.47;-0.02;3.84505e-33
0.47;-0.01;3.85432e-33
0.47;0;3.85817e-33
0.47;0.01;3.85606e-33
0.47;0.02;3.84955e-33
0.47;0.03;3.83924e-33
0.47;0.04;3.79714e-33
0.47;0.05;3.80383e-33
0.47;0.06;3.78381e-33
0.47;0.07;3.73413e-33
0.47;0.08;3.71606e-33
0.47;0.09;3.69692e-33
0.47;0.1;3.66397e-33
0.47;0.11;3.62609e-33
0.47;0.12;3.58137e-33
0.47;0.13;3.53913e-33
0.47;0.14;3.50096e-33
0.47;0.15;3.44812e-33
0.47;0.16;3.40355e-33
0.47;0.17;-1.87898e-19
0.47;0.18;0.00172138
0.47;0.19;0.00357378
0.47;0.2;0.00537561
0.47;0.21;0.00716614
0.47;0.22;0.00893194
0.47;0.23;0.0106277
0.47;0.24;0.0122809
0.47;0.25;0.0138892
0.47;0.26;0.0154045
0.47;0.27;0.0168568
0.47;0.28;0.0182598
0.47;0.29;0.0195602
0.47;0.3;0.0207982
0.47;0.31;0.0219307
0.47;0.32;0.0230088
0.47;0.33;0.0239989
0.47;0.34;0.0248809
0.47;0.35;0.0256939
0.47;0.36;0.0264241
0.47;0.37;0.0270705
0.47;0.38;0.0276411
0.47;0.39;0.0281266
0.47;0.4;0.0285294
0.47;0.41;0.0288506
0.47;0.42;0.0291117
0.47;0.43;0.0292888
0.47;0.44;0.0294057
0.47;0.45;0.0294446
0.47;0.46;0.0294131
0.47;0.47;0.029326
0.47;0.48;0.0291737
0.47;0.49;0.0289703
0.47;0.5;0.0287131
0.47;0.51;0.0283983
0.47;0.52;0.0280296
0.47;0.53;0.0276136
0.47;0.54;0.0271625
0.47;0.55;0.0266605
0.47;0.56;0.0261226
0.47;0.57;0.0255484
0.47;0.58;0.0249363
0.47;0.59;0.0242906
0.47;0.6;0.0236177
0.47;0.61;0.0229199
0.47;0.62;0.0221995
0.47;0.63;0.0214512
0.47;0.64;0.0206798
0.47;0.65;0.0198913
0.47;0.66;0.0190896
0.47;0.67;0.0182738
0.47;0.68;0.0174409
0.47;0.69;0.0165982
0.47;0.7;0.015742
0.47;0.71;0.0148845
0.47;0.72;0.0140197
0.47;0.73;0.0131446
0.47;0.74;0.0122647
0.47;0.75;0.0113834
0.47;0.76;0.0105091
0.47;0.77;0.00962847
0.47;0.78;0.00875101
0.47;0.79;0.00787705
0.47;0.8;0.00699828
0.47;0.81;0.00612845
0.47;0.82;0.00526841
0.47;0.83;0.004405
0.47;0.84;0.00355188
0.47;0.85;0.00270348
0.47;0.86;0.00186934
0.47;0.87;0.00103767
0.47;0.88;0.00021756
0.47;0.89;1.14347e-33
0.47;0.9;1.13483e-33
0.47;0.91;1.12669e-33
0.47;0.92;1.11775e-33
0.47;0.93;1.10882e-33
0.47;0.94;1.10124e-33
0.47;0.95;1.09297e-33
0.47;0.96;1.0847e-33
0.47;0.97;1.07839e-33
0.47;0.98;1.07109e-33
0.47;0.99;1.03901e-33
0.48;-1;1.07227e-33
0.48;-0.99;1.07983e-33
0.48;-0.98;1.08544e-33
0.48;-0.97;1.08053e-33
0.48;-0.96;1.10113e-33
0.48;-0.95;1.10817e-33
0.48;-0.94;1.11728e-33
0.48;-0.93;1.12639e-33
0.48;-0.92;-6.22023e-20
0.48;-0.91;1.14237e-33
0.48;-0.9;1.15081e-33
0.48;-0.89;1.16037e-33
0.48;-0.88;1.17048e-33
0.48;-0.87;0.000599835
0.48;-0.86;0.00143443
0.48;-0.85;0.0022838
0.48;-0.84;0.00313948
0.48;-0.83;0.00399463
0.48;-0.82;0.00486908
0.48;-0.81;0.00573959
0.48;-0.8;0.00662341
0.48;-0.79;0.00751309
0.48;-0.78;0.00840285
0.48;-0.77;0.0092887
0.48;-0.76;0.0101851
0.48;-0.75;0.0110871
0.48;-0.74;0.0119835
0.48;-0.73;0.0128732
0.48;-0.72;0.0137682
0.48;-0.71;0.0146532
0.48;-0.7;0.0155409
0.48;-0.69;0.0164153
0.48;-0.68;0.0172785
0.48;-0.67;0.0181393
0.48;-0.66;0.0189848
0.48;-0.65;0.0198208
0.48;-0.64;0.0206352
0.48;-0.63;0.0214307
0.48;-0.62;0.0222156
0.48;-0.61;0.0229815
0.48;-0.6;0.0237154
0.48;-0.59;0.0244242
0.48;-0.58;0.0251134
0.48;-0.57;0.0257617
0.48;-0.56;0.0263876
0.48;-0.55;0.0269793
0.48;-0.54;0.0275233
0.48;-0.53;0.028032
0.48;-0.52;0.0284965
0.48;-0.51;0.0289236
0.48;-0.5;0.0293061
0.48;-0.49;0.0296312
0.48;-0.48;0.029901
0.48;-0.47;0.0301162
0.48;-0.46;0.0302807
0.48;-0.45;0.0303856
0.48;-0.44;0.0304285
0.48;-0.43;0.0304043
0.48;-0.42;0.0303081
0.48;-0.41;0.0301572
0.48;-0.4;0.0299151
0.48;-0.39;0.0296225
0.48;-0.38;0.029244
0.48;-0.37;0.0287842
0.48;-0.36;0.0282508
0.48;-0.35;0.0276446
0.48;-0.34;0.0269591
0.48;-0.33;0.0261942
0.48;-0.32;0.0253452
0.48;-0.31;0.0244236
0.48;-0.3;0.023421
0.48;-0.29;0.0223513
0.48;-0.28;0.0211871
0.48;-0.27;0.0199668
0.48;-0.26;0.0186878
0.48;-0.25;0.017323
0.48;-0.24;0.0158997
0.48;-0.23;0.0144485
0.48;-0.22;0.0129181
0.48;-0.21;0.0113589
0.48;-0.2;0.00976941
0.48;-0.19;0.00814157
0.48;-0.18;0.00652167
0.48;-0.17;0.00485837
0.48;-0.16;0.00323621
0.48;-0.15;0.00158584
0.48;-0.14;5.35567e-06
0.48;-0.13;7.43661e-20
0.48;-0.12;3.59127e-33
0.48;-0.11;3.63602e-33
0.48;-0.1;3.67138e-33
0.48;-0.09;3.70333e-33
0.48;-0.08;3.73092e-33
0.48;-0.07;3.76069e-33
0.48;-0.06;3.78732e-33
0.48;-0.05;3.80655e-33
0.48;-0.04;3.82492e-33
0.48;-0.03;3.83475e-33
0.48;-0.02;3.84516e-33
0.48;-0.01;3.84566e-33
0.48;0;3.85762e-33
0.48;0.01;3.85613e-33
0.48;0.02;3.84662e-33
0.48;0.03;3.84036e-33
0.48;0.04;3.8253e-33
0.48;0.05;3.79714e-33
0.48;0.06;3.78714e-33
0.48;0.07;3.76136e-33
0.48;0.08;3.73139e-33
0.48;0.09;3.70292e-33
0.48;0.1;3.67111e-33
0.48;0.11;-5.13587e-20
0.48;0.12;3.59307e-33
0.48;0.13;3.55208e-33
0.48;0.14;5.31314e-06
0.48;0.15;0.00158747
0.48;0.16;0.00322715
0.48;0.17;0.00485424
0.48;0.18;0.00652268
0.48;0.19;0.00814014
0.48;0.2;0.00977079
0.48;0.21;0.0113619
0.48;0.22;0.0129205
0.48;0.23;0.0144501
0.48;0.24;0.0159045
0.48;0.25;0.0173219
0.48;0.26;0.0186742
0.48;0.27;0.0199668
0.48;0.28;0.0211909
0.48;0.29;0.0223461
0.48;0.3;0.0234279
0.48;0.31;0.0244144
0.48;0.32;0.0253535
0.48;0.33;0.02619
0.48;0.34;0.0269589
0.48;0.35;0.0276445
0.48;0.36;0.0282484
0.48;0.37;0.028781
0.48;0.38;0.0292461
0.48;0.39;0.0296237
0.48;0.4;0.0299186
0.48;0.41;0.030145
0.48;0.42;0.0303115
0.48;0.43;0.030407
0.48;0.44;0.0304356
0.48;0.45;0.0303848
0.48;0.46;0.0302824
0.48;0.47;0.030119
0.48;0.48;0.0299008
0.48;0.49;0.0296313
0.48;0.5;0.0293062
0.48;0.51;0.0289226
0.48;0.52;0.0284963
0.48;0.53;0.0280304
0.48;0.54;0.0275223
0.48;0.55;0.026978
0.48;0.56;0.0263875
0.48;0.57;0.0257636
0.48;0.58;0.0251086
0.48;0.59;0.0244265
0.48;0.6;0.0237154
0.48;0.61;0.0229772
0.48;0.62;0.0222138
0.48;0.63;0.0214308
0.48;0.64;0.0206329
0.48;0.65;0.0198185
0.48;0.66;0.0189844
0.48;0.67;0.0181344
0.48;0.68;0.0172774
0.48;0.69;0.0164099
0.48;0.7;0.0155409
0.48;0.71;0.0146568
0.48;0.72;0.0137631
0.48;0.73;0.0128715
0.48;0.74;0.011984
0.48;0.75;0.0110888
0.48;0.76;0.0101897
0.48;0.77;0.00929471
0.48;0.78;0.00840247
0.48;0.79;0.00750765
0.48;0.8;0.00662336
0.48;0.81;0.00574008
0.48;0.82;0.00486828
0.48;0.83;0.00400073
0.48;0.84;0.00313192
0.48;0.85;0.0022868
0.48;0.86;0.00143956
0.48;0.87;0.000602364
0.48;0.88;-6.48504e-20
0.48;0.89;1.16028e-33
0.48;0.9;-2.22311e-20
0.48;0.91;1.14264e-33
0.48;0.92;1.134e-33
0.48;0.93;1.12636e-33
0.48;0.94;1.11742e-33
0.48;0.95;1.10848e-33
0.48;0.96;1.10145e-33
0.48;0.97;1.09318e-33
0.48;0.98;1.0849e-33
0.48;0.99;1.07905e-33
0.49;-1;1.08563e-33
0.49;-0.99;1.09348e-33
0.49;-0.98;1.08053e-33
0.49;-0.97;1.10783e-33
0.49;-0.96;1.11694e-33
0.49;-0.95;1.12605e-33
0.49;-0.94;1.13311e-33
0.49;-0.93;1.14155e-33
0.49;-0.92;1.14999e-33
0.49;-0.91;1.15882e-33
0.49;-0.9;1.16892e-33
0.49;-0.89;-4.86932e-20
0.49;-0.88;1.18831e-33
0.49;-0.87;0.000140426
0.49;-0.86;0.000982066
0.49;-0.85;0.0018323
0.49;-0.84;0.00270112
0.49;-0.83;0.00357078
0.49;-0.82;0.00444784
0.49;-0.81;0.00533883
0.49;-0.8;0.00622586
0.49;-0.79;0.00712089
0.49;-0.78;0.00803049
0.49;-0.77;0.00893247
0.49;-0.76;0.0098447
0.49;-0.75;0.0107539
0.49;-0.74;0.0116716
0.49;-0.73;0.0125819
0.49;-0.72;0.0134935
0.49;-0.71;0.014399
0.49;-0.7;0.0152971
0.49;-0.69;0.0162021
0.49;-0.68;0.017097
0.49;-0.67;0.0179752
0.49;-0.66;0.0188484
0.49;-0.65;0.0197068
0.49;-0.64;0.0205576
0.49;-0.63;0.0213911
0.49;-0.62;0.0222017
0.49;-0.61;0.0229964
0.49;-0.6;0.0237735
0.49;-0.59;0.0245275
0.49;-0.58;0.0252477
0.49;-0.57;0.0259485
0.49;-0.56;0.0266109
0.49;-0.55;0.027244
0.49;-0.54;0.0278491
0.49;-0.53;0.0284074
0.49;-0.52;0.0289269
0.49;-0.51;0.0294084
0.49;-0.5;0.0298462
0.49;-0.49;0.0302388
0.49;-0.48;0.0305829
0.49;-0.47;0.0308657
0.49;-0.46;0.031099
0.49;-0.45;0.0312799
0.49;-0.44;0.0314017
0.49;-0.43;0.0314536
0.49;-0.42;0.0314547
0.49;-0.41;0.031384
0.49;-0.4;0.0312515
0.49;-0.39;0.0310485
0.49;-0.38;0.0307771
0.49;-0.37;0.0304279
0.49;-0.36;0.0299995
0.49;-0.35;0.0295211
0.49;-0.34;0.0289572
0.49;-0.33;0.0283084
0.49;-0.32;0.0275906
0.49;-0.31;0.0268098
0.49;-0.3;0.0259555
0.49;-0.29;0.0250184
0.49;-0.28;0.0240146
0.49;-0.27;0.0229551
0.49;-0.26;0.0218217
0.49;-0.25;0.0206246
0.49;-0.24;0.0193889
0.49;-0.23;0.0180855
0.49;-0.22;0.0167555
0.49;-0.21;0.0153807
0.49;-0.2;0.0139541
0.49;-0.19;0.0125307
0.49;-0.18;0.0110661
0.49;-0.17;0.00961976
0.49;-0.16;0.0081519
0.49;-0.15;0.00672541
0.49;-0.14;0.00528655
0.49;-0.13;0.00390767
0.49;-0.12;0.00255676
0.49;-0.11;0.00127456
0.49;-0.1;5.86384e-05
0.49;-0.09;3.70819e-33
0.49;-0.08;3.73594e-33
0.49;-0.07;-2.11732e-19
0.49;-0.06;3.78973e-33
0.49;-0.05;3.8084e-33
0.49;-0.04;-2.15426e-19
0.49;-0.03;3.83899e-33
0.49;-0.02;3.84527e-33
0.49;-0.01;3.85472e-33
0.49;0;3.85818e-33
0.49;0.01;2.16551e-19
0.49;0.02;3.85022e-33
0.49;0.03;3.84095e-33
0.49;0.04;3.82671e-33
0.49;0.05;3.80786e-33
0.49;0.06;-2.12681e-19
0.49;0.07;3.76504e-33
0.49;0.08;3.73656e-33
0.49;0.09;3.70802e-33
0.49;0.1;5.82789e-05
0.49;0.11;0.00127509
0.49;0.12;0.00255331
0.49;0.13;0.00391287
0.49;0.14;0.00528409
0.49;0.15;0.00672367
0.49;0.16;0.00814736
0.49;0.17;0.00962061
0.49;0.18;0.0110646
0.49;0.19;0.012529
0.49;0.2;0.0139547
0.49;0.21;0.0153782
0.49;0.22;0.0167458
0.49;0.23;0.0180949
0.49;0.24;0.0193919
0.49;0.25;0.0206361
0.49;0.26;0.0218205
0.49;0.27;0.022956
0.49;0.28;0.0240119
0.49;0.29;0.0250184
0.49;0.3;0.0259537
0.49;0.31;0.0268074
0.49;0.32;0.0275884
0.49;0.33;0.0283098
0.49;0.34;0.0289607
0.49;0.35;0.0295224
0.49;0.36;0.0299994
0.49;0.37;0.0304218
0.49;0.38;0.0307778
0.49;0.39;0.0310476
0.49;0.4;0.0312492
0.49;0.41;0.031382
0.49;0.42;0.0314562
0.49;0.43;0.0314671
0.49;0.44;0.0314053
0.49;0.45;0.0312684
0.49;0.46;0.0310984
0.49;0.47;0.0308636
0.49;0.48;0.030582
0.49;0.49;0.0302425
0.49;0.5;0.0298469
0.49;0.51;0.0294092
0.49;0.52;0.0289306
0.49;0.53;0.0284096
0.49;0.54;0.0278497
0.49;0.55;0.0272434
0.49;0.56;0.0266059
0.49;0.57;0.0259395
0.49;0.58;0.0252492
0.49;0.59;0.024523
0.49;0.6;0.0237749
0.49;0.61;0.0229977
0.49;0.62;0.0221996
0.49;0.63;0.0213899
0.49;0.64;0.0205562
0.49;0.65;0.0197051
0.49;0.66;0.0188428
0.49;0.67;0.0179733
0.49;0.68;0.017095
0.49;0.69;0.0162032
0.49;0.7;0.0153035
0.49;0.71;0.0143984
0.49;0.72;0.0134926
0.49;0.73;0.0125799
0.49;0.74;0.0116618
0.49;0.75;0.0107545
0.49;0.76;0.00984489
0.49;0.77;0.00893478
0.49;0.78;0.00802094
0.49;0.79;0.0071233
0.49;0.8;0.00622635
0.49;0.81;0.00533954
0.49;0.82;0.00445179
0.49;0.83;0.00357004
0.49;0.84;0.00270183
0.49;0.85;0.00183372
0.49;0.86;0.000986919
0.49;0.87;0.000143359
0.49;0.88;1.18745e-33
0.49;0.89;1.17746e-33
0.49;0.9;1.16832e-33
0.49;0.91;1.15882e-33
0.49;0.92;-2.33245e-20
0.49;0.93;6.21986e-20
0.49;0.94;1.13316e-33
0.49;0.95;1.12602e-33
0.49;0.96;1.11708e-33
0.49;0.97;1.10815e-33
0.49;0.98;1.10166e-33
0.49;0.99;1.09339e-33
0.5;-1;1.10153e-33
0.5;-0.99;1.10749e-33
0.5;-0.98;1.1166e-33
0.5;-0.97;1.12571e-33
0.5;-0.96;1.13229e-33
0.5;-0.95;1.14073e-33
0.5;-0.94;1.14917e-33
0.5;-0.93;1.15727e-33
0.5;-0.92;1.16737e-33
0.5;-0.91;1.17747e-33
0.5;-0.9;6.49243e-20
0.5;-0.89;1.19605e-33
0.5;-0.88;6.63151e-20
0.5;-0.87;1.21611e-33
0.5;-0.86;0.000510005
0.5;-0.85;0.00136958
0.5;-0.84;0.00223938
0.5;-0.83;0.00312134
0.5;-0.82;0.00400767
0.5;-0.81;0.00490242
0.5;-0.8;0.0058074
0.5;-0.79;0.00671047
0.5;-0.78;0.00762848
0.5;-0.77;0.00855066
0.5;-0.76;0.00946728
0.5;-0.75;0.0103936
0.5;-0.74;0.0113266
0.5;-0.73;0.0122529
0.5;-0.72;0.0131866
0.5;-0.71;0.0141133
0.5;-0.7;0.0150369
0.5;-0.69;0.015959
0.5;-0.68;0.016866
0.5;-0.67;0.0177785
0.5;-0.66;0.0186812
0.5;-0.65;0.0195658
0.5;-0.64;0.0204438
0.5;-0.63;0.0213093
0.5;-0.62;0.0221567
0.5;-0.61;0.0229848
0.5;-0.6;0.0237911
0.5;-0.59;0.0245792
0.5;-0.58;0.0253463
0.5;-0.57;0.0260876
0.5;-0.56;0.0267928
0.5;-0.55;0.0274727
0.5;-0.54;0.0281226
0.5;-0.53;0.0287414
0.5;-0.52;0.0293198
0.5;-0.51;0.0298513
0.5;-0.5;0.0303445
0.5;-0.49;0.0308035
0.5;-0.48;0.0312098
0.5;-0.47;0.0315658
0.5;-0.46;0.0318675
0.5;-0.45;0.0321216
0.5;-0.44;0.0323165
0.5;-0.43;0.0324623
0.5;-0.42;0.0325409
0.5;-0.41;0.0325558
0.5;-0.4;0.0325139
0.5;-0.39;0.0324056
0.5;-0.38;0.0322386
0.5;-0.37;0.0319851
0.5;-0.36;0.0316808
0.5;-0.35;0.0312984
0.5;-0.34;0.0308605
0.5;-0.33;0.030337
0.5;-0.32;0.0297405
0.5;-0.31;0.0290962
0.5;-0.3;0.0283655
0.5;-0.29;0.02757
0.5;-0.28;0.026728
0.5;-0.27;0.0258094
0.5;-0.26;0.0248195
0.5;-0.25;0.0238003
0.5;-0.24;0.0227087
0.5;-0.23;0.0215732
0.5;-0.22;0.0204094
0.5;-0.21;0.01919
0.5;-0.2;0.0179643
0.5;-0.19;0.0166907
0.5;-0.18;0.0154138
0.5;-0.17;0.0141257
0.5;-0.16;0.0128545
0.5;-0.15;0.0115712
0.5;-0.14;0.0103315
0.5;-0.13;0.00908578
0.5;-0.12;0.00791409
0.5;-0.11;0.00678155
0.5;-0.1;0.00569461
0.5;-0.09;0.00468163
0.5;-0.08;0.00376748
0.5;-0.07;0.0029079
0.5;-0.06;0.00215432
0.5;-0.05;0.00150465
0.5;-0.04;0.000974224
0.5;-0.03;0.000550899
0.5;-0.02;0.000246685
0.5;-0.01;6.68414e-05
0.5;0;3.85819e-33
0.5;0.01;6.67705e-05
0.5;0.02;0.000247103
0.5;0.03;0.000550314
0.5;0.04;0.000973516
0.5;0.05;0.00150444
0.5;0.06;0.00215424
0.5;0.07;0.00290739
0.5;0.08;0.00376853
0.5;0.09;0.00468152
0.5;0.1;0.00569251
0.5;0.11;0.00678435
0.5;0.12;0.00791062
0.5;0.13;0.00909126
0.5;0.14;0.0103343
0.5;0.15;0.011565
0.5;0.16;0.0128547
0.5;0.17;0.0141241
0.5;0.18;0.0154229
0.5;0.19;0.0166865
0.5;0.2;0.0179639
0.5;0.21;0.0191965
0.5;0.22;0.0204183
0.5;0.23;0.0215712
0.5;0.24;0.0227154
0.5;0.25;0.023797
0.5;0.26;0.0248289
0.5;0.27;0.025804
0.5;0.28;0.0267283
0.5;0.29;0.0275727
0.5;0.3;0.0283708
0.5;0.31;0.0291001
0.5;0.32;0.0297425
0.5;0.33;0.0303361
0.5;0.34;0.030861
0.5;0.35;0.0313053
0.5;0.36;0.0316766
0.5;0.37;0.031985
0.5;0.38;0.0322343
0.5;0.39;0.032406
0.5;0.4;0.0325125
0.5;0.41;0.0325524
0.5;0.42;0.0325395
0.5;0.43;0.0324655
0.5;0.44;0.0323177
0.5;0.45;0.0321155
0.5;0.46;0.0318571
0.5;0.47;0.0315646
0.5;0.48;0.0312087
0.5;0.49;0.0307981
0.5;0.5;0.0303442
0.5;0.51;0.0298505
0.5;0.52;0.0293198
0.5;0.53;0.0287367
0.5;0.54;0.0281224
0.5;0.55;0.0274728
0.5;0.56;0.0267937
0.5;0.57;0.0260904
0.5;0.58;0.0253482
0.5;0.59;0.0245771
0.5;0.6;0.0237887
0.5;0.61;0.0229817
0.5;0.62;0.0221562
0.5;0.63;0.0213083
0.5;0.64;0.0204414
0.5;0.65;0.0195665
0.5;0.66;0.0186818
0.5;0.67;0.0177815
0.5;0.68;0.0168753
0.5;0.69;0.015957
0.5;0.7;0.0150396
0.5;0.71;0.0141125
0.5;0.72;0.0131857
0.5;0.73;0.0122586
0.5;0.74;0.0113287
0.5;0.75;0.0103927
0.5;0.76;0.00946405
0.5;0.77;0.00854515
0.5;0.78;0.00762666
0.5;0.79;0.00671149
0.5;0.8;0.00580829
0.5;0.81;0.0049022
0.5;0.82;0.00400744
0.5;0.83;0.00311625
0.5;0.84;0.00223842
0.5;0.85;0.00137059
0.5;0.86;0.000513201
0.5;0.87;1.21677e-33
0.5;0.88;1.20539e-33
0.5;0.89;-6.62802e-20
0.5;0.9;1.18538e-33
0.5;0.91;6.36155e-20
0.5;0.92;6.48504e-20
0.5;0.93;1.15736e-33
0.5;0.94;3.10993e-20
0.5;0.95;1.14096e-33
0.5;0.96;1.13232e-33
0.5;0.97;1.12569e-33
0.5;0.98;1.11675e-33
0.5;0.99;1.07973e-33
0.51;-1;1.11626e-33
0.51;-0.99;1.12537e-33
0.51;-0.98;1.10281e-33
0.51;-0.97;1.13991e-33
0.51;-0.96;1.14835e-33
0.51;-0.95;1.15572e-33
0.51;-0.94;1.16582e-33
0.51;-0.93;1.17592e-33
0.51;-0.92;6.49243e-20
0.51;-0.91;1.19402e-33
0.51;-0.9;-3.31576e-20
0.51;-0.89;-6.63151e-20
0.51;-0.88;1.22385e-33
0.51;-0.87;-3.47107e-20
0.51;-0.86;1.32064e-05
0.51;-0.85;0.000880884
0.51;-0.84;0.00175064
0.51;-0.83;0.00264284
0.51;-0.82;0.00353815
0.51;-0.81;0.00444448
0.51;-0.8;0.00535872
0.51;-0.79;0.00627654
0.51;-0.78;0.00720023
0.51;-0.77;0.00813459
0.51;-0.76;0.00907259
0.51;-0.75;0.0100075
0.51;-0.74;0.0109539
0.51;-0.73;0.0119028
0.51;-0.72;0.0128486
0.51;-0.71;0.0137899
0.51;-0.7;0.0147374
0.51;-0.69;0.0156828
0.51;-0.68;0.0166201
0.51;-0.67;0.0175458
0.51;-0.66;0.0184754
0.51;-0.65;0.0193905
0.51;-0.64;0.0202961
0.51;-0.63;0.0211862
0.51;-0.62;0.0220618
0.51;-0.61;0.0229297
0.51;-0.6;0.0237804
0.51;-0.59;0.0246003
0.51;-0.58;0.0253981
0.51;-0.57;0.0261816
0.51;-0.56;0.0269416
0.51;-0.55;0.0276642
0.51;-0.54;0.028357
0.51;-0.53;0.0290221
0.51;-0.52;0.0296549
0.51;-0.51;0.0302508
0.51;-0.5;0.0307991
0.51;-0.49;0.0313083
0.51;-0.48;0.0317827
0.51;-0.47;0.0322067
0.51;-0.46;0.0325804
0.51;-0.45;0.0328979
0.51;-0.44;0.033176
0.51;-0.43;0.0333949
0.51;-0.42;0.0335586
0.51;-0.41;0.033662
0.51;-0.4;0.0337057
0.51;-0.39;0.0336928
0.51;-0.38;0.0336199
0.51;-0.37;0.033469
0.51;-0.36;0.033264
0.51;-0.35;0.033004
0.51;-0.34;0.0326721
0.51;-0.33;0.0322594
0.51;-0.32;0.0318018
0.51;-0.31;0.0312781
0.51;-0.3;0.0306772
0.51;-0.29;0.0300151
0.51;-0.28;0.0293104
0.51;-0.27;0.0285237
0.51;-0.26;0.0276889
0.51;-0.25;0.0268151
0.51;-0.24;0.0258715
0.51;-0.23;0.0249059
0.51;-0.22;0.0238917
0.51;-0.21;0.0228343
0.51;-0.2;0.0217642
0.51;-0.19;0.0206609
0.51;-0.18;0.019544
0.51;-0.17;0.0184149
0.51;-0.16;0.0172951
0.51;-0.15;0.0161873
0.51;-0.14;0.0150822
0.51;-0.13;0.0140171
0.51;-0.12;0.012967
0.51;-0.11;0.0119687
0.51;-0.1;0.0110382
0.51;-0.09;0.0101407
0.51;-0.08;0.00931497
0.51;-0.07;0.0085814
0.51;-0.06;0.00793293
0.51;-0.05;0.00736714
0.51;-0.04;0.00688826
0.51;-0.03;0.0065081
0.51;-0.02;0.00623345
0.51;-0.01;0.00607187
0.51;0;0.00601575
0.51;0.01;0.00607491
0.51;0.02;0.00623733
0.51;0.03;0.00651028
0.51;0.04;0.0068902
0.51;0.05;0.00736268
0.51;0.06;0.00793192
0.51;0.07;0.00857918
0.51;0.08;0.00931935
0.51;0.09;0.0101393
0.51;0.1;0.0110379
0.51;0.11;0.0119705
0.51;0.12;0.0129652
0.51;0.13;0.0140202
0.51;0.14;0.0150836
0.51;0.15;0.0161863
0.51;0.16;0.0172942
0.51;0.17;0.0184146
0.51;0.18;0.0195433
0.51;0.19;0.0206571
0.51;0.2;0.0217604
0.51;0.21;0.0228427
0.51;0.22;0.023881
0.51;0.23;0.0249134
0.51;0.24;0.0258727
0.51;0.25;0.0268138
0.51;0.26;0.0276899
0.51;0.27;0.028535
0.51;0.28;0.0293119
0.51;0.29;0.0300136
0.51;0.3;0.0306787
0.51;0.31;0.0312765
0.51;0.32;0.0317982
0.51;0.33;0.032274
0.51;0.34;0.0326679
0.51;0.35;0.0329856
0.51;0.36;0.0332632
0.51;0.37;0.0334748
0.51;0.38;0.033621
0.51;0.39;0.0336954
0.51;0.4;0.0337007
0.51;0.41;0.0336654
0.51;0.42;0.0335651
0.51;0.43;0.0333995
0.51;0.44;0.0331712
0.51;0.45;0.0328987
0.51;0.46;0.0325823
0.51;0.47;0.0322082
0.51;0.48;0.0317835
0.51;0.49;0.0313088
0.51;0.5;0.0307971
0.51;0.51;0.0302499
0.51;0.52;0.0296535
0.51;0.53;0.0290222
0.51;0.54;0.0283596
0.51;0.55;0.0276655
0.51;0.56;0.0269423
0.51;0.57;0.0261846
0.51;0.58;0.0254047
0.51;0.59;0.0246016
0.51;0.6;0.0237794
0.51;0.61;0.0229269
0.51;0.62;0.0220648
0.51;0.63;0.021185
0.51;0.64;0.0202982
0.51;0.65;0.0193926
0.51;0.66;0.0184764
0.51;0.67;0.0175531
0.51;0.68;0.0166219
0.51;0.69;0.0156824
0.51;0.7;0.0147387
0.51;0.71;0.0137966
0.51;0.72;0.0128479
0.51;0.73;0.0118982
0.51;0.74;0.0109521
0.51;0.75;0.0100071
0.51;0.76;0.00907021
0.51;0.77;0.00812638
0.51;0.78;0.00719991
0.51;0.79;0.00627367
0.51;0.8;0.00535349
0.51;0.81;0.0044442
0.51;0.82;0.00353258
0.51;0.83;0.00264074
0.51;0.84;0.00176113
0.51;0.85;0.000880484
0.51;0.86;1.29111e-05
0.51;0.87;1.23609e-33
0.51;0.88;1.2252e-33
0.51;0.89;1.21382e-33
0.51;0.9;1.20243e-33
0.51;0.91;1.1933e-33
0.51;0.92;1.1833e-33
0.51;0.93;4.86378e-20
0.51;0.94;6.48504e-20
0.51;0.95;1.15129e-33
0.51;0.96;1.14876e-33
0.51;0.97;1.14012e-33
0.51;0.98;1.13149e-33
0.51;0.99;1.12535e-33
0.52;-1;1.10281e-33
0.52;-0.99;1.10281e-33
0.52;-0.98;1.14754e-33
0.52;-0.97;1.15417e-33
0.52;-0.96;1.16427e-33
0.52;-0.95;1.17437e-33
0.52;-0.94;1.18222e-33
0.52;-0.93;1.19199e-33
0.52;-0.92;1.20177e-33
0.52;-0.91;-6.63151e-20
0.52;-0.9;1.22113e-33
0.52;-0.89;5.2066e-20
0.52;-0.88;-6.94213e-20
0.52;-0.87;1.25529e-33
0.52;-0.86;1.26691e-33
0.52;-0.85;0.000356828
0.52;-0.84;0.00124633
0.52;-0.83;0.0021334
0.52;-0.82;0.00304283
0.52;-0.81;0.003955
0.52;-0.8;0.00487668
0.52;-0.79;0.00581117
0.52;-0.78;0.00674598
0.52;-0.77;0.0076902
0.52;-0.76;0.00863702
0.52;-0.75;0.00959342
0.52;-0.74;0.0105531
0.52;-0.73;0.0115097
0.52;-0.72;0.0124798
0.52;-0.71;0.0134442
0.52;-0.7;0.0144079
0.52;-0.69;0.0153651
0.52;-0.68;0.0163281
0.52;-0.67;0.0172874
0.52;-0.66;0.0182351
0.52;-0.65;0.0191758
0.52;-0.64;0.0201064
0.52;-0.63;0.0210308
0.52;-0.62;0.0219393
0.52;-0.61;0.0228333
0.52;-0.6;0.0237108
0.52;-0.59;0.0245791
0.52;-0.58;0.0254218
0.52;-0.57;0.0262381
0.52;-0.56;0.0270351
0.52;-0.55;0.02781
0.52;-0.54;0.0285502
0.52;-0.53;0.0292581
0.52;-0.52;0.0299369
0.52;-0.51;0.0305861
0.52;-0.5;0.0311994
0.52;-0.49;0.0317651
0.52;-0.48;0.0322926
0.52;-0.47;0.0327849
0.52;-0.46;0.0332372
0.52;-0.45;0.0336238
0.52;-0.44;0.0339675
0.52;-0.43;0.0342615
0.52;-0.42;0.0345155
0.52;-0.41;0.0346948
0.52;-0.4;0.0348265
0.52;-0.39;0.0349025
0.52;-0.38;0.0349261
0.52;-0.37;0.0348739
0.52;-0.36;0.0347712
0.52;-0.35;0.0346189
0.52;-0.34;0.0343832
0.52;-0.33;0.0340978
0.52;-0.32;0.0337423
0.52;-0.31;0.0333474
0.52;-0.3;0.0328665
0.52;-0.29;0.0323406
0.52;-0.28;0.0317547
0.52;-0.27;0.0311129
0.52;-0.26;0.0304253
0.52;-0.25;0.0296736
0.52;-0.24;0.0288929
0.52;-0.23;0.0280594
0.52;-0.22;0.0271869
0.52;-0.21;0.0263016
0.52;-0.2;0.0253689
0.52;-0.19;0.0244263
0.52;-0.18;0.02346
0.52;-0.17;0.0224855
0.52;-0.16;0.0215066
0.52;-0.15;0.0205416
0.52;-0.14;0.0195957
0.52;-0.13;0.0186564
0.52;-0.12;0.0177482
0.52;-0.11;0.0168804
0.52;-0.1;0.0160504
0.52;-0.09;0.0152828
0.52;-0.08;0.0145836
0.52;-0.07;0.0139261
0.52;-0.06;0.0133457
0.52;-0.05;0.012855
0.52;-0.04;0.0124398
0.52;-0.03;0.0121135
0.52;-0.02;0.0118771
0.52;-0.01;0.0117456
0.52;0;0.0116946
0.52;0.01;0.011743
0.52;0.02;0.0118864
0.52;0.03;0.01212
0.52;0.04;0.0124347
0.52;0.05;0.0128558
0.52;0.06;0.0133432
0.52;0.07;0.0139243
0.52;0.08;0.0145834
0.52;0.09;0.0152912
0.52;0.1;0.0160506
0.52;0.11;0.0168881
0.52;0.12;0.0177485
0.52;0.13;0.0186524
0.52;0.14;0.0195921
0.52;0.15;0.0205386
0.52;0.16;0.0215142
0.52;0.17;0.0224821
0.52;0.18;0.0234604
0.52;0.19;0.0244236
0.52;0.2;0.0253634
0.52;0.21;0.0263067
0.52;0.22;0.027186
0.52;0.23;0.0280658
0.52;0.24;0.0288943
0.52;0.25;0.0296795
0.52;0.26;0.0304262
0.52;0.27;0.0311129
0.52;0.28;0.0317553
0.52;0.29;0.0323427
0.52;0.3;0.0328746
0.52;0.31;0.0333353
0.52;0.32;0.0337437
0.52;0.33;0.0340893
0.52;0.34;0.034385
0.52;0.35;0.0346153
0.52;0.36;0.0347773
0.52;0.37;0.0348763
0.52;0.38;0.0349233
0.52;0.39;0.034904
0.52;0.4;0.034824
0.52;0.41;0.0346971
0.52;0.42;0.0345061
0.52;0.43;0.0342662
0.52;0.44;0.0339657
0.52;0.45;0.0336233
0.52;0.46;0.0332335
0.52;0.47;0.0327886
0.52;0.48;0.0322938
0.52;0.49;0.0317664
0.52;0.5;0.0312013
0.52;0.51;0.0305925
0.52;0.52;0.029941
0.52;0.53;0.0292595
0.52;0.54;0.0285514
0.52;0.55;0.0278089
0.52;0.56;0.0270364
0.52;0.57;0.0262355
0.52;0.58;0.0254187
0.52;0.59;0.0245789
0.52;0.6;0.0237121
0.52;0.61;0.0228373
0.52;0.62;0.021943
0.52;0.63;0.0210352
0.52;0.64;0.0201113
0.52;0.65;0.0191751
0.52;0.66;0.0182345
0.52;0.67;0.0172874
0.52;0.68;0.0163288
0.52;0.69;0.0153656
0.52;0.7;0.0144107
0.52;0.71;0.013448
0.52;0.72;0.0124784
0.52;0.73;0.01151
0.52;0.74;0.0105543
0.52;0.75;0.00959299
0.52;0.76;0.00864135
0.52;0.77;0.0076913
0.52;0.78;0.00674608
0.52;0.79;0.00580377
0.52;0.8;0.00488012
0.52;0.81;0.00395664
0.52;0.82;0.0030428
0.52;0.83;0.00214435
0.52;0.84;0.00124663
0.52;0.85;0.000365025
0.52;0.86;1.26642e-33
0.52;0.87;3.39342e-20
0.52;0.88;1.24374e-33
0.52;0.89;1.23266e-33
0.52;0.9;1.22225e-33
0.52;0.91;1.21086e-33
0.52;0.92;-4.14251e-20
0.52;0.93;1.19122e-33
0.52;0.94;1.17637e-33
0.52;0.95;4.86378e-20
0.52;0.96;1.15129e-33
0.52;0.97;1.15444e-33
0.52;0.98;1.14793e-33
0.52;0.99;1.13929e-33
0.53;-1;1.10281e-33
0.53;-0.99;1.15261e-33
0.53;-0.98;1.16272e-33
0.53;-0.97;1.17282e-33
0.53;-0.96;1.18019e-33
0.53;-0.95;1.18996e-33
0.53;-0.94;1.19974e-33
0.53;-0.93;1.20268e-33
0.53;-0.92;1.21842e-33
0.53;-0.91;1.22887e-33
0.53;-0.9;1.2394e-33
0.53;-0.89;1.25154e-33
0.53;-0.88;1.26269e-33
0.53;-0.87;1.27452e-33
0.53;-0.86;1.28636e-33
0.53;-0.85;1.2984e-33
0.53;-0.84;0.00070679
0.53;-0.83;0.00160818
0.53;-0.82;0.00251933
0.53;-0.81;0.00344262
0.53;-0.8;0.00436792
0.53;-0.79;0.00531344
0.53;-0.78;0.00626446
0.53;-0.77;0.00721738
0.53;-0.76;0.00818051
0.53;-0.75;0.00914789
0.53;-0.74;0.0101248
0.53;-0.73;0.0111
0.53;-0.72;0.0120798
0.53;-0.71;0.013059
0.53;-0.7;0.0140382
0.53;-0.69;0.0150285
0.53;-0.68;0.0160089
0.53;-0.67;0.0169842
0.53;-0.66;0.0179575
0.53;-0.65;0.0189275
0.53;-0.64;0.0198829
0.53;-0.63;0.0208331
0.53;-0.62;0.0217744
0.53;-0.61;0.022703
0.53;-0.6;0.0236132
0.53;-0.59;0.0245138
0.53;-0.58;0.025389
0.53;-0.57;0.0262508
0.53;-0.56;0.0270817
0.53;-0.55;0.027896
0.53;-0.54;0.0286909
0.53;-0.53;0.029451
0.53;-0.52;0.0301779
0.53;-0.51;0.0308704
0.53;-0.5;0.0315432
0.53;-0.49;0.0321721
0.53;-0.48;0.0327562
0.53;-0.47;0.0333076
0.53;-0.46;0.0338169
0.53;-0.45;0.0342827
0.53;-0.44;0.0346936
0.53;-0.43;0.0350629
0.53;-0.42;0.0353924
0.53;-0.41;0.0356555
0.53;-0.4;0.0358696
0.53;-0.39;0.0360356
0.53;-0.38;0.0361498
0.53;-0.37;0.0361886
0.53;-0.36;0.0361871
0.53;-0.35;0.0361292
0.53;-0.34;0.0360003
0.53;-0.33;0.0358191
0.53;-0.32;0.035593
0.53;-0.31;0.0352949
0.53;-0.3;0.0349443
0.53;-0.29;0.034546
0.53;-0.28;0.0340718
0.53;-0.27;0.0335648
0.53;-0.26;0.0329998
0.53;-0.25;0.0323896
0.53;-0.24;0.0317523
0.53;-0.23;0.0310576
0.53;-0.22;0.0303313
0.53;-0.21;0.0295654
0.53;-0.2;0.0287922
0.53;-0.19;0.0279675
0.53;-0.18;0.0271644
0.53;-0.17;0.0263131
0.53;-0.16;0.0254964
0.53;-0.15;0.0246496
0.53;-0.14;0.0238386
0.53;-0.13;0.0230417
0.53;-0.12;0.0222513
0.53;-0.11;0.0214929
0.53;-0.1;0.0208012
0.53;-0.09;0.020119
0.53;-0.08;0.0194998
0.53;-0.07;0.0189388
0.53;-0.06;0.0184502
0.53;-0.05;0.0180279
0.53;-0.04;0.0176563
0.53;-0.03;0.0173829
0.53;-0.02;0.0171718
0.53;-0.01;0.0170477
0.53;0;0.0170024
0.53;0.01;0.0170462
0.53;0.02;0.0171687
0.53;0.03;0.0173754
0.53;0.04;0.0176614
0.53;0.05;0.0180359
0.53;0.06;0.0184489
0.53;0.07;0.0189503
0.53;0.08;0.0194939
0.53;0.09;0.0201284
0.53;0.1;0.0208034
0.53;0.11;0.0214963
0.53;0.12;0.0222443
0.53;0.13;0.0230384
0.53;0.14;0.0238402
0.53;0.15;0.0246482
0.53;0.16;0.0254868
0.53;0.17;0.026315
0.53;0.18;0.0271605
0.53;0.19;0.0279751
0.53;0.2;0.0287881
0.53;0.21;0.0295628
0.53;0.22;0.0303309
0.53;0.23;0.03105
0.53;0.24;0.0317556
0.53;0.25;0.0323933
0.53;0.26;0.033002
0.53;0.27;0.0335616
0.53;0.28;0.0340725
0.53;0.29;0.0345427
0.53;0.3;0.0349357
0.53;0.31;0.035288
0.53;0.32;0.035598
0.53;0.33;0.0358201
0.53;0.34;0.0359974
0.53;0.35;0.0361291
0.53;0.36;0.0361859
0.53;0.37;0.0361903
0.53;0.38;0.036147
0.53;0.39;0.0360337
0.53;0.4;0.0358677
0.53;0.41;0.0356528
0.53;0.42;0.035397
0.53;0.43;0.0350658
0.53;0.44;0.0346902
0.53;0.45;0.0342836
0.53;0.46;0.0338185
0.53;0.47;0.0333079
0.53;0.48;0.0327558
0.53;0.49;0.0321711
0.53;0.5;0.0315402
0.53;0.51;0.0308737
0.53;0.52;0.0301762
0.53;0.53;0.029451
0.53;0.54;0.0286892
0.53;0.55;0.0279005
0.53;0.56;0.0270863
0.53;0.57;0.0262531
0.53;0.58;0.0253925
0.53;0.59;0.0245104
0.53;0.6;0.0236143
0.53;0.61;0.0227047
0.53;0.62;0.0217764
0.53;0.63;0.0208315
0.53;0.64;0.0198821
0.53;0.65;0.0189277
0.53;0.66;0.0179572
0.53;0.67;0.0169851
0.53;0.68;0.016005
0.53;0.69;0.0150279
0.53;0.7;0.0140448
0.53;0.71;0.0130591
0.53;0.72;0.0120765
0.53;0.73;0.0110986
0.53;0.74;0.010125
0.53;0.75;0.00914922
0.53;0.76;0.00818113
0.53;0.77;0.0072172
0.53;0.78;0.00626522
0.53;0.79;0.00531576
0.53;0.8;0.00437665
0.53;0.81;0.00344092
0.53;0.82;0.00252329
0.53;0.83;0.00161479
0.53;0.84;0.000706689
0.53;0.85;1.29846e-33
0.53;0.86;1.28662e-33
0.53;0.87;1.27433e-33
0.53;0.88;1.26203e-33
0.53;0.89;-3.39342e-20
0.53;0.9;1.24032e-33
0.53;0.91;1.23068e-33
0.53;0.92;1.21929e-33
0.53;0.93;1.20791e-33
0.53;0.94;-3.31401e-20
0.53;0.95;1.17637e-33
0.53;0.96;1.17637e-33
0.53;0.97;1.15129e-33
0.53;0.98;1.16248e-33
0.53;0.99;1.15298e-33
0.54;-1;1.16116e-33
0.54;-0.99;1.17127e-33
0.54;-0.98;1.15082e-33
0.54;-0.97;1.18793e-33
0.54;-0.96;1.19771e-33
0.54;-0.95;1.20268e-33
0.54;-0.94;1.20268e-33
0.54;-0.93;1.22616e-33
0.54;-0.92;1.22905e-33
0.54;-0.91;1.24778e-33
0.54;-0.9;1.25902e-33
0.54;-0.89;1.2703e-33
0.54;-0.88;1.28214e-33
0.54;-0.87;1.29343e-33
0.54;-0.86;1.30579e-33
0.54;-0.85;-4.53904e-20
0.54;-0.84;0.000145686
0.54;-0.83;0.00105394
0.54;-0.82;0.0019661
0.54;-0.81;0.00290048
0.54;-0.8;0.00384082
0.54;-0.79;0.00479091
0.54;-0.78;0.00575073
0.54;-0.77;0.00671662
0.54;-0.76;0.00768577
0.54;-0.75;0.00867037
0.54;-0.74;0.00965657
0.54;-0.73;0.010653
0.54;-0.72;0.0116453
0.54;-0.71;0.0126445
0.54;-0.7;0.0136453
0.54;-0.69;0.0146448
0.54;-0.68;0.0156471
0.54;-0.67;0.0166504
0.54;-0.66;0.0176447
0.54;-0.65;0.0186345
0.54;-0.64;0.0196209
0.54;-0.63;0.0205991
0.54;-0.62;0.0215638
0.54;-0.61;0.0225233
0.54;-0.6;0.0234738
0.54;-0.59;0.0243982
0.54;-0.58;0.0253138
0.54;-0.57;0.0262111
0.54;-0.56;0.0270911
0.54;-0.55;0.0279414
0.54;-0.54;0.0287759
0.54;-0.53;0.0295823
0.54;-0.52;0.0303615
0.54;-0.51;0.0311102
0.54;-0.5;0.0318221
0.54;-0.49;0.032514
0.54;-0.48;0.0331586
0.54;-0.47;0.0337725
0.54;-0.46;0.0343395
0.54;-0.45;0.034877
0.54;-0.44;0.0353541
0.54;-0.43;0.0357915
0.54;-0.42;0.0361936
0.54;-0.41;0.036538
0.54;-0.4;0.0368319
0.54;-0.39;0.0370831
0.54;-0.38;0.0372813
0.54;-0.37;0.0374143
0.54;-0.36;0.0375047
0.54;-0.35;0.0375494
0.54;-0.34;0.0375188
0.54;-0.33;0.0374408
0.54;-0.32;0.0373272
0.54;-0.31;0.0371272
0.54;-0.3;0.0368901
0.54;-0.29;0.0366078
0.54;-0.28;0.0362599
0.54;-0.27;0.0358826
0.54;-0.26;0.0354304
0.54;-0.25;0.0349565
0.54;-0.24;0.0344302
0.54;-0.23;0.0338738
0.54;-0.22;0.0332762
0.54;-0.21;0.0326523
0.54;-0.2;0.0320007
0.54;-0.19;0.0313213
0.54;-0.18;0.0306444
0.54;-0.17;0.0299445
0.54;-0.16;0.0292295
0.54;-0.15;0.0285359
0.54;-0.14;0.0278266
0.54;-0.13;0.0271458
0.54;-0.12;0.0264932
0.54;-0.11;0.0258371
0.54;-0.1;0.0252249
0.54;-0.09;0.0246648
0.54;-0.08;0.0241443
0.54;-0.07;0.0236504
0.54;-0.06;0.0232202
0.54;-0.05;0.0228544
0.54;-0.04;0.0225497
0.54;-0.03;0.0223069
0.54;-0.02;0.0221348
0.54;-0.01;0.0220371
0.54;0;0.0219967
0.54;0.01;0.0220218
0.54;0.02;0.0221331
0.54;0.03;0.0223057
0.54;0.04;0.0225485
0.54;0.05;0.0228539
0.54;0.06;0.0232329
0.54;0.07;0.0236514
0.54;0.08;0.0241471
0.54;0.09;0.02466
0.54;0.1;0.0252254
0.54;0.11;0.0258364
0.54;0.12;0.0264938
0.54;0.13;0.0271401
0.54;0.14;0.0278265
0.54;0.15;0.0285445
0.54;0.16;0.0292266
0.54;0.17;0.0299387
0.54;0.18;0.0306454
0.54;0.19;0.0313218
0.54;0.2;0.0320028
0.54;0.21;0.0326524
0.54;0.22;0.0332762
0.54;0.23;0.0338716
0.54;0.24;0.0344309
0.54;0.25;0.0349556
0.54;0.26;0.0354373
0.54;0.27;0.0358812
0.54;0.28;0.0362565
0.54;0.29;0.0366085
0.54;0.3;0.0368941
0.54;0.31;0.0371246
0.54;0.32;0.0373182
0.54;0.33;0.0374336
0.54;0.34;0.0375245
0.54;0.35;0.0375452
0.54;0.36;0.0375004
0.54;0.37;0.0374224
0.54;0.38;0.0372819
0.54;0.39;0.0370822
0.54;0.4;0.0368273
0.54;0.41;0.0365374
0.54;0.42;0.0361941
0.54;0.43;0.035794
0.54;0.44;0.0353536
0.54;0.45;0.0348758
0.54;0.46;0.0343353
0.54;0.47;0.0337649
0.54;0.48;0.0331577
0.54;0.49;0.0325161
0.54;0.5;0.031824
0.54;0.51;0.0311065
0.54;0.52;0.030363
0.54;0.53;0.029584
0.54;0.54;0.0287744
0.54;0.55;0.0279468
0.54;0.56;0.0270921
0.54;0.57;0.0262122
0.54;0.58;0.0253081
0.54;0.59;0.0243989
0.54;0.6;0.0234745
0.54;0.61;0.0225224
0.54;0.62;0.0215629
0.54;0.63;0.0205997
0.54;0.64;0.0196211
0.54;0.65;0.018635
0.54;0.66;0.0176445
0.54;0.67;0.0166483
0.54;0.68;0.0156441
0.54;0.69;0.0146442
0.54;0.7;0.013644
0.54;0.71;0.0126413
0.54;0.72;0.01164
0.54;0.73;0.0106519
0.54;0.74;0.00965676
0.54;0.75;0.00867041
0.54;0.76;0.00768988
0.54;0.77;0.00671685
0.54;0.78;0.0057513
0.54;0.79;0.00479168
0.54;0.8;0.0038353
0.54;0.81;0.00289757
0.54;0.82;0.00196586
0.54;0.83;0.00105696
0.54;0.84;0.000149121
0.54;0.85;1.31767e-33
0.54;0.86;1.30568e-33
0.54;0.87;1.2936e-33
0.54;0.88;1.28223e-33
0.54;0.89;1.26994e-33
0.54;0.9;1.25822e-33
0.54;0.91;1.24797e-33
0.54;0.92;1.23689e-33
0.54;0.93;1.22772e-33
0.54;0.94;1.21634e-33
0.54;0.95;1.20495e-33
0.54;0.96;1.17637e-33
0.54;0.97;1.17637e-33
0.54;0.98;1.15129e-33
0.54;0.99;1.17053e-33
0.55;-1;1.17748e-33
0.55;-0.99;1.15082e-33
0.55;-0.98;1.19567e-33
0.55;-0.97;1.20268e-33
0.55;-0.96;1.20268e-33
0.55;-0.95;1.20268e-33
0.55;-0.94;1.22905e-33
0.55;-0.93;1.22905e-33
0.55;-0.92;1.25617e-33
0.55;-0.91;1.26608e-33
0.55;-0.9;1.27792e-33
0.55;-0.89;1.28845e-33
0.55;-0.88;1.30082e-33
0.55;-0.87;1.31319e-33
0.55;-0.86;-7.26246e-20
0.55;-0.85;1.33921e-33
0.55;-0.84;3.71875e-20
0.55;-0.83;0.00046336
0.55;-0.82;0.00139722
0.55;-0.81;0.00233283
0.55;-0.8;0.00327657
0.55;-0.79;0.00423431
0.55;-0.78;0.00520355
0.55;-0.77;0.00617279
0.55;-0.76;0.00716439
0.55;-0.75;0.00815769
0.55;-0.74;0.0091567
0.55;-0.73;0.0101617
0.55;-0.72;0.0111724
0.55;-0.71;0.0121828
0.55;-0.7;0.0132082
0.55;-0.69;0.0142251
0.55;-0.68;0.0152471
0.55;-0.67;0.0162618
0.55;-0.66;0.0172868
0.55;-0.65;0.0183064
0.55;-0.64;0.0193151
0.55;-0.63;0.0203195
0.55;-0.62;0.0213181
0.55;-0.61;0.0223008
0.55;-0.6;0.0232759
0.55;-0.59;0.0242467
0.55;-0.58;0.0251938
0.55;-0.57;0.026123
0.55;-0.56;0.0270417
0.55;-0.55;0.0279432
0.55;-0.54;0.028813
0.55;-0.53;0.029661
0.55;-0.52;0.0304863
0.55;-0.51;0.0312867
0.55;-0.5;0.0320517
0.55;-0.49;0.0327934
0.55;-0.48;0.0334906
0.55;-0.47;0.0341612
0.55;-0.46;0.0347942
0.55;-0.45;0.0353936
0.55;-0.44;0.0359434
0.55;-0.43;0.0364487
0.55;-0.42;0.0369181
0.55;-0.41;0.0373417
0.55;-0.4;0.0377256
0.55;-0.39;0.0380419
0.55;-0.38;0.0383307
0.55;-0.37;0.0385465
0.55;-0.36;0.0387307
0.55;-0.35;0.0388679
0.55;-0.34;0.0389314
0.55;-0.33;0.0389578
0.55;-0.32;0.0389204
0.55;-0.31;0.0388489
0.55;-0.3;0.0387274
0.55;-0.29;0.0385412
0.55;-0.28;0.0383188
0.55;-0.27;0.0380456
0.55;-0.26;0.0377166
0.55;-0.25;0.0373662
0.55;-0.24;0.0369547
0.55;-0.23;0.0365361
0.55;-0.22;0.0360431
0.55;-0.21;0.0355571
0.55;-0.2;0.035022
0.55;-0.19;0.0344899
0.55;-0.18;0.0339025
0.55;-0.17;0.0333416
0.55;-0.16;0.0327519
0.55;-0.15;0.0321559
0.55;-0.14;0.0315821
0.55;-0.13;0.0310057
0.55;-0.12;0.0304466
0.55;-0.11;0.0299159
0.55;-0.1;0.029404
0.55;-0.09;0.0289087
0.55;-0.08;0.0284618
0.55;-0.07;0.0280602
0.55;-0.06;0.0277075
0.55;-0.05;0.0273945
0.55;-0.04;0.0271222
0.55;-0.03;0.0269187
0.55;-0.02;0.0267626
0.55;-0.01;0.0266759
0.55;0;0.0266438
0.55;0.01;0.0266786
0.55;0.02;0.0267625
0.55;0.03;0.0269171
0.55;0.04;0.0271243
0.55;0.05;0.0273898
0.55;0.06;0.0277129
0.55;0.07;0.028061
0.55;0.08;0.0284587
0.55;0.09;0.0289078
0.55;0.1;0.0294033
0.55;0.11;0.0299181
0.55;0.12;0.0304459
0.55;0.13;0.0310007
0.55;0.14;0.0315888
0.55;0.15;0.032158
0.55;0.16;0.032745
0.55;0.17;0.033345
0.55;0.18;0.0339122
0.55;0.19;0.034486
0.55;0.2;0.0350225
0.55;0.21;0.0355517
0.55;0.22;0.0360515
0.55;0.23;0.0365319
0.55;0.24;0.0369538
0.55;0.25;0.0373752
0.55;0.26;0.03772
0.55;0.27;0.0380406
0.55;0.28;0.0383132
0.55;0.29;0.0385448
0.55;0.3;0.0387252
0.55;0.31;0.0388458
0.55;0.32;0.0389211
0.55;0.33;0.0389632
0.55;0.34;0.0389254
0.55;0.35;0.0388681
0.55;0.36;0.0387276
0.55;0.37;0.0385384
0.55;0.38;0.0383317
0.55;0.39;0.0380393
0.55;0.4;0.0377109
0.55;0.41;0.0373371
0.55;0.42;0.0369197
0.55;0.43;0.0364513
0.55;0.44;0.0359426
0.55;0.45;0.0353931
0.55;0.46;0.0347994
0.55;0.47;0.0341609
0.55;0.48;0.0335017
0.55;0.49;0.0327887
0.55;0.5;0.0320523
0.55;0.51;0.0312841
0.55;0.52;0.0304889
0.55;0.53;0.029658
0.55;0.54;0.0288093
0.55;0.55;0.0279412
0.55;0.56;0.0270407
0.55;0.57;0.0261226
0.55;0.58;0.0251923
0.55;0.59;0.0242454
0.55;0.6;0.0232782
0.55;0.61;0.022301
0.55;0.62;0.021318
0.55;0.63;0.0203185
0.55;0.64;0.0193146
0.55;0.65;0.0183001
0.55;0.66;0.0172875
0.55;0.67;0.0162608
0.55;0.68;0.0152476
0.55;0.69;0.0142292
0.55;0.7;0.0132053
0.55;0.71;0.0121932
0.55;0.72;0.0111784
0.55;0.73;0.0101682
0.55;0.74;0.00915681
0.55;0.75;0.00815841
0.55;0.76;0.00716501
0.55;0.77;0.00617234
0.55;0.78;0.00520321
0.55;0.79;0.00423497
0.55;0.8;0.00327459
0.55;0.81;0.00232317
0.55;0.82;0.0013961
0.55;0.83;0.000463116
0.55;0.84;1.35237e-33
0.55;0.85;1.33882e-33
0.55;0.86;1.32521e-33
0.55;0.87;1.31291e-33
0.55;0.88;1.30082e-33
0.55;0.89;1.28874e-33
0.55;0.9;1.27785e-33
0.55;0.91;1.26556e-33
0.55;0.92;-1.69671e-20
0.55;0.93;1.24455e-33
0.55;0.94;1.23347e-33
0.55;0.95;1.22477e-33
0.55;0.96;1.21338e-33
0.55;0.97;1.17637e-33
0.55;0.98;1.17637e-33
0.55;0.99;1.15129e-33
0.56;-1;1.15082e-33
0.56;-0.99;1.20268e-33
0.56;-0.98;1.21028e-33
0.56;-0.97;1.20268e-33
0.56;-0.96;1.20268e-33
0.56;-0.95;1.22905e-33
0.56;-0.94;1.22905e-33
0.56;-0.93;1.26186e-33
0.56;-0.92;1.2737e-33
0.56;-0.91;1.28554e-33
0.56;-0.9;1.29585e-33
0.56;-0.89;1.30821e-33
0.56;-0.88;-3.63123e-20
0.56;-0.87;1.33314e-33
0.56;-0.86;1.34676e-33
0.56;-0.85;1.36002e-33
0.56;-0.84;1.37415e-33
0.56;-0.83;3.80726e-20
0.56;-0.82;0.000782579
0.56;-0.81;0.00173277
0.56;-0.8;0.00268548
0.56;-0.79;0.00364915
0.56;-0.78;0.00461994
0.56;-0.77;0.00561392
0.56;-0.76;0.00659919
0.56;-0.75;0.00761093
0.56;-0.74;0.00862552
0.56;-0.73;0.00964333
0.56;-0.72;0.0106699
0.56;-0.71;0.0117016
0.56;-0.7;0.0127302
0.56;-0.69;0.0137672
0.56;-0.68;0.0148124
0.56;-0.67;0.0158494
0.56;-0.66;0.0168891
0.56;-0.65;0.0179259
0.56;-0.64;0.0189618
0.56;-0.63;0.0199898
0.56;-0.62;0.0210138
0.56;-0.61;0.0220344
0.56;-0.6;0.0230397
0.56;-0.59;0.0240304
0.56;-0.58;0.0250213
0.56;-0.57;0.0259871
0.56;-0.56;0.0269392
0.56;-0.55;0.0278745
0.56;-0.54;0.0287944
0.56;-0.53;0.0296796
0.56;-0.52;0.030554
0.56;-0.51;0.0314037
0.56;-0.5;0.0322209
0.56;-0.49;0.0330107
0.56;-0.48;0.0337664
0.56;-0.47;0.0344942
0.56;-0.46;0.0351822
0.56;-0.45;0.0358371
0.56;-0.44;0.0364605
0.56;-0.43;0.0370287
0.56;-0.42;0.0375665
0.56;-0.41;0.0380719
0.56;-0.4;0.0385059
0.56;-0.39;0.0389158
0.56;-0.38;0.0392882
0.56;-0.37;0.0395857
0.56;-0.36;0.0398571
0.56;-0.35;0.0400794
0.56;-0.34;0.0402344
0.56;-0.33;0.0403607
0.56;-0.32;0.0404321
0.56;-0.31;0.0404507
0.56;-0.3;0.0404352
0.56;-0.29;0.0403452
0.56;-0.28;0.0402356
0.56;-0.27;0.0400673
0.56;-0.26;0.0398579
0.56;-0.25;0.0396155
0.56;-0.24;0.0393308
0.56;-0.23;0.0390027
0.56;-0.22;0.0386455
0.56;-0.21;0.0382632
0.56;-0.2;0.037859
0.56;-0.19;0.0374248
0.56;-0.18;0.0369779
0.56;-0.17;0.036507
0.56;-0.16;0.0360408
0.56;-0.15;0.0355703
0.56;-0.14;0.0350862
0.56;-0.13;0.0346193
0.56;-0.12;0.0341569
0.56;-0.11;0.0337073
0.56;-0.1;0.0332897
0.56;-0.09;0.0328968
0.56;-0.08;0.0325172
0.56;-0.07;0.0321686
0.56;-0.06;0.031869
0.56;-0.05;0.0316207
0.56;-0.04;0.031393
0.56;-0.03;0.0312261
0.56;-0.02;0.031109
0.56;-0.01;0.0310309
0.56;0;0.0310105
0.56;0.01;0.0310348
0.56;0.02;0.0311138
0.56;0.03;0.031228
0.56;0.04;0.0313975
0.56;0.05;0.0316127
0.56;0.06;0.0318657
0.56;0.07;0.0321664
0.56;0.08;0.0325238
0.56;0.09;0.0329
0.56;0.1;0.0332849
0.56;0.11;0.0337069
0.56;0.12;0.0341594
0.56;0.13;0.0346243
0.56;0.14;0.035084
0.56;0.15;0.035563
0.56;0.16;0.0360432
0.56;0.17;0.0365056
0.56;0.18;0.0369826
0.56;0.19;0.0374283
0.56;0.2;0.0378531
0.56;0.21;0.0382755
0.56;0.22;0.038645
0.56;0.23;0.0390014
0.56;0.24;0.039325
0.56;0.25;0.0396136
0.56;0.26;0.0398567
0.56;0.27;0.0400659
0.56;0.28;0.040234
0.56;0.29;0.0403468
0.56;0.3;0.0404375
0.56;0.31;0.0404447
0.56;0.32;0.0404255
0.56;0.33;0.0403574
0.56;0.34;0.0402394
0.56;0.35;0.0400768
0.56;0.36;0.0398503
0.56;0.37;0.0395926
0.56;0.38;0.0392899
0.56;0.39;0.038911
0.56;0.4;0.0385088
0.56;0.41;0.0380763
0.56;0.42;0.0375693
0.56;0.43;0.0370292
0.56;0.44;0.03646
0.56;0.45;0.0358394
0.56;0.46;0.0351842
0.56;0.47;0.0344933
0.56;0.48;0.0337684
0.56;0.49;0.0330098
0.56;0.5;0.0322181
0.56;0.51;0.0314043
0.56;0.52;0.0305522
0.56;0.53;0.0296839
0.56;0.54;0.0287958
0.56;0.55;0.0278741
0.56;0.56;0.0269323
0.56;0.57;0.0259897
0.56;0.58;0.025022
0.56;0.59;0.0240382
0.56;0.6;0.0230361
0.56;0.61;0.0220335
0.56;0.62;0.0210134
0.56;0.63;0.0199941
0.56;0.64;0.0189618
0.56;0.65;0.0179293
0.56;0.66;0.0168895
0.56;0.67;0.0158522
0.56;0.68;0.0148112
0.56;0.69;0.0137677
0.56;0.7;0.0127365
0.56;0.71;0.0117008
0.56;0.72;0.0106699
0.56;0.73;0.00964126
0.56;0.74;0.008623
0.56;0.75;0.00761048
0.56;0.76;0.00659814
0.56;0.77;0.00561205
0.56;0.78;0.00462688
0.56;0.79;0.00364708
0.56;0.8;0.00268172
0.56;0.81;0.00172906
0.56;0.82;0.000782499
0.56;0.83;1.38802e-33
0.56;0.84;1.3737e-33
0.56;0.85;1.3596e-33
0.56;0.86;1.34636e-33
0.56;0.87;1.33275e-33
0.56;0.88;1.31914e-33
0.56;0.89;1.30805e-33
0.56;0.9;1.29596e-33
0.56;0.91;1.28576e-33
0.56;0.92;1.27347e-33
0.56;0.93;1.26118e-33
0.56;0.94;1.2522e-33
0.56;0.95;1.24112e-33
0.56;0.96;1.20215e-33
0.56;0.97;1.22181e-33
0.56;0.98;1.21043e-33
0.56;0.99;1.17637e-33
0.57;-1;1.20757e-33
0.57;-0.99;1.21802e-33
0.57;-0.98;1.20268e-33
0.57;-0.97;1.20268e-33
0.57;-0.96;1.22905e-33
0.57;-0.95;1.22905e-33
0.57;-0.94;1.26948e-33
0.57;-0.93;1.28132e-33
0.57;-0.92;1.29087e-33
0.57;-0.91;1.30324e-33
0.57;-0.9;1.31561e-33
0.57;-0.89;1.32706e-33
0.57;-0.88;1.34069e-33
0.57;-0.87;7.43751e-20
0.57;-0.86;1.36725e-33
0.57;-0.85;1.38076e-33
0.57;-0.84;1.39505e-33
0.57;-0.83;1.40946e-33
0.57;-0.82;0.000150881
0.57;-0.81;0.00109684
0.57;-0.8;0.00205495
0.57;-0.79;0.00303234
0.57;-0.78;0.00401089
0.57;-0.77;0.00500513
0.57;-0.76;0.00601799
0.57;-0.75;0.00702825
0.57;-0.74;0.00805854
0.57;-0.73;0.00908894
0.57;-0.72;0.010128
0.57;-0.71;0.0111713
0.57;-0.7;0.0122216
0.57;-0.69;0.0132751
0.57;-0.68;0.0143258
0.57;-0.67;0.0153912
0.57;-0.66;0.0164509
0.57;-0.65;0.0175117
0.57;-0.64;0.0185683
0.57;-0.63;0.019628
0.57;-0.62;0.020672
0.57;-0.61;0.0217152
0.57;-0.6;0.0227547
0.57;-0.59;0.0237769
0.57;-0.58;0.0247874
0.57;-0.57;0.0257955
0.57;-0.56;0.0267812
0.57;-0.55;0.0277539
0.57;-0.54;0.028711
0.57;-0.53;0.029652
0.57;-0.52;0.0305603
0.57;-0.51;0.0314536
0.57;-0.5;0.0323206
0.57;-0.49;0.0331548
0.57;-0.48;0.0339673
0.57;-0.47;0.0347552
0.57;-0.46;0.0354953
0.57;-0.45;0.0362079
0.57;-0.44;0.0368985
0.57;-0.43;0.0375317
0.57;-0.42;0.0381345
0.57;-0.41;0.0387065
0.57;-0.4;0.0392209
0.57;-0.39;0.0397007
0.57;-0.38;0.0401489
0.57;-0.37;0.0405283
0.57;-0.36;0.0408781
0.57;-0.35;0.0411877
0.57;-0.34;0.041434
0.57;-0.33;0.0416469
0.57;-0.32;0.0418149
0.57;-0.31;0.0419236
0.57;-0.3;0.0420039
0.57;-0.29;0.042017
0.57;-0.28;0.0420119
0.57;-0.27;0.0419435
0.57;-0.26;0.0418501
0.57;-0.25;0.0417023
0.57;-0.24;0.0415268
0.57;-0.23;0.0413086
0.57;-0.22;0.041077
0.57;-0.21;0.0407882
0.57;-0.2;0.0405026
0.57;-0.19;0.0401716
0.57;-0.18;0.0398343
0.57;-0.17;0.0394769
0.57;-0.16;0.0391072
0.57;-0.15;0.0387424
0.57;-0.14;0.0383594
0.57;-0.13;0.0379819
0.57;-0.12;0.0376166
0.57;-0.11;0.0372622
0.57;-0.1;0.0369053
0.57;-0.09;0.0365848
0.57;-0.08;0.036292
0.57;-0.07;0.0360199
0.57;-0.06;0.0357605
0.57;-0.05;0.035545
0.57;-0.04;0.0353621
0.57;-0.03;0.0352172
0.57;-0.02;0.0351313
0.57;-0.01;0.0350548
0.57;0;0.0350396
0.57;0.01;0.0350538
0.57;0.02;0.0351202
0.57;0.03;0.0352205
0.57;0.04;0.0353644
0.57;0.05;0.0355402
0.57;0.06;0.0357595
0.57;0.07;0.0360208
0.57;0.08;0.036291
0.57;0.09;0.0365802
0.57;0.1;0.0369051
0.57;0.11;0.0372616
0.57;0.12;0.0376209
0.57;0.13;0.0379764
0.57;0.14;0.0383568
0.57;0.15;0.0387397
0.57;0.16;0.0391055
0.57;0.17;0.0394773
0.57;0.18;0.0398338
0.57;0.19;0.0401698
0.57;0.2;0.0404977
0.57;0.21;0.0407911
0.57;0.22;0.0410788
0.57;0.23;0.0413089
0.57;0.24;0.0415276
0.57;0.25;0.0416982
0.57;0.26;0.0418473
0.57;0.27;0.0419368
0.57;0.28;0.0420166
0.57;0.29;0.0420262
0.57;0.3;0.0420032
0.57;0.31;0.0419254
0.57;0.32;0.0418066
0.57;0.33;0.0416477
0.57;0.34;0.041435
0.57;0.35;0.0411891
0.57;0.36;0.0408783
0.57;0.37;0.0405316
0.57;0.38;0.0401465
0.57;0.39;0.0397042
0.57;0.4;0.0392178
0.57;0.41;0.038709
0.57;0.42;0.0381334
0.57;0.43;0.0375352
0.57;0.44;0.0368982
0.57;0.45;0.036211
0.57;0.46;0.0354956
0.57;0.47;0.0347579
0.57;0.48;0.0339713
0.57;0.49;0.0331628
0.57;0.5;0.032325
0.57;0.51;0.0314522
0.57;0.52;0.030559
0.57;0.53;0.0296504
0.57;0.54;0.028713
0.57;0.55;0.0277577
0.57;0.56;0.0267878
0.57;0.57;0.0258005
0.57;0.58;0.0247894
0.57;0.59;0.0237788
0.57;0.6;0.0227568
0.57;0.61;0.0217165
0.57;0.62;0.0206713
0.57;0.63;0.0196258
0.57;0.64;0.0185695
0.57;0.65;0.0175125
0.57;0.66;0.0164563
0.57;0.67;0.0153939
0.57;0.68;0.0143354
0.57;0.69;0.0132803
0.57;0.7;0.0122238
0.57;0.71;0.0111693
0.57;0.72;0.0101197
0.57;0.73;0.00908465
0.57;0.74;0.00805082
0.57;0.75;0.00702786
0.57;0.76;0.00601673
0.57;0.77;0.00501364
0.57;0.78;0.00401116
0.57;0.79;0.00303056
0.57;0.8;0.00205464
0.57;0.81;0.00109743
0.57;0.82;0.00015094
0.57;0.83;1.4099e-33
0.57;0.84;1.39503e-33
0.57;0.85;1.3803e-33
0.57;0.86;1.36682e-33
0.57;0.87;1.35271e-33
0.57;0.88;1.34029e-33
0.57;0.89;1.32668e-33
0.57;0.9;1.31527e-33
0.57;0.91;1.30319e-33
0.57;0.92;1.2911e-33
0.57;0.93;1.28138e-33
0.57;0.94;1.26908e-33
0.57;0.95;1.23087e-33
0.57;0.96;1.24878e-33
0.57;0.97;1.20215e-33
0.57;0.98;1.23025e-33
0.57;0.99;1.21886e-33
0.58;-1;1.22576e-33
0.58;-0.99;1.20268e-33
0.58;-0.98;1.20268e-33
0.58;-0.97;1.22905e-33
0.58;-0.96;1.26526e-33
0.58;-0.95;1.27709e-33
0.58;-0.94;1.28764e-33
0.58;-0.93;1.29827e-33
0.58;-0.92;1.31063e-33
0.58;-0.91;1.32098e-33
0.58;-0.9;1.33461e-33
0.58;-0.89;1.34824e-33
0.58;-0.88;-7.43751e-20
0.58;-0.87;1.37449e-33
0.58;-0.86;-3.80726e-20
0.58;-0.85;1.40184e-33
0.58;-0.84;1.41562e-33
0.58;-0.83;1.43046e-33
0.58;-0.82;1.4453e-33
0.58;-0.81;0.000443952
0.58;-0.8;0.00140837
0.58;-0.79;0.00238797
0.58;-0.78;0.00337189
0.58;-0.77;0.00437678
0.58;-0.76;0.00539023
0.58;-0.75;0.00642146
0.58;-0.74;0.00745708
0.58;-0.73;0.00849975
0.58;-0.72;0.0095463
0.58;-0.71;0.0106036
0.58;-0.7;0.0116676
0.58;-0.69;0.0127421
0.58;-0.68;0.0138166
0.58;-0.67;0.0148867
0.58;-0.66;0.0159729
0.58;-0.65;0.0170515
0.58;-0.64;0.018133
0.58;-0.63;0.0192057
0.58;-0.62;0.0202875
0.58;-0.61;0.0213561
0.58;-0.6;0.0224194
0.58;-0.59;0.0234769
0.58;-0.58;0.0245187
0.58;-0.57;0.0255516
0.58;-0.56;0.0265773
0.58;-0.55;0.0275838
0.58;-0.54;0.0285775
0.58;-0.53;0.0295543
0.58;-0.52;0.0305081
0.58;-0.51;0.0314407
0.58;-0.5;0.0323554
0.58;-0.49;0.0332453
0.58;-0.48;0.0341008
0.58;-0.47;0.0349373
0.58;-0.46;0.0357432
0.58;-0.45;0.0365091
0.58;-0.44;0.0372504
0.58;-0.43;0.0379589
0.58;-0.42;0.0386181
0.58;-0.41;0.0392544
0.58;-0.4;0.0398431
0.58;-0.39;0.0403905
0.58;-0.38;0.0409145
0.58;-0.37;0.0413683
0.58;-0.36;0.041802
0.58;-0.35;0.0421892
0.58;-0.34;0.0425198
0.58;-0.33;0.0428211
0.58;-0.32;0.0430676
0.58;-0.31;0.043278
0.58;-0.3;0.0434433
0.58;-0.29;0.0435583
0.58;-0.28;0.0436448
0.58;-0.27;0.0436767
0.58;-0.26;0.0436873
0.58;-0.25;0.0436414
0.58;-0.24;0.0435718
0.58;-0.23;0.0434462
0.58;-0.22;0.0433149
0.58;-0.21;0.0431367
0.58;-0.2;0.0429424
0.58;-0.19;0.042732
0.58;-0.18;0.0424731
0.58;-0.17;0.0422369
0.58;-0.16;0.0419589
0.58;-0.15;0.0416777
0.58;-0.14;0.0414008
0.58;-0.13;0.0411068
0.58;-0.12;0.0408171
0.58;-0.11;0.0405444
0.58;-0.1;0.0402857
0.58;-0.09;0.0400212
0.58;-0.08;0.0397791
0.58;-0.07;0.039561
0.58;-0.06;0.0393721
0.58;-0.05;0.0392045
0.58;-0.04;0.0390669
0.58;-0.03;0.0389437
0.58;-0.02;0.0388684
0.58;-0.01;0.0388089
0.58;0;0.0388017
0.58;0.01;0.0388135
0.58;0.02;0.0388627
0.58;0.03;0.0389453
0.58;0.04;0.0390628
0.58;0.05;0.0392117
0.58;0.06;0.0393687
0.58;0.07;0.0395616
0.58;0.08;0.0397871
0.58;0.09;0.0400204
0.58;0.1;0.0402905
0.58;0.11;0.0405476
0.58;0.12;0.0408195
0.58;0.13;0.0411064
0.58;0.14;0.0414063
0.58;0.15;0.0416757
0.58;0.16;0.0419516
0.58;0.17;0.0422268
0.58;0.18;0.0424763
0.58;0.19;0.0427068
0.58;0.2;0.0429491
0.58;0.21;0.0431378
0.58;0.22;0.0433176
0.58;0.23;0.0434485
0.58;0.24;0.0435699
0.58;0.25;0.0436339
0.58;0.26;0.0436885
0.58;0.27;0.0436892
0.58;0.28;0.0436462
0.58;0.29;0.0435523
0.58;0.3;0.0434443
0.58;0.31;0.0432782
0.58;0.32;0.0430675
0.58;0.33;0.0428217
0.58;0.34;0.0425179
0.58;0.35;0.042187
0.58;0.36;0.0417987
0.58;0.37;0.041373
0.58;0.38;0.0409143
0.58;0.39;0.0403895
0.58;0.4;0.0398465
0.58;0.41;0.0392592
0.58;0.42;0.0386183
0.58;0.43;0.037953
0.58;0.44;0.0372487
0.58;0.45;0.036506
0.58;0.46;0.0357416
0.58;0.47;0.0349347
0.58;0.48;0.0340969
0.58;0.49;0.0332462
0.58;0.5;0.0323565
0.58;0.51;0.0314424
0.58;0.52;0.0305103
0.58;0.53;0.0295579
0.58;0.54;0.0285721
0.58;0.55;0.0275875
0.58;0.56;0.0265802
0.58;0.57;0.0255533
0.58;0.58;0.024516
0.58;0.59;0.0234752
0.58;0.6;0.0224191
0.58;0.61;0.0213545
0.58;0.62;0.0202854
0.58;0.63;0.0192076
0.58;0.64;0.0181348
0.58;0.65;0.0170527
0.58;0.66;0.0159729
0.58;0.67;0.0148874
0.58;0.68;0.0138139
0.58;0.69;0.0127361
0.58;0.7;0.0116689
0.58;0.71;0.0106061
0.58;0.72;0.00954575
0.58;0.73;0.00849989
0.58;0.74;0.00745268
0.58;0.75;0.00641248
0.58;0.76;0.00539319
0.58;0.77;0.00437497
0.58;0.78;0.00337158
0.58;0.79;0.00237435
0.58;0.8;0.00140789
0.58;0.81;0.000443792
0.58;0.82;1.44615e-33
0.58;0.83;1.43117e-33
0.58;0.84;1.41619e-33
0.58;0.85;1.40204e-33
0.58;0.86;1.38717e-33
0.58;0.87;1.37404e-33
0.58;0.88;1.35993e-33
0.58;0.89;1.34783e-33
0.58;0.9;1.33422e-33
0.58;0.91;1.32061e-33
0.58;0.92;1.31041e-33
0.58;0.93;1.29833e-33
0.58;0.94;1.28794e-33
0.58;0.95;1.27699e-33
0.58;0.96;1.23087e-33
0.58;0.97;1.25643e-33
0.58;0.98;1.20215e-33
0.58;0.99;1.20215e-33
0.59;-1;1.20268e-33
0.59;-0.99;1.20268e-33
0.59;-0.98;1.26103e-33
0.59;-0.97;1.27287e-33
0.59;-0.96;1.28471e-33
0.59;-0.95;1.29329e-33
0.59;-0.94;1.30566e-33
0.59;-0.93;1.31693e-33
0.59;-0.92;1.32853e-33
0.59;-0.91;1.34216e-33
0.59;-0.9;1.35346e-33
0.59;-0.89;1.36759e-33
0.59;-0.88;1.38076e-33
0.59;-0.87;1.39422e-33
0.59;-0.86;1.40864e-33
0.59;-0.85;1.42203e-33
0.59;-0.84;1.43687e-33
0.59;-0.83;1.45199e-33
0.59;-0.82;1.46948e-33
0.59;-0.81;1.48693e-33
0.59;-0.8;0.00072466
0.59;-0.79;0.0017056
0.59;-0.78;0.00270349
0.59;-0.77;0.00371002
0.59;-0.76;0.00473323
0.59;-0.75;0.00576454
0.59;-0.74;0.00680096
0.59;-0.73;0.00786702
0.59;-0.72;0.00893363
0.59;-0.71;0.0100027
0.59;-0.7;0.0110785
0.59;-0.69;0.0121544
0.59;-0.68;0.0132536
0.59;-0.67;0.0143507
0.59;-0.66;0.0154439
0.59;-0.65;0.0165434
0.59;-0.64;0.0176474
0.59;-0.63;0.018744
0.59;-0.62;0.0198339
0.59;-0.61;0.0209392
0.59;-0.6;0.0220244
0.59;-0.59;0.0231077
0.59;-0.58;0.0241888
0.59;-0.57;0.0252591
0.59;-0.56;0.0263131
0.59;-0.55;0.0273605
0.59;-0.54;0.0283801
0.59;-0.53;0.0293935
0.59;-0.52;0.0303967
0.59;-0.51;0.031366
0.59;-0.5;0.0323221
0.59;-0.49;0.0332582
0.59;-0.48;0.034164
0.59;-0.47;0.0350433
0.59;-0.46;0.0359104
0.59;-0.45;0.036728
0.59;-0.44;0.0375236
0.59;-0.43;0.0382962
0.59;-0.42;0.0390213
0.59;-0.41;0.0397115
0.59;-0.4;0.0403732
0.59;-0.39;0.0409866
0.59;-0.38;0.0415783
0.59;-0.37;0.0421107
0.59;-0.36;0.0426146
0.59;-0.35;0.0430795
0.59;-0.34;0.0434891
0.59;-0.33;0.0438874
0.59;-0.32;0.044202
0.59;-0.31;0.0445047
0.59;-0.3;0.0447529
0.59;-0.29;0.0449643
0.59;-0.28;0.0451366
0.59;-0.27;0.0452629
0.59;-0.26;0.0453625
0.59;-0.25;0.0454104
0.59;-0.24;0.0454381
0.59;-0.23;0.0454222
0.59;-0.22;0.0453729
0.59;-0.21;0.0453086
0.59;-0.2;0.0451947
0.59;-0.19;0.0450896
0.59;-0.18;0.0449366
0.59;-0.17;0.0447657
0.59;-0.16;0.0446009
0.59;-0.15;0.044394
0.59;-0.14;0.0441986
0.59;-0.13;0.0440063
0.59;-0.12;0.0437893
0.59;-0.11;0.0435826
0.59;-0.1;0.043386
0.59;-0.09;0.0432086
0.59;-0.08;0.0430325
0.59;-0.07;0.0428504
0.59;-0.06;0.042701
0.59;-0.05;0.0425702
0.59;-0.04;0.0424644
0.59;-0.03;0.0423755
0.59;-0.02;0.0423131
0.59;-0.01;0.0422795
0.59;0;0.0422709
0.59;0.01;0.0422848
0.59;0.02;0.0423151
0.59;0.03;0.0423752
0.59;0.04;0.0424592
0.59;0.05;0.0425702
0.59;0.06;0.0427002
0.59;0.07;0.0428565
0.59;0.08;0.0430246
0.59;0.09;0.0432064
0.59;0.1;0.0433901
0.59;0.11;0.0435838
0.59;0.12;0.0437886
0.59;0.13;0.0440088
0.59;0.14;0.044199
0.59;0.15;0.0443986
0.59;0.16;0.0446002
0.59;0.17;0.0447675
0.59;0.18;0.0449275
0.59;0.19;0.0450755
0.59;0.2;0.0451971
0.59;0.21;0.0453133
0.59;0.22;0.0453753
0.59;0.23;0.0454268
0.59;0.24;0.0454336
0.59;0.25;0.0454138
0.59;0.26;0.0453589
0.59;0.27;0.0452649
0.59;0.28;0.0451354
0.59;0.29;0.0449655
0.59;0.3;0.0447549
0.59;0.31;0.0445049
0.59;0.32;0.0442061
0.59;0.33;0.0438821
0.59;0.34;0.0434945
0.59;0.35;0.0430839
0.59;0.36;0.0426138
0.59;0.37;0.0421169
0.59;0.38;0.0415774
0.59;0.39;0.0409879
0.59;0.4;0.040372
0.59;0.41;0.0397167
0.59;0.42;0.0390163
0.59;0.43;0.0382998
0.59;0.44;0.0375264
0.59;0.45;0.036736
0.59;0.46;0.0359112
0.59;0.47;0.0350515
0.59;0.48;0.0341701
0.59;0.49;0.0332637
0.59;0.5;0.0323216
0.59;0.51;0.0313664
0.59;0.52;0.0303891
0.59;0.53;0.0293933
0.59;0.54;0.0283821
0.59;0.55;0.0273575
0.59;0.56;0.0263038
0.59;0.57;0.025258
0.59;0.58;0.0241948
0.59;0.59;0.0231132
0.59;0.6;0.0220295
0.59;0.61;0.020942
0.59;0.62;0.019845
0.59;0.63;0.0187429
0.59;0.64;0.0176476
0.59;0.65;0.016545
0.59;0.66;0.015444
0.59;0.67;0.014351
0.59;0.68;0.0132514
0.59;0.69;0.0121666
0.59;0.7;0.0110798
0.59;0.71;0.0100024
0.59;0.72;0.00893344
0.59;0.73;0.00786822
0.59;0.74;0.00680138
0.59;0.75;0.00576732
0.59;0.76;0.00473147
0.59;0.77;0.00370911
0.59;0.78;0.00269443
0.59;0.79;0.0017042
0.59;0.8;0.000724543
0.59;0.81;1.48664e-33
0.59;0.82;1.46961e-33
0.59;0.83;1.45265e-33
0.59;0.84;1.43765e-33
0.59;0.85;1.42266e-33
0.59;0.86;1.40905e-33
0.59;0.87;1.39418e-33
0.59;0.88;1.3803e-33
0.59;0.89;1.36716e-33
0.59;0.9;1.35305e-33
0.59;0.91;1.34177e-33
0.59;0.92;1.32816e-33
0.59;0.93;1.31656e-33
0.59;0.94;1.30555e-33
0.59;0.95;1.29347e-33
0.59;0.96;1.2849e-33
0.59;0.97;1.23087e-33
0.59;0.98;1.23087e-33
0.59;0.99;1.20215e-33
0.6;-1;1.20268e-33
0.6;-0.99;1.26865e-33
0.6;-0.98;1.28049e-33
0.6;-0.97;1.28832e-33
0.6;-0.96;1.30069e-33
0.6;-0.95;1.31305e-33
0.6;-0.94;1.32246e-33
0.6;-0.93;1.33608e-33
0.6;-0.92;1.34857e-33
0.6;-0.91;1.36069e-33
0.6;-0.9;1.37482e-33
0.6;-0.89;3.80726e-20
0.6;-0.88;1.40102e-33
0.6;-0.87;1.41361e-33
0.6;-0.86;1.42845e-33
0.6;-0.85;1.44329e-33
0.6;-0.84;1.45889e-33
0.6;-0.83;1.47638e-33
0.6;-0.82;1.49339e-33
0.6;-0.81;1.51142e-33
0.6;-0.8;1.52882e-33
0.6;-0.79;0.00098183
0.6;-0.78;0.00199405
0.6;-0.77;0.00300893
0.6;-0.76;0.0040306
0.6;-0.75;0.00507166
0.6;-0.74;0.0061271
0.6;-0.73;0.00718774
0.6;-0.72;0.00826645
0.6;-0.71;0.00934993
0.6;-0.7;0.010447
0.6;-0.69;0.0115426
0.6;-0.68;0.012643
0.6;-0.67;0.0137569
0.6;-0.66;0.0148751
0.6;-0.65;0.0159922
0.6;-0.64;0.0171098
0.6;-0.63;0.018235
0.6;-0.62;0.0193518
0.6;-0.61;0.020466
0.6;-0.6;0.0215888
0.6;-0.59;0.0226928
0.6;-0.58;0.0237997
0.6;-0.57;0.0248989
0.6;-0.56;0.0259778
0.6;-0.55;0.0270577
0.6;-0.54;0.0281322
0.6;-0.53;0.0291752
0.6;-0.52;0.0302047
0.6;-0.51;0.0312323
0.6;-0.5;0.0322245
0.6;-0.49;0.0332029
0.6;-0.48;0.0341619
0.6;-0.47;0.0350856
0.6;-0.46;0.0359942
0.6;-0.45;0.0368677
0.6;-0.44;0.0377175
0.6;-0.43;0.0385458
0.6;-0.42;0.0393289
0.6;-0.41;0.040082
0.6;-0.4;0.0408098
0.6;-0.39;0.041485
0.6;-0.38;0.042143
0.6;-0.37;0.0427486
0.6;-0.36;0.0433195
0.6;-0.35;0.0438632
0.6;-0.34;0.0443446
0.6;-0.33;0.0448009
0.6;-0.32;0.0452159
0.6;-0.31;0.0456034
0.6;-0.3;0.0459335
0.6;-0.29;0.0462276
0.6;-0.28;0.0464862
0.6;-0.27;0.046706
0.6;-0.26;0.0468854
0.6;-0.25;0.047033
0.6;-0.24;0.0471363
0.6;-0.23;0.0472242
0.6;-0.22;0.0472733
0.6;-0.21;0.0472913
0.6;-0.2;0.0472723
0.6;-0.19;0.0472279
0.6;-0.18;0.047184
0.6;-0.17;0.047098
0.6;-0.16;0.0470105
0.6;-0.15;0.0469055
0.6;-0.14;0.0467756
0.6;-0.13;0.0466536
0.6;-0.12;0.0465369
0.6;-0.11;0.0463853
0.6;-0.1;0.046245
0.6;-0.09;0.046118
0.6;-0.08;0.0460094
0.6;-0.07;0.0458983
0.6;-0.06;0.0457778
0.6;-0.05;0.0456833
0.6;-0.04;0.0455993
0.6;-0.03;0.0455341
0.6;-0.02;0.0454903
0.6;-0.01;0.0454621
0.6;0;0.0454558
0.6;0.01;0.0454614
0.6;0.02;0.0454894
0.6;0.03;0.0455369
0.6;0.04;0.0455997
0.6;0.05;0.0456809
0.6;0.06;0.0457796
0.6;0.07;0.045893
0.6;0.08;0.0459987
0.6;0.09;0.0461244
0.6;0.1;0.0462465
0.6;0.11;0.0463869
0.6;0.12;0.0465388
0.6;0.13;0.0466496
0.6;0.14;0.046783
0.6;0.15;0.0469079
0.6;0.16;0.0470126
0.6;0.17;0.0470982
0.6;0.18;0.0471856
0.6;0.19;0.047233
0.6;0.2;0.047276
0.6;0.21;0.0472927
0.6;0.22;0.0472614
0.6;0.23;0.0472248
0.6;0.24;0.0471399
0.6;0.25;0.0470374
0.6;0.26;0.0468857
0.6;0.27;0.046707
0.6;0.28;0.0464863
0.6;0.29;0.0462313
0.6;0.3;0.0459321
0.6;0.31;0.0456014
0.6;0.32;0.0452182
0.6;0.33;0.0448163
0.6;0.34;0.0443519
0.6;0.35;0.0438649
0.6;0.36;0.0433211
0.6;0.37;0.0427506
0.6;0.38;0.0421356
0.6;0.39;0.0414865
0.6;0.4;0.0408136
0.6;0.41;0.0400832
0.6;0.42;0.0393289
0.6;0.43;0.0385465
0.6;0.44;0.0377239
0.6;0.45;0.0368724
0.6;0.46;0.0359906
0.6;0.47;0.0350853
0.6;0.48;0.0341636
0.6;0.49;0.0331994
0.6;0.5;0.0322176
0.6;0.51;0.0312333
0.6;0.52;0.0302042
0.6;0.53;0.0291744
0.6;0.54;0.0281319
0.6;0.55;0.0270573
0.6;0.56;0.0259773
0.6;0.57;0.0248983
0.6;0.58;0.0237971
0.6;0.59;0.0226894
0.6;0.6;0.0215864
0.6;0.61;0.0204668
0.6;0.62;0.0193524
0.6;0.63;0.0182353
0.6;0.64;0.0171097
0.6;0.65;0.0159876
0.6;0.66;0.0148752
0.6;0.67;0.0137559
0.6;0.68;0.0126436
0.6;0.69;0.0115456
0.6;0.7;0.0104483
0.6;0.71;0.00935004
0.6;0.72;0.00826708
0.6;0.73;0.00718829
0.6;0.74;0.00613256
0.6;0.75;0.0050804
0.6;0.76;0.00403151
0.6;0.77;0.003008
0.6;0.78;0.0019945
0.6;0.79;0.000982164
0.6;0.8;1.5288e-33
0.6;0.81;1.51108e-33
0.6;0.82;1.49308e-33
0.6;0.83;1.4763e-33
0.6;0.84;1.45934e-33
0.6;0.85;1.44413e-33
0.6;0.86;1.42914e-33
0.6;0.87;1.41416e-33
0.6;0.88;1.40119e-33
0.6;0.89;1.38633e-33
0.6;0.9;1.37438e-33
0.6;0.91;1.36027e-33
0.6;0.92;1.34817e-33
0.6;0.93;1.3357e-33
0.6;0.94;1.32209e-33
0.6;0.95;1.31278e-33
0.6;0.96;1.30069e-33
0.6;0.97;1.28861e-33
0.6;0.98;1.23087e-33
0.6;0.99;1.23087e-33
0.61;-1;1.27627e-33
0.61;-0.99;1.28764e-33
0.61;-0.98;1.29571e-33
0.61;-0.97;1.30808e-33
0.61;-0.96;1.31693e-33
0.61;-0.95;1.33001e-33
0.61;-0.94;1.34363e-33
0.61;-0.93;1.34857e-33
0.61;-0.92;1.36793e-33
0.61;-0.91;1.38076e-33
0.61;-0.9;-7.61452e-20
0.61;-0.89;1.40782e-33
0.61;-0.88;1.42003e-33
0.61;-0.87;1.43487e-33
0.61;-0.86;6.13454e-20
0.61;-0.85;1.4658e-33
0.61;-0.84;1.48328e-33
0.61;-0.83;1.49985e-33
0.61;-0.82;1.51788e-33
0.61;-0.81;1.53428e-33
0.61;-0.8;1.55117e-33
0.61;-0.79;0.000240853
0.61;-0.78;0.00125073
0.61;-0.77;0.00227388
0.61;-0.76;0.00330328
0.61;-0.75;0.00434354
0.61;-0.74;0.00540907
0.61;-0.73;0.00648591
0.61;-0.72;0.00756629
0.61;-0.71;0.00865741
0.61;-0.7;0.00976601
0.61;-0.69;0.0108847
0.61;-0.68;0.0119988
0.61;-0.67;0.0131208
0.61;-0.66;0.014258
0.61;-0.65;0.0153928
0.61;-0.64;0.0165322
0.61;-0.63;0.0176704
0.61;-0.62;0.0188131
0.61;-0.61;0.0199555
0.61;-0.6;0.0210935
0.61;-0.59;0.0222321
0.61;-0.58;0.0233491
0.61;-0.57;0.0244817
0.61;-0.56;0.0256036
0.61;-0.55;0.0267011
0.61;-0.54;0.0278008
0.61;-0.53;0.0288907
0.61;-0.52;0.0299577
0.61;-0.51;0.0310139
0.61;-0.5;0.0320549
0.61;-0.49;0.0330706
0.61;-0.48;0.0340762
0.61;-0.47;0.0350493
0.61;-0.46;0.0359988
0.61;-0.45;0.0369373
0.61;-0.44;0.0378276
0.61;-0.43;0.0387032
0.61;-0.42;0.0395501
0.61;-0.41;0.040358
0.61;-0.4;0.0411453
0.61;-0.39;0.0418866
0.61;-0.38;0.0426021
0.61;-0.37;0.04328
0.61;-0.36;0.0439184
0.61;-0.35;0.0445382
0.61;-0.34;0.0450916
0.61;-0.33;0.0456344
0.61;-0.32;0.0461058
0.61;-0.31;0.0465735
0.61;-0.3;0.0469772
0.61;-0.29;0.0473579
0.61;-0.28;0.0476909
0.61;-0.27;0.0480025
0.61;-0.26;0.0482601
0.61;-0.25;0.0484998
0.61;-0.24;0.0486777
0.61;-0.23;0.0488603
0.61;-0.22;0.0489779
0.61;-0.21;0.0490838
0.61;-0.2;0.0491626
0.61;-0.19;0.0491971
0.61;-0.18;0.0492341
0.61;-0.17;0.049231
0.61;-0.16;0.0492211
0.61;-0.15;0.0491904
0.61;-0.14;0.0491512
0.61;-0.13;0.0490834
0.61;-0.12;0.0490197
0.61;-0.11;0.0489602
0.61;-0.1;0.048877
0.61;-0.09;0.0487951
0.61;-0.08;0.0487204
0.61;-0.07;0.0486523
0.61;-0.06;0.048591
0.61;-0.05;0.0485423
0.61;-0.04;0.0484898
0.61;-0.03;0.0484455
0.61;-0.02;0.0484144
0.61;-0.01;0.0483909
0.61;0;0.0483841
0.61;0.01;0.0483884
0.61;0.02;0.0484138
0.61;0.03;0.0484427
0.61;0.04;0.0484934
0.61;0.05;0.0485398
0.61;0.06;0.0485919
0.61;0.07;0.0486513
0.61;0.08;0.0487254
0.61;0.09;0.0488039
0.61;0.1;0.048878
0.61;0.11;0.0489563
0.61;0.12;0.0490196
0.61;0.13;0.0490822
0.61;0.14;0.0491378
0.61;0.15;0.0491966
0.61;0.16;0.0492156
0.61;0.17;0.0492314
0.61;0.18;0.0492335
0.61;0.19;0.0492031
0.61;0.2;0.0491618
0.61;0.21;0.0490844
0.61;0.22;0.0489755
0.61;0.23;0.048853
0.61;0.24;0.0486835
0.61;0.25;0.0484995
0.61;0.26;0.0482597
0.61;0.27;0.0480005
0.61;0.28;0.0476931
0.61;0.29;0.0473595
0.61;0.3;0.0469775
0.61;0.31;0.0465723
0.61;0.32;0.0461092
0.61;0.33;0.0456306
0.61;0.34;0.0450898
0.61;0.35;0.0445318
0.61;0.36;0.0439184
0.61;0.37;0.0432863
0.61;0.38;0.0426035
0.61;0.39;0.0418916
0.61;0.4;0.0411518
0.61;0.41;0.0403572
0.61;0.42;0.0395539
0.61;0.43;0.0387073
0.61;0.44;0.0378301
0.61;0.45;0.0369365
0.61;0.46;0.0359988
0.61;0.47;0.0350454
0.61;0.48;0.0340771
0.61;0.49;0.033077
0.61;0.5;0.0320573
0.61;0.51;0.0310151
0.61;0.52;0.0299564
0.61;0.53;0.0288908
0.61;0.54;0.0278023
0.61;0.55;0.0267091
0.61;0.56;0.0256047
0.61;0.57;0.0244831
0.61;0.58;0.0233529
0.61;0.59;0.0222318
0.61;0.6;0.0210912
0.61;0.61;0.0199474
0.61;0.62;0.0188117
0.61;0.63;0.017669
0.61;0.64;0.01653
0.61;0.65;0.0153927
0.61;0.66;0.0142458
0.61;0.67;0.0131258
0.61;0.68;0.0120024
0.61;0.69;0.0108699
0.61;0.7;0.00976614
0.61;0.71;0.00866661
0.61;0.72;0.00756955
0.61;0.73;0.00648775
0.61;0.74;0.00541509
0.61;0.75;0.00434413
0.61;0.76;0.00330326
0.61;0.77;0.00227365
0.61;0.78;0.00125056
0.61;0.79;0.00024082
0.61;0.8;1.55218e-33
0.61;0.81;1.53451e-33
0.61;0.82;1.51753e-33
0.61;0.83;1.49953e-33
0.61;0.84;1.48299e-33
0.61;0.85;1.46604e-33
0.61;0.86;1.44908e-33
0.61;0.87;1.43562e-33
0.61;0.88;1.42064e-33
0.61;0.89;1.4082e-33
0.61;0.9;1.39333e-33
0.61;0.91;1.3803e-33
0.61;0.92;1.36749e-33
0.61;0.93;1.34817e-33
0.61;0.94;1.34324e-33
0.61;0.95;1.32963e-33
0.61;0.96;1.28794e-33
0.61;0.97;1.30792e-33
0.61;0.98;1.29583e-33
0.61;0.99;1.23087e-33
0.62;-1;1.29074e-33
0.62;-0.99;1.30311e-33
0.62;-0.98;1.31547e-33
0.62;-0.97;1.32393e-33
0.62;-0.96;1.33756e-33
0.62;-0.95;1.34857e-33
0.62;-0.94;1.34857e-33
0.62;-0.93;1.37516e-33
0.62;-0.92;1.38076e-33
0.62;-0.91;1.4002e-33
0.62;-0.9;1.41299e-33
0.62;-0.89;1.42644e-33
0.62;-0.88;1.44128e-33
0.62;-0.87;1.45521e-33
0.62;-0.86;1.4727e-33
0.62;-0.85;1.48829e-33
0.62;-0.84;1.50632e-33
0.62;-0.83;1.52285e-33
0.62;-0.82;1.53974e-33
0.62;-0.81;1.55663e-33
0.62;-0.8;1.57524e-33
0.62;-0.79;1.59465e-33
0.62;-0.78;0.000470221
0.62;-0.77;0.00149586
0.62;-0.76;0.00254075
0.62;-0.75;0.00358911
0.62;-0.74;0.00465222
0.62;-0.73;0.00573751
0.62;-0.72;0.0068289
0.62;-0.71;0.00793258
0.62;-0.7;0.00903873
0.62;-0.69;0.0101708
0.62;-0.68;0.0112988
0.62;-0.67;0.0124459
0.62;-0.66;0.0135891
0.62;-0.65;0.0147346
0.62;-0.64;0.0159011
0.62;-0.63;0.017058
0.62;-0.62;0.0182087
0.62;-0.61;0.0193782
0.62;-0.6;0.0205386
0.62;-0.59;0.0216926
0.62;-0.58;0.022861
0.62;-0.57;0.0240049
0.62;-0.56;0.0251529
0.62;-0.55;0.0262884
0.62;-0.54;0.0274168
0.62;-0.53;0.0285398
0.62;-0.52;0.0296441
0.62;-0.51;0.0307336
0.62;-0.5;0.0318158
0.62;-0.49;0.0328665
0.62;-0.48;0.0339063
0.62;-0.47;0.0349332
0.62;-0.46;0.0359254
0.62;-0.45;0.0369034
0.62;-0.44;0.0378542
0.62;-0.43;0.0387784
0.62;-0.42;0.0396808
0.62;-0.41;0.0405414
0.62;-0.4;0.041387
0.62;-0.39;0.0421892
0.62;-0.38;0.0429624
0.62;-0.37;0.0437084
0.62;-0.36;0.044408
0.62;-0.35;0.0450877
0.62;-0.34;0.04571
0.62;-0.33;0.0463148
0.62;-0.32;0.0468742
0.62;-0.31;0.0474097
0.62;-0.3;0.0478901
0.62;-0.29;0.048349
0.62;-0.28;0.0487527
0.62;-0.27;0.0491506
0.62;-0.26;0.0494765
0.62;-0.25;0.0497955
0.62;-0.24;0.0500604
0.62;-0.23;0.0503153
0.62;-0.22;0.0505194
0.62;-0.21;0.0506938
0.62;-0.2;0.0508632
0.62;-0.19;0.0509782
0.62;-0.18;0.0510771
0.62;-0.17;0.0511733
0.62;-0.16;0.0512157
0.62;-0.15;0.0512584
0.62;-0.14;0.0512961
0.62;-0.13;0.0512959
0.62;-0.12;0.0512906
0.62;-0.11;0.0512773
0.62;-0.1;0.0512681
0.62;-0.09;0.0512386
0.62;-0.08;0.0512168
0.62;-0.07;0.0511738
0.62;-0.06;0.0511463
0.62;-0.05;0.0511203
0.62;-0.04;0.0510979
0.62;-0.03;0.0510817
0.62;-0.02;0.0510759
0.62;-0.01;0.0510649
0.62;0;0.0510623
0.62;0.01;0.0510645
0.62;0.02;0.0510683
0.62;0.03;0.0510889
0.62;0.04;0.0511008
0.62;0.05;0.0511257
0.62;0.06;0.0511476
0.62;0.07;0.0511698
0.62;0.08;0.0512078
0.62;0.09;0.0512449
0.62;0.1;0.0512696
0.62;0.11;0.0512793
0.62;0.12;0.0512894
0.62;0.13;0.0512926
0.62;0.14;0.0512975
0.62;0.15;0.0512588
0.62;0.16;0.0512187
0.62;0.17;0.0511692
0.62;0.18;0.0510771
0.62;0.19;0.0509753
0.62;0.2;0.0508654
0.62;0.21;0.0506996
0.62;0.22;0.0505195
0.62;0.23;0.0503111
0.62;0.24;0.0500638
0.62;0.25;0.0498021
0.62;0.26;0.0494781
0.62;0.27;0.0491458
0.62;0.28;0.0487565
0.62;0.29;0.0483489
0.62;0.3;0.0478891
0.62;0.31;0.0474121
0.62;0.32;0.0468774
0.62;0.33;0.0463259
0.62;0.34;0.0457142
0.62;0.35;0.0450919
0.62;0.36;0.0444076
0.62;0.37;0.0437084
0.62;0.38;0.0429638
0.62;0.39;0.0421897
0.62;0.4;0.0413894
0.62;0.41;0.040546
0.62;0.42;0.0396863
0.62;0.43;0.0387786
0.62;0.44;0.0378565
0.62;0.45;0.0369072
0.62;0.46;0.0359257
0.62;0.47;0.0349347
0.62;0.48;0.0339077
0.62;0.49;0.032872
0.62;0.5;0.0318172
0.62;0.51;0.030735
0.62;0.52;0.0296406
0.62;0.53;0.0285356
0.62;0.54;0.0274132
0.62;0.55;0.0262926
0.62;0.56;0.0251551
0.62;0.57;0.0240034
0.62;0.58;0.0228641
0.62;0.59;0.0217035
0.62;0.6;0.0205368
0.62;0.61;0.0193796
0.62;0.62;0.018219
0.62;0.63;0.0170529
0.62;0.64;0.0158933
0.62;0.65;0.01473
0.62;0.66;0.0135895
0.62;0.67;0.0124451
0.62;0.68;0.0112974
0.62;0.69;0.0101739
0.62;0.7;0.00904073
0.62;0.71;0.00793312
0.62;0.72;0.00682931
0.62;0.73;0.00573692
0.62;0.74;0.00465192
0.62;0.75;0.00359006
0.62;0.76;0.00254079
0.62;0.77;0.00149506
0.62;0.78;0.00046997
0.62;0.79;5.49966e-20
0.62;0.8;1.57581e-33
0.62;0.81;1.5579e-33
0.62;0.82;1.54022e-33
0.62;0.83;1.52255e-33
0.62;0.84;1.50598e-33
0.62;0.85;1.48799e-33
0.62;0.86;1.47273e-33
0.62;0.87;1.45577e-33
0.62;0.88;1.4421e-33
0.62;0.89;1.42712e-33
0.62;0.9;1.41354e-33
0.62;0.91;1.40034e-33
0.62;0.92;1.38548e-33
0.62;0.93;1.37472e-33
0.62;0.94;1.34817e-33
0.62;0.95;1.34817e-33
0.62;0.96;1.33717e-33
0.62;0.97;1.28794e-33
0.62;0.98;1.31514e-33
0.62;0.99;1.30306e-33
0.63;-1;1.3105e-33
0.63;-0.99;1.31785e-33
0.63;-0.98;1.33148e-33
0.63;-0.97;1.34511e-33
0.63;-0.96;1.35414e-33
0.63;-0.95;1.34857e-33
0.63;-0.94;1.38076e-33
0.63;-0.93;1.38076e-33
0.63;-0.92;1.40699e-33
0.63;-0.91;1.41802e-33
0.63;-0.9;1.43286e-33
0.63;-0.89;1.44557e-33
0.63;-0.88;8.17938e-20
0.63;-0.87;1.4796e-33
0.63;-0.86;1.49475e-33
0.63;-0.85;1.51278e-33
0.63;-0.84;1.52831e-33
0.63;-0.83;1.5452e-33
0.63;-0.82;1.56144e-33
0.63;-0.81;1.58085e-33
0.63;-0.8;1.59961e-33
0.63;-0.79;1.6198e-33
0.63;-0.78;1.64006e-33
0.63;-0.77;0.000685494
0.63;-0.76;0.00173011
0.63;-0.75;0.00279424
0.63;-0.74;0.00385981
0.63;-0.73;0.00494704
0.63;-0.72;0.00605056
0.63;-0.71;0.00716127
0.63;-0.7;0.00828619
0.63;-0.69;0.0094145
0.63;-0.68;0.0105634
0.63;-0.67;0.0117121
0.63;-0.66;0.0128743
0.63;-0.65;0.0140389
0.63;-0.64;0.0152054
0.63;-0.63;0.0163916
0.63;-0.62;0.0175684
0.63;-0.61;0.018749
0.63;-0.6;0.0199351
0.63;-0.59;0.0211147
0.63;-0.58;0.022295
0.63;-0.57;0.0234734
0.63;-0.56;0.0246407
0.63;-0.55;0.0258107
0.63;-0.54;0.0269642
0.63;-0.53;0.0281126
0.63;-0.52;0.0292587
0.63;-0.51;0.0303782
0.63;-0.5;0.0314951
0.63;-0.49;0.0325962
0.63;-0.48;0.0336703
0.63;-0.47;0.0347362
0.63;-0.46;0.035775
0.63;-0.45;0.0367886
0.63;-0.44;0.0377958
0.63;-0.43;0.0387626
0.63;-0.42;0.0397184
0.63;-0.41;0.040637
0.63;-0.4;0.0415256
0.63;-0.39;0.0423932
0.63;-0.38;0.0432176
0.63;-0.37;0.0440288
0.63;-0.36;0.0447862
0.63;-0.35;0.0455241
0.63;-0.34;0.0462141
0.63;-0.33;0.0468927
0.63;-0.32;0.0475105
0.63;-0.31;0.0481178
0.63;-0.3;0.0486662
0.63;-0.29;0.0492008
0.63;-0.28;0.0496781
0.63;-0.27;0.0501347
0.63;-0.26;0.0505436
0.63;-0.25;0.0509369
0.63;-0.24;0.0512793
0.63;-0.23;0.0515986
0.63;-0.22;0.051889
0.63;-0.21;0.0521348
0.63;-0.2;0.05237
0.63;-0.19;0.0525744
0.63;-0.18;0.0527381
0.63;-0.17;0.052894
0.63;-0.16;0.053021
0.63;-0.15;0.0531207
0.63;-0.14;0.0532109
0.63;-0.13;0.0532937
0.63;-0.12;0.0533405
0.63;-0.11;0.0533816
0.63;-0.1;0.0534095
0.63;-0.09;0.0534408
0.63;-0.08;0.0534681
0.63;-0.07;0.0534659
0.63;-0.06;0.0534666
0.63;-0.05;0.0534625
0.63;-0.04;0.0534629
0.63;-0.03;0.0534654
0.63;-0.02;0.0534751
0.63;-0.01;0.053464
0.63;0;0.0534634
0.63;0.01;0.0534661
0.63;0.02;0.0534596
0.63;0.03;0.0534714
0.63;0.04;0.0534627
0.63;0.05;0.0534644
0.63;0.06;0.053466
0.63;0.07;0.0534674
0.63;0.08;0.0534663
0.63;0.09;0.0534431
0.63;0.1;0.0534109
0.63;0.11;0.0533789
0.63;0.12;0.0533421
0.63;0.13;0.053294
0.63;0.14;0.0532099
0.63;0.15;0.0531194
0.63;0.16;0.0530179
0.63;0.17;0.0528945
0.63;0.18;0.052738
0.63;0.19;0.0525736
0.63;0.2;0.0523684
0.63;0.21;0.0521351
0.63;0.22;0.05189
0.63;0.23;0.0515968
0.63;0.24;0.0512822
0.63;0.25;0.050937
0.63;0.26;0.0505301
0.63;0.27;0.0501405
0.63;0.28;0.0496737
0.63;0.29;0.0491975
0.63;0.3;0.0486654
0.63;0.31;0.0481172
0.63;0.32;0.0475144
0.63;0.33;0.0468919
0.63;0.34;0.0462186
0.63;0.35;0.0455307
0.63;0.36;0.0447789
0.63;0.37;0.0440245
0.63;0.38;0.043215
0.63;0.39;0.0423901
0.63;0.4;0.0415261
0.63;0.41;0.0406364
0.63;0.42;0.0397137
0.63;0.43;0.0387688
0.63;0.44;0.0378016
0.63;0.45;0.0367971
0.63;0.46;0.0357742
0.63;0.47;0.0347347
0.63;0.48;0.0336654
0.63;0.49;0.0325907
0.63;0.5;0.0314895
0.63;0.51;0.0303767
0.63;0.52;0.0292588
0.63;0.53;0.0281199
0.63;0.54;0.0269705
0.63;0.55;0.0258083
0.63;0.56;0.0246369
0.63;0.57;0.0234723
0.63;0.58;0.0222887
0.63;0.59;0.0211091
0.63;0.6;0.0199347
0.63;0.61;0.0187502
0.63;0.62;0.0175666
0.63;0.63;0.0163861
0.63;0.64;0.0152069
0.63;0.65;0.0140403
0.63;0.66;0.0128654
0.63;0.67;0.0117106
0.63;0.68;0.0105632
0.63;0.69;0.00941311
0.63;0.7;0.00827739
0.63;0.71;0.00716128
0.63;0.72;0.00604981
0.63;0.73;0.00494544
0.63;0.74;0.00385935
0.63;0.75;0.00277911
0.63;0.76;0.00172578
0.63;0.77;0.000684146
0.63;0.78;1.63903e-33
0.63;0.79;1.61919e-33
0.63;0.8;1.59933e-33
0.63;0.81;-8.79946e-20
0.63;0.82;1.56253e-33
0.63;0.83;1.54594e-33
0.63;0.84;1.52826e-33
0.63;0.85;1.51243e-33
0.63;0.86;1.49443e-33
0.63;0.87;1.47942e-33
0.63;0.88;1.46247e-33
0.63;0.89;1.44643e-33
0.63;0.9;1.4336e-33
0.63;0.91;1.41861e-33
0.63;0.92;1.40735e-33
0.63;0.93;1.39249e-33
0.63;0.94;1.3803e-33
0.63;0.95;1.34817e-33
0.63;0.96;1.35373e-33
0.63;0.97;1.34471e-33
0.63;0.98;1.28794e-33
0.63;0.99;1.28794e-33
0.64;-1;1.3254e-33
0.64;-0.99;1.33903e-33
0.64;-0.98;1.34857e-33
0.64;-0.97;1.36137e-33
0.64;-0.96;1.34857e-33
0.64;-0.95;1.38076e-33
0.64;-0.94;1.38076e-33
0.64;-0.93;1.41299e-33
0.64;-0.92;1.42444e-33
0.64;-0.91;1.43928e-33
0.64;-0.9;1.45153e-33
0.64;-0.89;1.46902e-33
0.64;-0.88;1.48328e-33
0.64;-0.87;1.50121e-33
0.64;-0.86;1.51924e-33
0.64;-0.85;1.53377e-33
0.64;-0.84;1.55066e-33
0.64;-0.83;1.56705e-33
0.64;-0.82;1.58646e-33
0.64;-0.81;1.60478e-33
0.64;-0.8;1.62498e-33
0.64;-0.79;1.64496e-33
0.64;-0.78;1.66681e-33
0.64;-0.77;1.68825e-33
0.64;-0.76;0.000870471
0.64;-0.75;0.00194796
0.64;-0.74;0.00303114
0.64;-0.73;0.00412346
0.64;-0.72;0.0052261
0.64;-0.71;0.00634812
0.64;-0.7;0.00747677
0.64;-0.69;0.00862159
0.64;-0.68;0.00976901
0.64;-0.67;0.0109363
0.64;-0.66;0.012098
0.64;-0.65;0.013283
0.64;-0.64;0.0144743
0.64;-0.63;0.0156633
0.64;-0.62;0.0168638
0.64;-0.61;0.0180612
0.64;-0.6;0.0192663
0.64;-0.59;0.0204738
0.64;-0.58;0.0216647
0.64;-0.57;0.0228749
0.64;-0.56;0.024071
0.64;-0.55;0.0252534
0.64;-0.54;0.0264496
0.64;-0.53;0.0276237
0.64;-0.52;0.028795
0.64;-0.51;0.0299568
0.64;-0.5;0.0310961
0.64;-0.49;0.0322366
0.64;-0.48;0.0333493
0.64;-0.47;0.0344511
0.64;-0.46;0.0355403
0.64;-0.45;0.0365958
0.64;-0.44;0.0376491
0.64;-0.43;0.0386456
0.64;-0.42;0.0396558
0.64;-0.41;0.040626
0.64;-0.4;0.0415652
0.64;-0.39;0.0424869
0.64;-0.38;0.0433661
0.64;-0.37;0.0442359
0.64;-0.36;0.0450519
0.64;-0.35;0.0458501
0.64;-0.34;0.0465971
0.64;-0.33;0.0473392
0.64;-0.32;0.0480227
0.64;-0.31;0.0486919
0.64;-0.3;0.0493064
0.64;-0.29;0.0499119
0.64;-0.28;0.0504593
0.64;-0.27;0.0509853
0.64;-0.26;0.0514611
0.64;-0.25;0.0519197
0.64;-0.24;0.0523365
0.64;-0.23;0.0527211
0.64;-0.22;0.0530896
0.64;-0.21;0.0533986
0.64;-0.2;0.0536943
0.64;-0.19;0.0539532
0.64;-0.18;0.0541899
0.64;-0.17;0.054416
0.64;-0.16;0.0546226
0.64;-0.15;0.0547773
0.64;-0.14;0.0549247
0.64;-0.13;0.0550577
0.64;-0.12;0.05518
0.64;-0.11;0.0552609
0.64;-0.1;0.055338
0.64;-0.09;0.0554046
0.64;-0.08;0.0554656
0.64;-0.07;0.0555141
0.64;-0.06;0.0555522
0.64;-0.05;0.055583
0.64;-0.04;0.0556058
0.64;-0.03;0.0556095
0.64;-0.02;0.0556212
0.64;-0.01;0.0556254
0.64;0;0.0556276
0.64;0.01;0.0556366
0.64;0.02;0.055621
0.64;0.03;0.0556065
0.64;0.04;0.0555885
0.64;0.05;0.0555787
0.64;0.06;0.0555578
0.64;0.07;0.0555178
0.64;0.08;0.0554683
0.64;0.09;0.0554069
0.64;0.1;0.0553331
0.64;0.11;0.0552605
0.64;0.12;0.055184
0.64;0.13;0.0550542
0.64;0.14;0.0549221
0.64;0.15;0.0547808
0.64;0.16;0.054623
0.64;0.17;0.0544202
0.64;0.18;0.0542041
0.64;0.19;0.0539762
0.64;0.2;0.0536978
0.64;0.21;0.0533989
0.64;0.22;0.0530854
0.64;0.23;0.0527194
0.64;0.24;0.0523394
0.64;0.25;0.0519158
0.64;0.26;0.0514629
0.64;0.27;0.050989
0.64;0.28;0.0504513
0.64;0.29;0.0499118
0.64;0.3;0.049311
0.64;0.31;0.0486895
0.64;0.32;0.0480229
0.64;0.33;0.047342
0.64;0.34;0.0466005
0.64;0.35;0.045849
0.64;0.36;0.0450455
0.64;0.37;0.0442356
0.64;0.38;0.0433669
0.64;0.39;0.0424873
0.64;0.4;0.0415653
0.64;0.41;0.0406228
0.64;0.42;0.039652
0.64;0.43;0.0386425
0.64;0.44;0.0376428
0.64;0.45;0.0365906
0.64;0.46;0.0355349
0.64;0.47;0.0344475
0.64;0.48;0.0333542
0.64;0.49;0.0322391
0.64;0.5;0.0310941
0.64;0.51;0.0299594
0.64;0.52;0.0287977
0.64;0.53;0.0276267
0.64;0.54;0.0264514
0.64;0.55;0.0252533
0.64;0.56;0.0240749
0.64;0.57;0.0228766
0.64;0.58;0.0216776
0.64;0.59;0.0204769
0.64;0.6;0.0192665
0.64;0.61;0.018061
0.64;0.62;0.0168651
0.64;0.63;0.0156698
0.64;0.64;0.0144809
0.64;0.65;0.0132876
0.64;0.66;0.0121113
0.64;0.67;0.0109378
0.64;0.68;0.00977468
0.64;0.69;0.0086159
0.64;0.7;0.00747448
0.64;0.71;0.00634843
0.64;0.72;0.00522658
0.64;0.73;0.00412227
0.64;0.74;0.00301947
0.64;0.75;0.0019427
0.64;0.76;0.000882797
0.64;0.77;1.6857e-33
0.64;0.78;-9.24858e-20
0.64;0.79;1.64369e-33
0.64;0.8;1.62429e-33
0.64;0.81;1.60442e-33
0.64;0.82;-8.79946e-20
0.64;0.83;1.56793e-33
0.64;0.84;1.55165e-33
0.64;0.85;1.53397e-33
0.64;0.86;1.51888e-33
0.64;0.87;1.50088e-33
0.64;0.88;1.48299e-33
0.64;0.89;1.46916e-33
0.64;0.9;1.44643e-33
0.64;0.91;1.44007e-33
0.64;0.92;1.42509e-33
0.64;0.93;1.41354e-33
0.64;0.94;1.39949e-33
0.64;0.95;1.38463e-33
0.64;0.96;1.34817e-33
0.64;0.97;1.36095e-33
0.64;0.98;1.34817e-33
0.64;0.99;1.28794e-33
0.65;-1;1.34658e-33
0.65;-0.99;1.35447e-33
0.65;-0.98;1.36861e-33
0.65;-0.97;1.34857e-33
0.65;-0.96;1.38076e-33
0.65;-0.95;1.38076e-33
0.65;-0.94;1.41602e-33
0.65;-0.93;1.43085e-33
0.65;-0.92;1.44557e-33
0.65;-0.91;1.45843e-33
0.65;-0.9;1.47592e-33
0.65;-0.89;1.48964e-33
0.65;-0.88;1.50767e-33
0.65;-0.87;1.52234e-33
0.65;-0.86;1.53923e-33
0.65;-0.85;1.55612e-33
0.65;-0.84;1.57267e-33
0.65;-0.83;1.59208e-33
0.65;-0.82;1.60996e-33
0.65;-0.81;1.63015e-33
0.65;-0.8;1.64986e-33
0.65;-0.79;1.67171e-33
0.65;-0.78;1.69235e-33
0.65;-0.77;1.71355e-33
0.65;-0.76;1.73541e-33
0.65;-0.75;0.00105524
0.65;-0.74;0.00214773
0.65;-0.73;0.00324557
0.65;-0.72;0.00436246
0.65;-0.71;0.00548429
0.65;-0.7;0.00662771
0.65;-0.69;0.00777665
0.65;-0.68;0.00894107
0.65;-0.67;0.0101022
0.65;-0.66;0.0112942
0.65;-0.65;0.0124898
0.65;-0.64;0.0136826
0.65;-0.63;0.0148927
0.65;-0.62;0.0160951
0.65;-0.61;0.0173249
0.65;-0.6;0.0185488
0.65;-0.59;0.0197698
0.65;-0.58;0.0209924
0.65;-0.57;0.0222032
0.65;-0.56;0.0234305
0.65;-0.55;0.0246482
0.65;-0.54;0.0258564
0.65;-0.53;0.0270614
0.65;-0.52;0.0282575
0.65;-0.51;0.0294537
0.65;-0.5;0.0306258
0.65;-0.49;0.0317931
0.65;-0.48;0.0329576
0.65;-0.47;0.0340849
0.65;-0.46;0.0352147
0.65;-0.45;0.0363111
0.65;-0.44;0.037399
0.65;-0.43;0.0384625
0.65;-0.42;0.0394977
0.65;-0.41;0.0405216
0.65;-0.4;0.0415012
0.65;-0.39;0.0424838
0.65;-0.38;0.0434089
0.65;-0.37;0.044325
0.65;-0.36;0.0451928
0.65;-0.35;0.0460539
0.65;-0.34;0.0468621
0.65;-0.33;0.0476563
0.65;-0.32;0.0484034
0.65;-0.31;0.0491313
0.65;-0.3;0.0498106
0.65;-0.29;0.0504753
0.65;-0.28;0.0510791
0.65;-0.27;0.0516768
0.65;-0.26;0.0522242
0.65;-0.25;0.0527422
0.65;-0.24;0.0532095
0.65;-0.23;0.0536734
0.65;-0.22;0.0541066
0.65;-0.21;0.0544878
0.65;-0.2;0.0548432
0.65;-0.19;0.0551794
0.65;-0.18;0.0554902
0.65;-0.17;0.0557472
0.65;-0.16;0.0560112
0.65;-0.15;0.0562365
0.65;-0.14;0.0564337
0.65;-0.13;0.0566156
0.65;-0.12;0.0567819
0.65;-0.11;0.0569294
0.65;-0.1;0.0570446
0.65;-0.09;0.0571481
0.65;-0.08;0.0572385
0.65;-0.07;0.0573204
0.65;-0.06;0.0573917
0.65;-0.05;0.0574499
0.65;-0.04;0.0575047
0.65;-0.03;0.0575214
0.65;-0.02;0.057547
0.65;-0.01;0.057558
0.65;0;0.0575655
0.65;0.01;0.0575615
0.65;0.02;0.0575437
0.65;0.03;0.0575239
0.65;0.04;0.0574935
0.65;0.05;0.0574537
0.65;0.06;0.0573914
0.65;0.07;0.0573178
0.65;0.08;0.057238
0.65;0.09;0.0571357
0.65;0.1;0.0570396
0.65;0.11;0.0569311
0.65;0.12;0.0567791
0.65;0.13;0.0566138
0.65;0.14;0.0564354
0.65;0.15;0.056239
0.65;0.16;0.0560152
0.65;0.17;0.0557581
0.65;0.18;0.0554874
0.65;0.19;0.0551891
0.65;0.2;0.0548478
0.65;0.21;0.0544888
0.65;0.22;0.0541046
0.65;0.23;0.05367
0.65;0.24;0.0532316
0.65;0.25;0.0527407
0.65;0.26;0.0522219
0.65;0.27;0.0516759
0.65;0.28;0.0510787
0.65;0.29;0.0504802
0.65;0.3;0.0498084
0.65;0.31;0.0491364
0.65;0.32;0.0484041
0.65;0.33;0.0476608
0.65;0.34;0.0468642
0.65;0.35;0.0460533
0.65;0.36;0.0451953
0.65;0.37;0.0443299
0.65;0.38;0.0434149
0.65;0.39;0.0424804
0.65;0.4;0.0415039
0.65;0.41;0.0405198
0.65;0.42;0.0394999
0.65;0.43;0.0384627
0.65;0.44;0.0373963
0.65;0.45;0.0363132
0.65;0.46;0.0352165
0.65;0.47;0.0340859
0.65;0.48;0.0329555
0.65;0.49;0.031796
0.65;0.5;0.0306351
0.65;0.51;0.0294545
0.65;0.52;0.0282587
0.65;0.53;0.0270704
0.65;0.54;0.0258586
0.65;0.55;0.0246488
0.65;0.56;0.0234354
0.65;0.57;0.022214
0.65;0.58;0.0209963
0.65;0.59;0.0197692
0.65;0.6;0.0185388
0.65;0.61;0.0173222
0.65;0.62;0.0160969
0.65;0.63;0.0148927
0.65;0.64;0.0136832
0.65;0.65;0.0124787
0.65;0.66;0.0112949
0.65;0.67;0.010113
0.65;0.68;0.00893461
0.65;0.69;0.0077724
0.65;0.7;0.00662765
0.65;0.71;0.00548427
0.65;0.72;0.00434296
0.65;0.73;0.00324334
0.65;0.74;0.00214883
0.65;0.75;0.00106449
0.65;0.76;1.73596e-33
0.65;0.77;1.71261e-33
0.65;0.78;1.69006e-33
0.65;0.79;1.66912e-33
0.65;0.8;1.64835e-33
0.65;0.81;1.62938e-33
0.65;0.82;1.60951e-33
0.65;0.83;4.39973e-20
0.65;0.84;1.57333e-33
0.65;0.85;1.55736e-33
0.65;0.86;1.53969e-33
0.65;0.87;1.52201e-33
0.65;0.88;1.50733e-33
0.65;0.89;1.48934e-33
0.65;0.9;1.47585e-33
0.65;0.91;1.44643e-33
0.65;0.92;1.44643e-33
0.65;0.93;1.43157e-33
0.65;0.94;1.41659e-33
0.65;0.95;1.4065e-33
0.65;0.96;1.39164e-33
0.65;0.97;1.34817e-33
0.65;0.98;1.36817e-33
0.65;0.99;1.35406e-33
0.66;-1;1.36171e-33
0.66;-0.99;1.37584e-33
0.66;-0.98;1.34857e-33
0.66;-0.97;1.38076e-33
0.66;-0.96;1.38076e-33
0.66;-0.95;1.42243e-33
0.66;-0.94;1.43727e-33
0.66;-0.93;1.44785e-33
0.66;-0.92;1.46534e-33
0.66;-0.91;1.48282e-33
0.66;-0.9;1.4961e-33
0.66;-0.89;1.51413e-33
0.66;-0.88;1.5278e-33
0.66;-0.87;1.54469e-33
0.66;-0.86;1.55887e-33
0.66;-0.85;1.57828e-33
0.66;-0.84;1.5965e-33
0.66;-0.83;1.61513e-33
0.66;-0.82;1.63533e-33
0.66;-0.81;1.65476e-33
0.66;-0.8;1.67661e-33
0.66;-0.79;1.69645e-33
0.66;-0.78;1.71765e-33
0.66;-0.77;1.73911e-33
0.66;-0.76;1.76175e-33
0.66;-0.75;0.000131655
0.66;-0.74;0.00122006
0.66;-0.73;0.00232679
0.66;-0.72;0.00344151
0.66;-0.71;0.00457934
0.66;-0.7;0.00572447
0.66;-0.69;0.00688532
0.66;-0.68;0.00805807
0.66;-0.67;0.0092391
0.66;-0.66;0.0104168
0.66;-0.65;0.011634
0.66;-0.64;0.0128496
0.66;-0.63;0.014059
0.66;-0.62;0.015289
0.66;-0.61;0.0165131
0.66;-0.6;0.0177586
0.66;-0.59;0.0189987
0.66;-0.58;0.0202428
0.66;-0.57;0.0214865
0.66;-0.56;0.0227237
0.66;-0.55;0.0239641
0.66;-0.54;0.0251967
0.66;-0.53;0.0264343
0.66;-0.52;0.0276639
0.66;-0.51;0.0288776
0.66;-0.5;0.0300923
0.66;-0.49;0.0312865
0.66;-0.48;0.0324766
0.66;-0.47;0.033637
0.66;-0.46;0.0347972
0.66;-0.45;0.0359356
0.66;-0.44;0.0370603
0.66;-0.43;0.0381757
0.66;-0.42;0.0392396
0.66;-0.41;0.0403138
0.66;-0.4;0.0413379
0.66;-0.39;0.0423637
0.66;-0.38;0.0433412
0.66;-0.37;0.0443101
0.66;-0.36;0.045233
0.66;-0.35;0.0461362
0.66;-0.34;0.0470012
0.66;-0.33;0.0478507
0.66;-0.32;0.0486559
0.66;-0.31;0.0494437
0.66;-0.3;0.0501743
0.66;-0.29;0.0509073
0.66;-0.28;0.0515705
0.66;-0.27;0.0522211
0.66;-0.26;0.0528301
0.66;-0.25;0.0534072
0.66;-0.24;0.0539628
0.66;-0.23;0.0544661
0.66;-0.22;0.0549575
0.66;-0.21;0.0554067
0.66;-0.2;0.0558166
0.66;-0.19;0.056216
0.66;-0.18;0.0565716
0.66;-0.17;0.0569195
0.66;-0.16;0.0572059
0.66;-0.15;0.0574972
0.66;-0.14;0.0577498
0.66;-0.13;0.0579582
0.66;-0.12;0.0581805
0.66;-0.11;0.0583725
0.66;-0.1;0.0585354
0.66;-0.09;0.0586798
0.66;-0.08;0.0587951
0.66;-0.07;0.0589003
0.66;-0.06;0.0589956
0.66;-0.05;0.0590805
0.66;-0.04;0.0591483
0.66;-0.03;0.0591998
0.66;-0.02;0.0592308
0.66;-0.01;0.0592583
0.66;0;0.059262
0.66;0.01;0.0592582
0.66;0.02;0.0592305
0.66;0.03;0.0591962
0.66;0.04;0.0591472
0.66;0.05;0.059078
0.66;0.06;0.0589951
0.66;0.07;0.0589001
0.66;0.08;0.0588179
0.66;0.09;0.0586815
0.66;0.1;0.0585408
0.66;0.11;0.0583655
0.66;0.12;0.058174
0.66;0.13;0.0579666
0.66;0.14;0.0577426
0.66;0.15;0.0575012
0.66;0.16;0.0572094
0.66;0.17;0.0569022
0.66;0.18;0.0565803
0.66;0.19;0.0562148
0.66;0.2;0.0558164
0.66;0.21;0.0554086
0.66;0.22;0.0549566
0.66;0.23;0.0544698
0.66;0.24;0.0539658
0.66;0.25;0.0534049
0.66;0.26;0.0528287
0.66;0.27;0.0522206
0.66;0.28;0.0515687
0.66;0.29;0.0508998
0.66;0.3;0.0501752
0.66;0.31;0.0494395
0.66;0.32;0.0486511
0.66;0.33;0.0478533
0.66;0.34;0.0470036
0.66;0.35;0.0461345
0.66;0.36;0.0452275
0.66;0.37;0.044306
0.66;0.38;0.0433378
0.66;0.39;0.0423627
0.66;0.4;0.0413437
0.66;0.41;0.0403174
0.66;0.42;0.0392463
0.66;0.43;0.0381686
0.66;0.44;0.0370616
0.66;0.45;0.0359423
0.66;0.46;0.0348039
0.66;0.47;0.0336447
0.66;0.48;0.0324719
0.66;0.49;0.0312757
0.66;0.5;0.030088
0.66;0.51;0.0288681
0.66;0.52;0.0276624
0.66;0.53;0.0264339
0.66;0.54;0.0252029
0.66;0.55;0.0239681
0.66;0.56;0.0227258
0.66;0.57;0.0214844
0.66;0.58;0.0202358
0.66;0.59;0.0190005
0.66;0.6;0.0177602
0.66;0.61;0.0165255
0.66;0.62;0.0152923
0.66;0.63;0.0140592
0.66;0.64;0.0128378
0.66;0.65;0.0116312
0.66;0.66;0.0104343
0.66;0.67;0.00923972
0.66;0.68;0.00805869
0.66;0.69;0.00688668
0.66;0.7;0.00572446
0.66;0.71;0.00456229
0.66;0.72;0.00344235
0.66;0.73;0.00232703
0.66;0.74;0.00122022
0.66;0.75;0.00013186
0.66;0.76;1.7642e-33
0.66;0.77;1.73993e-33
0.66;0.78;-7.11944e-20
0.66;0.79;1.69442e-33
0.66;0.8;4.62429e-20
0.66;0.81;1.65301e-33
0.66;0.82;1.63447e-33
0.66;0.83;1.6146e-33
0.66;0.84;1.59627e-33
0.66;0.85;8.79946e-20
0.66;0.86;1.56005e-33
0.66;0.87;1.5454e-33
0.66;0.88;1.52772e-33
0.66;0.89;1.51378e-33
0.66;0.9;1.49578e-33
0.66;0.91;1.48254e-33
0.66;0.92;1.44643e-33
0.66;0.93;1.44643e-33
0.66;0.94;1.43805e-33
0.66;0.95;1.42307e-33
0.66;0.96;1.41351e-33
0.66;0.97;1.39864e-33
0.66;0.98;1.38378e-33
0.66;0.99;1.37539e-33
0.67;-1;1.38076e-33
0.67;-0.99;1.34857e-33
0.67;-0.98;1.38076e-33
0.67;-0.97;1.41401e-33
0.67;-0.96;1.42885e-33
0.67;-0.95;1.44369e-33
0.67;-0.94;1.45475e-33
0.67;-0.93;1.47224e-33
0.67;-0.92;1.48328e-33
0.67;-0.91;1.50256e-33
0.67;-0.9;1.52059e-33
0.67;-0.89;1.53326e-33
0.67;-0.88;1.55015e-33
0.67;-0.87;1.56448e-33
0.67;-0.86;1.58389e-33
0.67;-0.85;1.60011e-33
0.67;-0.84;1.62031e-33
0.67;-0.83;1.63782e-33
0.67;-0.82;1.65967e-33
0.67;-0.81;1.68064e-33
0.67;-0.8;1.70055e-33
0.67;-0.79;1.72175e-33
0.67;-0.78;1.74281e-33
0.67;-0.77;1.76545e-33
0.67;-0.76;1.78786e-33
0.67;-0.75;1.81093e-33
0.67;-0.74;0.000251103
0.67;-0.73;0.0013608
0.67;-0.72;0.00248409
0.67;-0.71;0.00361917
0.67;-0.7;0.00476355
0.67;-0.69;0.00593354
0.67;-0.68;0.00711224
0.67;-0.67;0.00831011
0.67;-0.66;0.0095083
0.67;-0.65;0.0107245
0.67;-0.64;0.0119446
0.67;-0.63;0.0131748
0.67;-0.62;0.0144174
0.67;-0.61;0.0156646
0.67;-0.6;0.0169126
0.67;-0.59;0.0181769
0.67;-0.58;0.0194322
0.67;-0.57;0.0206921
0.67;-0.56;0.0219538
0.67;-0.55;0.0232175
0.67;-0.54;0.0244763
0.67;-0.53;0.0257194
0.67;-0.52;0.0269825
0.67;-0.51;0.0282208
0.67;-0.5;0.0294632
0.67;-0.49;0.0306939
0.67;-0.48;0.0318978
0.67;-0.47;0.0331135
0.67;-0.46;0.0342983
0.67;-0.45;0.0354856
0.67;-0.44;0.0366323
0.67;-0.43;0.0377796
0.67;-0.42;0.0388988
0.67;-0.41;0.0400003
0.67;-0.4;0.0410748
0.67;-0.39;0.0421332
0.67;-0.38;0.043165
0.67;-0.37;0.0441719
0.67;-0.36;0.0451495
0.67;-0.35;0.0461014
0.67;-0.34;0.0470224
0.67;-0.33;0.0479191
0.67;-0.32;0.0487758
0.67;-0.31;0.049614
0.67;-0.3;0.0504064
0.67;-0.29;0.0511882
0.67;-0.28;0.0519082
0.67;-0.27;0.0526146
0.67;-0.26;0.0532869
0.67;-0.25;0.0539158
0.67;-0.24;0.0545265
0.67;-0.23;0.0550927
0.67;-0.22;0.0556329
0.67;-0.21;0.056139
0.67;-0.2;0.0566092
0.67;-0.19;0.0570609
0.67;-0.18;0.0574904
0.67;-0.17;0.0578569
0.67;-0.16;0.0582088
0.67;-0.15;0.0585456
0.67;-0.14;0.0588512
0.67;-0.13;0.0591207
0.67;-0.12;0.0593599
0.67;-0.11;0.0595883
0.67;-0.1;0.0598088
0.67;-0.09;0.0599861
0.67;-0.08;0.0601373
0.67;-0.07;0.0602698
0.67;-0.06;0.0603864
0.67;-0.05;0.0604835
0.67;-0.04;0.0605667
0.67;-0.03;0.0606305
0.67;-0.02;0.0606735
0.67;-0.01;0.0606984
0.67;0;0.0607111
0.67;0.01;0.0607017
0.67;0.02;0.0606747
0.67;0.03;0.0606297
0.67;0.04;0.0605728
0.67;0.05;0.060484
0.67;0.06;0.0603903
0.67;0.07;0.0602706
0.67;0.08;0.0601449
0.67;0.09;0.0599856
0.67;0.1;0.059792
0.67;0.11;0.0595929
0.67;0.12;0.0593637
0.67;0.13;0.059116
0.67;0.14;0.0588578
0.67;0.15;0.0585502
0.67;0.16;0.0582185
0.67;0.17;0.0578612
0.67;0.18;0.0574865
0.67;0.19;0.0570624
0.67;0.2;0.0566147
0.67;0.21;0.056155
0.67;0.22;0.0556352
0.67;0.23;0.0550937
0.67;0.24;0.0545407
0.67;0.25;0.0539223
0.67;0.26;0.0532858
0.67;0.27;0.0526174
0.67;0.28;0.0519054
0.67;0.29;0.0511883
0.67;0.3;0.0504083
0.67;0.31;0.0496154
0.67;0.32;0.0487745
0.67;0.33;0.047918
0.67;0.34;0.0470229
0.67;0.35;0.0461026
0.67;0.36;0.0451493
0.67;0.37;0.044172
0.67;0.38;0.0431673
0.67;0.39;0.0421417
0.67;0.4;0.0410759
0.67;0.41;0.0400023
0.67;0.42;0.0389037
0.67;0.43;0.037783
0.67;0.44;0.0366335
0.67;0.45;0.0354848
0.67;0.46;0.0342972
0.67;0.47;0.0331115
0.67;0.48;0.0319006
0.67;0.49;0.0306905
0.67;0.5;0.0294629
0.67;0.51;0.0282241
0.67;0.52;0.0269857
0.67;0.53;0.0257299
0.67;0.54;0.0244763
0.67;0.55;0.023218
0.67;0.56;0.0219569
0.67;0.57;0.0206915
0.67;0.58;0.0194209
0.67;0.59;0.0181708
0.67;0.6;0.0169109
0.67;0.61;0.0156577
0.67;0.62;0.0144177
0.67;0.63;0.0131762
0.67;0.64;0.0119452
0.67;0.65;0.0107218
0.67;0.66;0.00950429
0.67;0.67;0.00829603
0.67;0.68;0.00711603
0.67;0.69;0.00593889
0.67;0.7;0.0047627
0.67;0.71;0.00361788
0.67;0.72;0.00248489
0.67;0.73;0.00136069
0.67;0.74;0.000251108
0.67;0.75;1.81098e-33
0.67;0.76;1.78926e-33
0.67;0.77;1.76817e-33
0.67;0.78;1.7439e-33
0.67;0.79;-1.77986e-20
0.67;0.8;1.69878e-33
0.67;0.81;1.67761e-33
0.67;0.82;-9.24858e-20
0.67;0.83;1.6369e-33
0.67;0.84;1.61969e-33
0.67;0.85;1.59982e-33
0.67;0.86;-8.79946e-20
0.67;0.87;1.56546e-33
0.67;0.88;1.55111e-33
0.67;0.89;1.53344e-33
0.67;0.9;1.52023e-33
0.67;0.91;1.50223e-33
0.67;0.92;1.48424e-33
0.67;0.93;1.44643e-33
0.67;0.94;1.44643e-33
0.67;0.95;1.44453e-33
0.67;0.96;1.42954e-33
0.67;0.97;1.3803e-33
0.67;0.98;1.40565e-33
0.67;0.99;1.39079e-33
0.68;-1;1.34857e-33
0.68;-0.99;1.38076e-33
0.68;-0.98;1.42043e-33
0.68;-0.97;1.43526e-33
0.68;-0.96;1.41299e-33
0.68;-0.95;1.46165e-33
0.68;-0.94;1.47914e-33
0.68;-0.93;1.48328e-33
0.68;-0.92;1.50902e-33
0.68;-0.91;1.52182e-33
0.68;-0.9;1.53871e-33
0.68;-0.89;1.55561e-33
0.68;-0.88;1.5701e-33
0.68;-0.87;1.58951e-33
0.68;-0.86;1.60529e-33
0.68;-0.85;1.62548e-33
0.68;-0.84;1.64272e-33
0.68;-0.83;1.66457e-33
0.68;-0.82;1.68345e-33
0.68;-0.81;1.70465e-33
0.68;-0.8;1.72387e-33
0.68;-0.79;1.74651e-33
0.68;-0.78;-4.86817e-20
0.68;-0.77;1.79099e-33
0.68;-0.76;1.8134e-33
0.68;-0.75;1.83679e-33
0.68;-0.74;-5.24707e-20
0.68;-0.73;0.000355941
0.68;-0.72;0.00147938
0.68;-0.71;0.00261969
0.68;-0.7;0.00377626
0.68;-0.69;0.00494193
0.68;-0.68;0.00612722
0.68;-0.67;0.00732524
0.68;-0.66;0.00852541
0.68;-0.65;0.0097519
0.68;-0.64;0.0109894
0.68;-0.63;0.0122366
0.68;-0.62;0.0134839
0.68;-0.61;0.0147421
0.68;-0.6;0.0160115
0.68;-0.59;0.0172777
0.68;-0.58;0.0185557
0.68;-0.57;0.0198325
0.68;-0.56;0.021111
0.68;-0.55;0.0223879
0.68;-0.54;0.0236731
0.68;-0.53;0.0249475
0.68;-0.52;0.0262211
0.68;-0.51;0.0274946
0.68;-0.5;0.0287569
0.68;-0.49;0.030014
0.68;-0.48;0.0312538
0.68;-0.47;0.0324905
0.68;-0.46;0.0337043
0.68;-0.45;0.0349176
0.68;-0.44;0.0361115
0.68;-0.43;0.0372893
0.68;-0.42;0.0384507
0.68;-0.41;0.03959
0.68;-0.4;0.0407152
0.68;-0.39;0.0418058
0.68;-0.38;0.0428815
0.68;-0.37;0.0439234
0.68;-0.36;0.0449555
0.68;-0.35;0.045949
0.68;-0.34;0.046919
0.68;-0.33;0.0478608
0.68;-0.32;0.0487662
0.68;-0.31;0.0496562
0.68;-0.3;0.0504967
0.68;-0.29;0.05133
0.68;-0.28;0.0521021
0.68;-0.27;0.0528642
0.68;-0.26;0.0535886
0.68;-0.25;0.0542753
0.68;-0.24;0.0549361
0.68;-0.23;0.0555533
0.68;-0.22;0.0561445
0.68;-0.21;0.0566958
0.68;-0.2;0.0572283
0.68;-0.19;0.0577236
0.68;-0.18;0.0582009
0.68;-0.17;0.0586257
0.68;-0.16;0.0590226
0.68;-0.15;0.0594015
0.68;-0.14;0.0597657
0.68;-0.13;0.0600707
0.68;-0.12;0.0603525
0.68;-0.11;0.0606204
0.68;-0.1;0.0608588
0.68;-0.09;0.0610759
0.68;-0.08;0.0612655
0.68;-0.07;0.0614294
0.68;-0.06;0.061563
0.68;-0.05;0.0616731
0.68;-0.04;0.0617991
0.68;-0.03;0.0618384
0.68;-0.02;0.0618957
0.68;-0.01;0.0619346
0.68;0;0.0619429
0.68;0.01;0.0619336
0.68;0.02;0.0618967
0.68;0.03;0.061845
0.68;0.04;0.0617731
0.68;0.05;0.0616778
0.68;0.06;0.0615624
0.68;0.07;0.0614267
0.68;0.08;0.0612654
0.68;0.09;0.0610765
0.68;0.1;0.0608655
0.68;0.11;0.0606189
0.68;0.12;0.060353
0.68;0.13;0.0600702
0.68;0.14;0.0597613
0.68;0.15;0.0594117
0.68;0.16;0.0590326
0.68;0.17;0.0586312
0.68;0.18;0.0582057
0.68;0.19;0.0577281
0.68;0.2;0.0572319
0.68;0.21;0.0567211
0.68;0.22;0.0561484
0.68;0.23;0.0555538
0.68;0.24;0.0549418
0.68;0.25;0.0542728
0.68;0.26;0.0535874
0.68;0.27;0.0528678
0.68;0.28;0.0521072
0.68;0.29;0.0513313
0.68;0.3;0.0505019
0.68;0.31;0.0496594
0.68;0.32;0.0487743
0.68;0.33;0.0478643
0.68;0.34;0.0469226
0.68;0.35;0.0459489
0.68;0.36;0.0449541
0.68;0.37;0.0439275
0.68;0.38;0.0428823
0.68;0.39;0.0418062
0.68;0.4;0.040713
0.68;0.41;0.0395859
0.68;0.42;0.0384558
0.68;0.43;0.0372933
0.68;0.44;0.0361157
0.68;0.45;0.0349222
0.68;0.46;0.0337159
0.68;0.47;0.0324943
0.68;0.48;0.0312549
0.68;0.49;0.0300172
0.68;0.5;0.028756
0.68;0.51;0.0274948
0.68;0.52;0.0262215
0.68;0.53;0.0249422
0.68;0.54;0.0236734
0.68;0.55;0.0223932
0.68;0.56;0.0211152
0.68;0.57;0.0198169
0.68;0.58;0.0185569
0.68;0.59;0.0172768
0.68;0.6;0.0159979
0.68;0.61;0.0147358
0.68;0.62;0.0134727
0.68;0.63;0.0122321
0.68;0.64;0.0109889
0.68;0.65;0.00975672
0.68;0.66;0.00852475
0.68;0.67;0.0073253
0.68;0.68;0.00612511
0.68;0.69;0.00493894
0.68;0.7;0.00377223
0.68;0.71;0.00261099
0.68;0.72;0.00147901
0.68;0.73;0.00035575
0.68;0.74;1.86059e-33
0.68;0.75;1.83679e-33
0.68;0.76;1.81345e-33
0.68;0.77;1.7922e-33
0.68;0.78;1.77028e-33
0.68;0.79;1.74786e-33
0.68;0.8;1.72359e-33
0.68;0.81;1.70314e-33
0.68;0.82;1.6806e-33
0.68;0.83;1.66233e-33
0.68;0.84;1.64156e-33
0.68;0.85;1.62478e-33
0.68;0.86;1.60492e-33
0.68;0.87;8.79946e-20
0.68;0.88;1.57086e-33
0.68;0.89;1.55682e-33
0.68;0.9;1.53915e-33
0.68;0.91;1.52148e-33
0.68;0.92;1.50868e-33
0.68;0.93;1.49069e-33
0.68;0.94;1.44643e-33
0.68;0.95;1.44643e-33
0.68;0.96;1.44643e-33
0.68;0.97;1.43602e-33
0.68;0.98;1.3803e-33
0.68;0.99;1.41266e-33
0.69;-1;1.41299e-33
0.69;-0.99;1.42684e-33
0.69;-0.98;1.44168e-33
0.69;-0.97;1.41299e-33
0.69;-0.96;1.46856e-33
0.69;-0.95;1.48328e-33
0.69;-0.94;1.48328e-33
0.69;-0.93;1.51548e-33
0.69;-0.92;1.52728e-33
0.69;-0.91;1.54417e-33
0.69;-0.9;1.5567e-33
0.69;-0.89;1.57571e-33
0.69;-0.88;1.59512e-33
0.69;-0.87;1.61046e-33
0.69;-0.86;1.63066e-33
0.69;-0.85;1.64762e-33
0.69;-0.84;1.66947e-33
0.69;-0.83;1.68755e-33
0.69;-0.82;1.70875e-33
0.69;-0.81;1.72757e-33
0.69;-0.8;1.75021e-33
0.69;-0.79;4.86817e-20
0.69;-0.78;1.79412e-33
0.69;-0.77;1.81588e-33
0.69;-0.76;1.83927e-33
0.69;-0.75;1.86286e-33
0.69;-0.74;1.88971e-33
0.69;-0.73;1.91622e-33
0.69;-0.72;0.000428696
0.69;-0.71;0.00157198
0.69;-0.7;0.00273081
0.69;-0.69;0.00390254
0.69;-0.68;0.00508844
0.69;-0.67;0.00629501
0.69;-0.66;0.00750996
0.69;-0.65;0.00873236
0.69;-0.64;0.0099799
0.69;-0.63;0.0112254
0.69;-0.62;0.0124905
0.69;-0.61;0.0137622
0.69;-0.6;0.0150388
0.69;-0.59;0.0163134
0.69;-0.58;0.0176074
0.69;-0.57;0.0189025
0.69;-0.56;0.0201982
0.69;-0.55;0.0215014
0.69;-0.54;0.0227943
0.69;-0.53;0.0241016
0.69;-0.52;0.0253927
0.69;-0.51;0.0266846
0.69;-0.5;0.0279664
0.69;-0.49;0.0292445
0.69;-0.48;0.030519
0.69;-0.47;0.0317841
0.69;-0.46;0.0330378
0.69;-0.45;0.0342734
0.69;-0.44;0.0355054
0.69;-0.43;0.0367067
0.69;-0.42;0.037904
0.69;-0.41;0.0390685
0.69;-0.4;0.0402409
0.69;-0.39;0.0413611
0.69;-0.38;0.042487
0.69;-0.37;0.0435679
0.69;-0.36;0.0446468
0.69;-0.35;0.0456786
0.69;-0.34;0.0466889
0.69;-0.33;0.0476685
0.69;-0.32;0.0486278
0.69;-0.31;0.0495554
0.69;-0.3;0.0504563
0.69;-0.29;0.0513401
0.69;-0.28;0.0521554
0.69;-0.27;0.0529654
0.69;-0.26;0.0537404
0.69;-0.25;0.0544717
0.69;-0.24;0.0551898
0.69;-0.23;0.0558565
0.69;-0.22;0.0564911
0.69;-0.21;0.0571139
0.69;-0.2;0.0576764
0.69;-0.19;0.0582134
0.69;-0.18;0.0587317
0.69;-0.17;0.0592158
0.69;-0.16;0.0596546
0.69;-0.15;0.0600692
0.69;-0.14;0.0604659
0.69;-0.13;0.0608275
0.69;-0.12;0.0611433
0.69;-0.11;0.0614353
0.69;-0.1;0.0617083
0.69;-0.09;0.0619538
0.69;-0.08;0.0621798
0.69;-0.07;0.0623655
0.69;-0.06;0.0625152
0.69;-0.05;0.0626503
0.69;-0.04;0.0627572
0.69;-0.03;0.0628413
0.69;-0.02;0.0629076
0.69;-0.01;0.0629431
0.69;0;0.0629515
0.69;0.01;0.0629428
0.69;0.02;0.0629035
0.69;0.03;0.0628446
0.69;0.04;0.0627592
0.69;0.05;0.0626543
0.69;0.06;0.0625226
0.69;0.07;0.0623639
0.69;0.08;0.062173
0.69;0.09;0.0619528
0.69;0.1;0.061706
0.69;0.11;0.0614378
0.69;0.12;0.061148
0.69;0.13;0.0608335
0.69;0.14;0.0604614
0.69;0.15;0.0600777
0.69;0.16;0.0596527
0.69;0.17;0.0592097
0.69;0.18;0.0587379
0.69;0.19;0.0582184
0.69;0.2;0.0576763
0.69;0.21;0.0571144
0.69;0.22;0.0564901
0.69;0.23;0.0558488
0.69;0.24;0.0551936
0.69;0.25;0.0544732
0.69;0.26;0.0537396
0.69;0.27;0.0529675
0.69;0.28;0.0521573
0.69;0.29;0.0513367
0.69;0.3;0.0504527
0.69;0.31;0.0495597
0.69;0.32;0.0486363
0.69;0.33;0.0476772
0.69;0.34;0.04669
0.69;0.35;0.0456715
0.69;0.36;0.0446423
0.69;0.37;0.0435642
0.69;0.38;0.0424893
0.69;0.39;0.0413637
0.69;0.4;0.0402378
0.69;0.41;0.0390687
0.69;0.42;0.0379026
0.69;0.43;0.0366981
0.69;0.44;0.0355004
0.69;0.45;0.0342706
0.69;0.46;0.0330352
0.69;0.47;0.0317814
0.69;0.48;0.0305163
0.69;0.49;0.0292465
0.69;0.5;0.0279645
0.69;0.51;0.0266795
0.69;0.52;0.0253785
0.69;0.53;0.0240949
0.69;0.54;0.0227863
0.69;0.55;0.0214955
0.69;0.56;0.0201888
0.69;0.57;0.0189033
0.69;0.58;0.0176127
0.69;0.59;0.0163237
0.69;0.6;0.015043
0.69;0.61;0.0137475
0.69;0.62;0.0124931
0.69;0.63;0.0112291
0.69;0.64;0.00997227
0.69;0.65;0.00873636
0.69;0.66;0.00751029
0.69;0.67;0.0062951
0.69;0.68;0.0050876
0.69;0.69;0.00390256
0.69;0.7;0.00272667
0.69;0.71;0.00157343
0.69;0.72;0.000428873
0.69;0.73;1.91577e-33
0.69;0.74;1.88897e-33
0.69;0.75;1.86265e-33
0.69;0.76;1.83926e-33
0.69;0.77;1.81592e-33
0.69;0.78;1.79514e-33
0.69;0.79;1.77323e-33
0.69;0.8;1.75183e-33
0.69;0.81;1.72756e-33
0.69;0.82;1.70751e-33
0.69;0.83;1.68496e-33
0.69;0.84;9.24858e-20
0.69;0.85;1.64622e-33
0.69;0.86;1.62988e-33
0.69;0.87;1.61001e-33
0.69;0.88;6.59959e-20
0.69;0.89;1.57626e-33
0.69;0.9;1.55797e-33
0.69;0.91;1.54486e-33
0.69;0.92;1.52719e-33
0.69;0.93;1.51513e-33
0.69;0.94;1.49713e-33
0.69;0.95;1.48299e-33
0.69;0.96;1.44643e-33
0.69;0.97;1.45176e-33
0.69;0.98;1.4425e-33
0.69;0.99;1.3803e-33
0.7;-1;1.43326e-33
0.7;-0.99;1.41299e-33
0.7;-0.98;1.41299e-33
0.7;-0.97;1.47546e-33
0.7;-0.96;1.48589e-33
0.7;-0.95;1.48328e-33
0.7;-0.94;1.52149e-33
0.7;-0.93;1.53274e-33
0.7;-0.92;1.54963e-33
0.7;-0.91;1.5567e-33
0.7;-0.9;1.58132e-33
0.7;-0.89;1.5965e-33
0.7;-0.88;1.61564e-33
0.7;-0.87;1.63583e-33
0.7;-0.86;1.65253e-33
0.7;-0.85;1.67437e-33
0.7;-0.84;1.69165e-33
0.7;-0.83;1.71286e-33
0.7;-0.82;1.73127e-33
0.7;-0.81;1.75391e-33
0.7;-0.8;-4.86817e-20
0.7;-0.79;1.79725e-33
0.7;-0.78;1.81836e-33
0.7;-0.77;1.84175e-33
0.7;-0.76;1.86497e-33
0.7;-0.75;1.89182e-33
0.7;-0.74;1.91761e-33
0.7;-0.73;1.94456e-33
0.7;-0.72;1.9728e-33
0.7;-0.71;0.000473695
0.7;-0.7;0.00162603
0.7;-0.69;0.00280559
0.7;-0.68;0.00399867
0.7;-0.67;0.00519869
0.7;-0.66;0.00642762
0.7;-0.65;0.00766453
0.7;-0.64;0.00890565
0.7;-0.63;0.0101621
0.7;-0.62;0.0114427
0.7;-0.61;0.0127157
0.7;-0.6;0.013987
0.7;-0.59;0.0153027
0.7;-0.58;0.0165973
0.7;-0.57;0.0179072
0.7;-0.56;0.0192052
0.7;-0.55;0.0205273
0.7;-0.54;0.0218418
0.7;-0.53;0.0231563
0.7;-0.52;0.0244768
0.7;-0.51;0.0257867
0.7;-0.5;0.0270998
0.7;-0.49;0.0284018
0.7;-0.48;0.0297037
0.7;-0.47;0.0309809
0.7;-0.46;0.0322707
0.7;-0.45;0.0335344
0.7;-0.44;0.0347905
0.7;-0.43;0.0360204
0.7;-0.42;0.0372554
0.7;-0.41;0.0384565
0.7;-0.4;0.0396521
0.7;-0.39;0.040814
0.7;-0.38;0.0419782
0.7;-0.37;0.0430974
0.7;-0.36;0.0442151
0.7;-0.35;0.0452774
0.7;-0.34;0.0463351
0.7;-0.33;0.0473577
0.7;-0.32;0.048359
0.7;-0.31;0.0493315
0.7;-0.3;0.0502687
0.7;-0.29;0.0511945
0.7;-0.28;0.0520597
0.7;-0.27;0.0529145
0.7;-0.26;0.0537305
0.7;-0.25;0.0545133
0.7;-0.24;0.0552799
0.7;-0.23;0.0559888
0.7;-0.22;0.0566721
0.7;-0.21;0.0573388
0.7;-0.2;0.0579485
0.7;-0.19;0.0585289
0.7;-0.18;0.0590884
0.7;-0.17;0.0596243
0.7;-0.16;0.0600959
0.7;-0.15;0.0605434
0.7;-0.14;0.0609771
0.7;-0.13;0.0613855
0.7;-0.12;0.0617306
0.7;-0.11;0.0620523
0.7;-0.1;0.062351
0.7;-0.09;0.0626267
0.7;-0.08;0.0628649
0.7;-0.07;0.0630852
0.7;-0.06;0.0632749
0.7;-0.05;0.0634152
0.7;-0.04;0.0635396
0.7;-0.03;0.0636413
0.7;-0.02;0.0637008
0.7;-0.01;0.0637394
0.7;0;0.0637541
0.7;0.01;0.0637425
0.7;0.02;0.0637077
0.7;0.03;0.0636292
0.7;0.04;0.0635334
0.7;0.05;0.0634161
0.7;0.06;0.0632698
0.7;0.07;0.063087
0.7;0.08;0.0628647
0.7;0.09;0.0626244
0.7;0.1;0.0623586
0.7;0.11;0.0620568
0.7;0.12;0.0617332
0.7;0.13;0.0613781
0.7;0.14;0.0609776
0.7;0.15;0.060548
0.7;0.16;0.0600942
0.7;0.17;0.0596023
0.7;0.18;0.0590897
0.7;0.19;0.0585282
0.7;0.2;0.0579485
0.7;0.21;0.0573381
0.7;0.22;0.0566699
0.7;0.23;0.0559909
0.7;0.24;0.0552722
0.7;0.25;0.0545123
0.7;0.26;0.0537377
0.7;0.27;0.0529187
0.7;0.28;0.0520644
0.7;0.29;0.0511965
0.7;0.3;0.0502742
0.7;0.31;0.0493331
0.7;0.32;0.0483602
0.7;0.33;0.0473605
0.7;0.34;0.0463396
0.7;0.35;0.0452748
0.7;0.36;0.0442088
0.7;0.37;0.0430892
0.7;0.38;0.0419707
0.7;0.39;0.0408105
0.7;0.4;0.0396507
0.7;0.41;0.0384545
0.7;0.42;0.0372548
0.7;0.43;0.036019
0.7;0.44;0.034783
0.7;0.45;0.0335185
0.7;0.46;0.0322667
0.7;0.47;0.0309788
0.7;0.48;0.0297044
0.7;0.49;0.0283876
0.7;0.5;0.0270985
0.7;0.51;0.0257892
0.7;0.52;0.0244789
0.7;0.53;0.0231546
0.7;0.54;0.0218415
0.7;0.55;0.0205286
0.7;0.56;0.0192188
0.7;0.57;0.0179104
0.7;0.58;0.0165979
0.7;0.59;0.0153017
0.7;0.6;0.0139907
0.7;0.61;0.012721
0.7;0.62;0.0114436
0.7;0.63;0.010174
0.7;0.64;0.00891451
0.7;0.65;0.00766728
0.7;0.66;0.00642863
0.7;0.67;0.00519889
0.7;0.68;0.00400287
0.7;0.69;0.00280986
0.7;0.7;0.00162751
0.7;0.71;0.000474253
0.7;0.72;1.97435e-33
0.7;0.73;1.94536e-33
0.7;0.74;1.91722e-33
0.7;0.75;1.89104e-33
0.7;0.76;1.86472e-33
0.7;0.77;1.84174e-33
0.7;0.78;1.81839e-33
0.7;0.79;1.79809e-33
0.7;0.8;1.77617e-33
0.7;0.81;1.75579e-33
0.7;0.82;1.73153e-33
0.7;0.83;9.49258e-20
0.7;0.84;1.68932e-33
0.7;0.85;-4.62429e-20
0.7;0.86;1.65088e-33
0.7;0.87;1.63497e-33
0.7;0.88;1.6151e-33
0.7;0.89;1.59627e-33
0.7;0.9;-8.79946e-20
0.7;0.91;1.56298e-33
0.7;0.92;1.55057e-33
0.7;0.93;1.5329e-33
0.7;0.94;1.52113e-33
0.7;0.95;1.50358e-33
0.7;0.96;1.48559e-33
0.7;0.97;1.44643e-33
0.7;0.98;1.45845e-33
0.7;0.99;1.44643e-33
0.71;-1;1.41299e-33
0.71;-0.99;1.41299e-33
0.71;-0.98;1.48236e-33
0.71;-0.97;1.49235e-33
0.71;-0.96;1.48328e-33
0.71;-0.95;1.52149e-33
0.71;-0.94;1.5382e-33
0.71;-0.93;1.55509e-33
0.71;-0.92;1.5567e-33
0.71;-0.91;1.58694e-33
0.71;-0.9;1.60062e-33
0.71;-0.89;1.62081e-33
0.71;-0.88;1.63724e-33
0.71;-0.87;1.65743e-33
0.71;-0.86;1.67927e-33
0.71;-0.85;1.69576e-33
0.71;-0.84;1.71696e-33
0.71;-0.83;1.73497e-33
0.71;-0.82;1.75761e-33
0.71;-0.81;9.73634e-20
0.71;-0.8;1.80039e-33
0.71;-0.79;1.82084e-33
0.71;-0.78;1.84423e-33
0.71;-0.77;1.86707e-33
0.71;-0.76;1.89392e-33
0.71;-0.75;1.919e-33
0.71;-0.74;1.94595e-33
0.71;-0.73;1.97355e-33
0.71;-0.72;2.00303e-33
0.71;-0.71;2.03051e-33
0.71;-0.7;0.000485497
0.71;-0.69;0.00165747
0.71;-0.68;0.00285038
0.71;-0.67;0.00406576
0.71;-0.66;0.00529777
0.71;-0.65;0.00653293
0.71;-0.64;0.00778692
0.71;-0.63;0.00904275
0.71;-0.62;0.0103142
0.71;-0.61;0.0115973
0.71;-0.6;0.0129016
0.71;-0.59;0.0142019
0.71;-0.58;0.0155193
0.71;-0.57;0.0168325
0.71;-0.56;0.0181647
0.71;-0.55;0.0194762
0.71;-0.54;0.0208213
0.71;-0.53;0.0221555
0.71;-0.52;0.0234908
0.71;-0.51;0.0248197
0.71;-0.5;0.0261516
0.71;-0.49;0.0274671
0.71;-0.48;0.0287878
0.71;-0.47;0.0301017
0.71;-0.46;0.031399
0.71;-0.45;0.0326913
0.71;-0.44;0.0339772
0.71;-0.43;0.0352414
0.71;-0.42;0.0364962
0.71;-0.41;0.0377348
0.71;-0.4;0.0389621
0.71;-0.39;0.0401643
0.71;-0.38;0.0413454
0.71;-0.37;0.0425054
0.71;-0.36;0.0436484
0.71;-0.35;0.0447564
0.71;-0.34;0.0458622
0.71;-0.33;0.0469141
0.71;-0.32;0.0479609
0.71;-0.31;0.0489714
0.71;-0.3;0.0499491
0.71;-0.29;0.0509149
0.71;-0.28;0.0518242
0.71;-0.27;0.0527172
0.71;-0.26;0.0535837
0.71;-0.25;0.0544034
0.71;-0.24;0.0552081
0.71;-0.23;0.0559655
0.71;-0.22;0.0566922
0.71;-0.21;0.0573951
0.71;-0.2;0.0580482
0.71;-0.19;0.0586713
0.71;-0.18;0.0592694
0.71;-0.17;0.0598372
0.71;-0.16;0.060353
0.71;-0.15;0.0608349
0.71;-0.14;0.0613064
0.71;-0.13;0.0617276
0.71;-0.12;0.062125
0.71;-0.11;0.0624754
0.71;-0.1;0.0628142
0.71;-0.09;0.0630932
0.71;-0.08;0.0633575
0.71;-0.07;0.0635882
0.71;-0.06;0.063798
0.71;-0.05;0.0639695
0.71;-0.04;0.0641056
0.71;-0.03;0.0642125
0.71;-0.02;0.0642788
0.71;-0.01;0.0643319
0.71;0;0.0643458
0.71;0.01;0.0643258
0.71;0.02;0.0642829
0.71;0.03;0.0642077
0.71;0.04;0.0641021
0.71;0.05;0.0639698
0.71;0.06;0.0637968
0.71;0.07;0.0635997
0.71;0.08;0.0633625
0.71;0.09;0.0630954
0.71;0.1;0.0627962
0.71;0.11;0.0624783
0.71;0.12;0.0621275
0.71;0.13;0.0617357
0.71;0.14;0.061302
0.71;0.15;0.0608496
0.71;0.16;0.0603595
0.71;0.17;0.0598372
0.71;0.18;0.0592674
0.71;0.19;0.0586701
0.71;0.2;0.0580478
0.71;0.21;0.0573907
0.71;0.22;0.056684
0.71;0.23;0.0559656
0.71;0.24;0.0552087
0.71;0.25;0.0543963
0.71;0.26;0.0535818
0.71;0.27;0.0527252
0.71;0.28;0.051824
0.71;0.29;0.05092
0.71;0.3;0.0499533
0.71;0.31;0.0489721
0.71;0.32;0.0479686
0.71;0.33;0.0469184
0.71;0.34;0.0458633
0.71;0.35;0.0447586
0.71;0.36;0.0436507
0.71;0.37;0.0425054
0.71;0.38;0.0413458
0.71;0.39;0.0401682
0.71;0.4;0.0389594
0.71;0.41;0.0377377
0.71;0.42;0.0364949
0.71;0.43;0.0352492
0.71;0.44;0.0339751
0.71;0.45;0.0326952
0.71;0.46;0.0313987
0.71;0.47;0.0301002
0.71;0.48;0.0287816
0.71;0.49;0.0274709
0.71;0.5;0.0261523
0.71;0.51;0.0248215
0.71;0.52;0.0234914
0.71;0.53;0.0221559
0.71;0.54;0.0208244
0.71;0.55;0.0194963
0.71;0.56;0.0181687
0.71;0.57;0.0168343
0.71;0.58;0.0155187
0.71;0.59;0.0141996
0.71;0.6;0.0128987
0.71;0.61;0.0116001
0.71;0.62;0.0103217
0.71;0.63;0.00905146
0.71;0.64;0.00779068
0.71;0.65;0.00653308
0.71;0.66;0.00527658
0.71;0.67;0.00406407
0.71;0.68;0.00285022
0.71;0.69;0.0016569
0.71;0.7;0.00048561
0.71;0.71;2.03201e-33
0.71;0.72;-9.68769e-20
0.71;0.73;1.97511e-33
0.71;0.74;1.94681e-33
0.71;0.75;1.91867e-33
0.71;0.76;1.8931e-33
0.71;0.77;1.86678e-33
0.71;0.78;1.84421e-33
0.71;0.79;1.82087e-33
0.71;0.8;1.80103e-33
0.71;0.81;1.77911e-33
0.71;0.82;1.75976e-33
0.71;0.83;1.73549e-33
0.71;0.84;-2.37315e-20
0.71;0.85;1.69368e-33
0.71;0.86;1.15607e-20
0.71;0.87;1.65554e-33
0.71;0.88;1.63635e-33
0.71;0.89;1.62019e-33
0.71;0.9;1.60032e-33
0.71;0.91;-4.39973e-20
0.71;0.92;1.56839e-33
0.71;0.93;1.55628e-33
0.71;0.94;1.53861e-33
0.71;0.95;1.52113e-33
0.71;0.96;1.51003e-33
0.71;0.97;1.49204e-33
0.71;0.98;1.44643e-33
0.71;0.99;1.46514e-33
0.72;-1;1.41299e-33
0.72;-0.99;1.48328e-33
0.72;-0.98;1.49881e-33
0.72;-0.97;1.48328e-33
0.72;-0.96;1.52677e-33
0.72;-0.95;1.54366e-33
0.72;-0.94;1.5567e-33
0.72;-0.93;1.5567e-33
0.72;-0.92;1.59255e-33
0.72;-0.91;1.6058e-33
0.72;-0.9;1.62599e-33
0.72;-0.89;1.64048e-33
0.72;-0.88;1.66233e-33
0.72;-0.87;1.68064e-33
0.72;-0.86;1.69986e-33
0.72;-0.85;1.72106e-33
0.72;-0.84;1.73867e-33
0.72;-0.83;1.76131e-33
0.72;-0.82;1.78019e-33
0.72;-0.81;1.80352e-33
0.72;-0.8;1.82331e-33
0.72;-0.79;1.8467e-33
0.72;-0.78;1.86918e-33
0.72;-0.77;1.89603e-33
0.72;-0.76;1.92039e-33
0.72;-0.75;1.94734e-33
0.72;-0.74;1.9743e-33
0.72;-0.73;2.00378e-33
0.72;-0.72;2.03051e-33
0.72;-0.71;2.05802e-33
0.72;-0.7;2.08842e-33
0.72;-0.69;0.000463006
0.72;-0.68;0.0016548
0.72;-0.67;0.00286098
0.72;-0.66;0.00409448
0.72;-0.65;0.00532232
0.72;-0.64;0.00659448
0.72;-0.63;0.00786505
0.72;-0.62;0.00914716
0.72;-0.61;0.0104365
0.72;-0.6;0.0117364
0.72;-0.59;0.0130444
0.72;-0.58;0.0143774
0.72;-0.57;0.0157117
0.72;-0.56;0.017045
0.72;-0.55;0.0183808
0.72;-0.54;0.019722
0.72;-0.53;0.0210763
0.72;-0.52;0.0224147
0.72;-0.51;0.0237699
0.72;-0.5;0.0251061
0.72;-0.49;0.0264554
0.72;-0.48;0.0277873
0.72;-0.47;0.0291282
0.72;-0.46;0.030436
0.72;-0.45;0.0317686
0.72;-0.44;0.0330609
0.72;-0.43;0.0343697
0.72;-0.42;0.0356372
0.72;-0.41;0.036917
0.72;-0.4;0.0381647
0.72;-0.39;0.0393949
0.72;-0.38;0.0406034
0.72;-0.37;0.0418004
0.72;-0.36;0.0429784
0.72;-0.35;0.0441256
0.72;-0.34;0.0452579
0.72;-0.33;0.0463498
0.72;-0.32;0.0474377
0.72;-0.31;0.0484744
0.72;-0.3;0.049495
0.72;-0.29;0.0504944
0.72;-0.28;0.0514422
0.72;-0.27;0.0523829
0.72;-0.26;0.0532779
0.72;-0.25;0.0541369
0.72;-0.24;0.0549835
0.72;-0.23;0.0557795
0.72;-0.22;0.0565406
0.72;-0.21;0.0572817
0.72;-0.2;0.0579831
0.72;-0.19;0.0586463
0.72;-0.18;0.0592684
0.72;-0.17;0.0598737
0.72;-0.16;0.0604283
0.72;-0.15;0.060957
0.72;-0.14;0.0614396
0.72;-0.13;0.0619016
0.72;-0.12;0.0623213
0.72;-0.11;0.0627028
0.72;-0.1;0.0630434
0.72;-0.09;0.0633638
0.72;-0.08;0.0636503
0.72;-0.07;0.0638969
0.72;-0.06;0.0641259
0.72;-0.05;0.0643031
0.72;-0.04;0.0644575
0.72;-0.03;0.0645809
0.72;-0.02;0.0646633
0.72;-0.01;0.0647058
0.72;0;0.0647213
0.72;0.01;0.0647121
0.72;0.02;0.0646613
0.72;0.03;0.0645769
0.72;0.04;0.0644526
0.72;0.05;0.064305
0.72;0.06;0.0641241
0.72;0.07;0.0638987
0.72;0.08;0.0636535
0.72;0.09;0.0633619
0.72;0.1;0.0630559
0.72;0.11;0.0627091
0.72;0.12;0.0623278
0.72;0.13;0.0618917
0.72;0.14;0.0614334
0.72;0.15;0.0609469
0.72;0.16;0.0604255
0.72;0.17;0.0598734
0.72;0.18;0.0592674
0.72;0.19;0.0586334
0.72;0.2;0.0579821
0.72;0.21;0.0572802
0.72;0.22;0.0565366
0.72;0.23;0.0557752
0.72;0.24;0.0549842
0.72;0.25;0.054134
0.72;0.26;0.0532772
0.72;0.27;0.0523826
0.72;0.28;0.0514423
0.72;0.29;0.0504919
0.72;0.3;0.0494949
0.72;0.31;0.0484704
0.72;0.32;0.0474281
0.72;0.33;0.0463418
0.72;0.34;0.0452579
0.72;0.35;0.0441249
0.72;0.36;0.0429758
0.72;0.37;0.0418005
0.72;0.38;0.0406107
0.72;0.39;0.0393958
0.72;0.4;0.0381646
0.72;0.41;0.0369212
0.72;0.42;0.0356448
0.72;0.43;0.0343719
0.72;0.44;0.0330699
0.72;0.45;0.0317743
0.72;0.46;0.0304501
0.72;0.47;0.0291273
0.72;0.48;0.0277894
0.72;0.49;0.0264593
0.72;0.5;0.0251123
0.72;0.51;0.0237695
0.72;0.52;0.0224096
0.72;0.53;0.0210741
0.72;0.54;0.019721
0.72;0.55;0.0183776
0.72;0.56;0.0170325
0.72;0.57;0.0157007
0.72;0.58;0.0143756
0.72;0.59;0.0130574
0.72;0.6;0.011738
0.72;0.61;0.0104375
0.72;0.62;0.0091453
0.72;0.63;0.00785464
0.72;0.64;0.0065932
0.72;0.65;0.00532131
0.72;0.66;0.00409988
0.72;0.67;0.0028775
0.72;0.68;0.00165462
0.72;0.69;0.000462623
0.72;0.7;2.08765e-33
0.72;0.71;2.05868e-33
0.72;0.72;2.03201e-33
0.72;0.73;6.91978e-20
0.72;0.74;1.97588e-33
0.72;0.75;1.94826e-33
0.72;0.76;1.92012e-33
0.72;0.77;1.89517e-33
0.72;0.78;1.86884e-33
0.72;0.79;1.84668e-33
0.72;0.8;1.82334e-33
0.72;0.81;1.80397e-33
0.72;0.82;1.78206e-33
0.72;0.83;1.76373e-33
0.72;0.84;1.73946e-33
0.72;0.85;5.93286e-21
0.72;0.86;1.69804e-33
0.72;0.87;1.67761e-33
0.72;0.88;1.6602e-33
0.72;0.89;1.63943e-33
0.72;0.9;1.62528e-33
0.72;0.91;1.60541e-33
0.72;0.92;-4.39973e-20
0.72;0.93;1.57379e-33
0.72;0.94;1.55797e-33
0.72;0.95;1.54432e-33
0.72;0.96;1.52665e-33
0.72;0.97;1.51648e-33
0.72;0.98;1.49849e-33
0.72;0.99;1.48299e-33
0.73;-1;1.48724e-33
0.73;-0.99;1.50527e-33
0.73;-0.98;1.48328e-33
0.73;-0.97;1.53223e-33
0.73;-0.96;1.54912e-33
0.73;-0.95;1.5567e-33
0.73;-0.94;1.5567e-33
0.73;-0.93;1.5965e-33
0.73;-0.92;1.61097e-33
0.73;-0.91;1.63117e-33
0.73;-0.9;1.64538e-33
0.73;-0.89;1.66723e-33
0.73;-0.88;1.68276e-33
0.73;-0.87;1.70396e-33
0.73;-0.86;1.72213e-33
0.73;-0.85;1.74237e-33
0.73;-0.84;1.76501e-33
0.73;-0.83;1.78332e-33
0.73;-0.82;1.80665e-33
0.73;-0.81;1.82579e-33
0.73;-0.8;1.84918e-33
0.73;-0.79;1.04941e-19
0.73;-0.78;1.89813e-33
0.73;-0.77;1.92178e-33
0.73;-0.76;1.94873e-33
0.73;-0.75;1.97505e-33
0.73;-0.74;2.00453e-33
0.73;-0.73;2.03051e-33
0.73;-0.72;2.05726e-33
0.73;-0.71;2.08767e-33
0.73;-0.7;-1.16295e-19
0.73;-0.69;2.1473e-33
0.73;-0.68;0.000415055
0.73;-0.67;0.00162341
0.73;-0.66;0.00285163
0.73;-0.65;0.00409151
0.73;-0.64;0.00533794
0.73;-0.63;0.00662038
0.73;-0.62;0.00790232
0.73;-0.61;0.00920528
0.73;-0.6;0.010516
0.73;-0.59;0.0118383
0.73;-0.58;0.0131475
0.73;-0.57;0.0145023
0.73;-0.56;0.0158393
0.73;-0.55;0.0171925
0.73;-0.54;0.018548
0.73;-0.53;0.0199071
0.73;-0.52;0.0212611
0.73;-0.51;0.0226211
0.73;-0.5;0.0239856
0.73;-0.49;0.0253471
0.73;-0.48;0.026704
0.73;-0.47;0.028047
0.73;-0.46;0.0293977
0.73;-0.45;0.0307356
0.73;-0.44;0.032059
0.73;-0.43;0.0333855
0.73;-0.42;0.0346864
0.73;-0.41;0.0359854
0.73;-0.4;0.0372494
0.73;-0.39;0.0385209
0.73;-0.38;0.0397486
0.73;-0.37;0.0409924
0.73;-0.36;0.0421826
0.73;-0.35;0.0433647
0.73;-0.34;0.044525
0.73;-0.33;0.0456516
0.73;-0.32;0.046771
0.73;-0.31;0.0478444
0.73;-0.3;0.048902
0.73;-0.29;0.0499271
0.73;-0.28;0.0509201
0.73;-0.27;0.0518964
0.73;-0.26;0.0528261
0.73;-0.25;0.0537221
0.73;-0.24;0.054607
0.73;-0.23;0.055431
0.73;-0.22;0.056225
0.73;-0.21;0.0570072
0.73;-0.2;0.0577319
0.73;-0.19;0.0584359
0.73;-0.18;0.0590998
0.73;-0.17;0.0597243
0.73;-0.16;0.0603236
0.73;-0.15;0.0608692
0.73;-0.14;0.0613857
0.73;-0.13;0.0618727
0.73;-0.12;0.0623318
0.73;-0.11;0.0627349
0.73;-0.1;0.063103
0.73;-0.09;0.0634355
0.73;-0.08;0.0637393
0.73;-0.07;0.0640098
0.73;-0.06;0.0642425
0.73;-0.05;0.0644456
0.73;-0.04;0.0646115
0.73;-0.03;0.0647337
0.73;-0.02;0.0648232
0.73;-0.01;0.0648727
0.73;0;0.0648761
0.73;0.01;0.0648817
0.73;0.02;0.0648226
0.73;0.03;0.0647324
0.73;0.04;0.0646067
0.73;0.05;0.0644379
0.73;0.06;0.0642442
0.73;0.07;0.0640075
0.73;0.08;0.063744
0.73;0.09;0.0634418
0.73;0.1;0.0631129
0.73;0.11;0.0627417
0.73;0.12;0.0623311
0.73;0.13;0.0618729
0.73;0.14;0.0613866
0.73;0.15;0.0608688
0.73;0.16;0.0603167
0.73;0.17;0.0597256
0.73;0.18;0.0590875
0.73;0.19;0.0584386
0.73;0.2;0.0577448
0.73;0.21;0.0570072
0.73;0.22;0.0562285
0.73;0.23;0.0554417
0.73;0.24;0.0546019
0.73;0.25;0.053724
0.73;0.26;0.0528256
0.73;0.27;0.0518886
0.73;0.28;0.0509177
0.73;0.29;0.0499242
0.73;0.3;0.0489077
0.73;0.31;0.0478525
0.73;0.32;0.0467764
0.73;0.33;0.0456517
0.73;0.34;0.0445234
0.73;0.35;0.0433628
0.73;0.36;0.0421842
0.73;0.37;0.0409839
0.73;0.38;0.0397503
0.73;0.39;0.0385182
0.73;0.4;0.0372493
0.73;0.41;0.0359797
0.73;0.42;0.0346837
0.73;0.43;0.0333829
0.73;0.44;0.0320593
0.73;0.45;0.0307353
0.73;0.46;0.0293915
0.73;0.47;0.0280557
0.73;0.48;0.0267062
0.73;0.49;0.0253469
0.73;0.5;0.0239852
0.73;0.51;0.0226238
0.73;0.52;0.0212709
0.73;0.53;0.0199097
0.73;0.54;0.018547
0.73;0.55;0.0171926
0.73;0.56;0.0158391
0.73;0.57;0.0145011
0.73;0.58;0.0131694
0.73;0.59;0.0118358
0.73;0.6;0.0105167
0.73;0.61;0.0092067
0.73;0.62;0.00790206
0.73;0.63;0.00661541
0.73;0.64;0.00533189
0.73;0.65;0.00408517
0.73;0.66;0.00283482
0.73;0.67;0.0016203
0.73;0.68;0.00041426
0.73;0.69;1.16201e-19
0.73;0.7;2.11587e-33
0.73;0.71;2.08693e-33
0.73;0.72;2.05796e-33
0.73;0.73;2.03201e-33
0.73;0.74;6.91978e-20
0.73;0.75;1.97664e-33
0.73;0.76;1.94971e-33
0.73;0.77;1.92157e-33
0.73;0.78;1.89723e-33
0.73;0.79;1.87091e-33
0.73;0.8;1.84915e-33
0.73;0.81;1.82581e-33
0.73;0.82;1.80691e-33
0.73;0.83;1.785e-33
0.73;0.84;1.76769e-33
0.73;0.85;1.74342e-33
0.73;0.86;1.72172e-33
0.73;0.87;1.70241e-33
0.73;0.88;1.67986e-33
0.73;0.89;-9.24858e-20
0.73;0.9;1.64409e-33
0.73;0.91;1.63037e-33
0.73;0.92;1.61051e-33
0.73;0.93;1.59627e-33
0.73;0.94;1.57919e-33
0.73;0.95;1.56051e-33
0.73;0.96;1.55003e-33
0.73;0.97;1.53236e-33
0.73;0.98;1.52113e-33
0.73;0.99;1.50493e-33
0.74;-1;1.51173e-33
0.74;-0.99;1.48328e-33
0.74;-0.98;1.53769e-33
0.74;-0.97;1.55458e-33
0.74;-0.96;1.5567e-33
0.74;-0.95;1.5567e-33
0.74;-0.94;1.5965e-33
0.74;-0.93;1.61615e-33
0.74;-0.92;1.63634e-33
0.74;-0.91;1.65029e-33
0.74;-0.9;1.67213e-33
0.74;-0.89;1.68686e-33
0.74;-0.88;1.70806e-33
0.74;-0.87;1.72343e-33
0.74;-0.86;1.74607e-33
0.74;-0.85;1.76577e-33
0.74;-0.84;-9.73634e-20
0.74;-0.83;1.80979e-33
0.74;-0.82;1.82827e-33
0.74;-0.81;1.85166e-33
0.74;-0.8;1.87339e-33
0.74;-0.79;1.90024e-33
0.74;-0.78;1.92317e-33
0.74;-0.77;1.95012e-33
0.74;-0.76;1.9758e-33
0.74;-0.75;2.00528e-33
0.74;-0.74;2.03051e-33
0.74;-0.73;2.05651e-33
0.74;-0.72;2.08691e-33
0.74;-0.71;2.11578e-33
0.74;-0.7;2.14583e-33
0.74;-0.69;2.17722e-33
0.74;-0.68;2.21171e-33
0.74;-0.67;0.000315694
0.74;-0.66;0.00153974
0.74;-0.65;0.00278582
0.74;-0.64;0.00403156
0.74;-0.63;0.00531379
0.74;-0.62;0.00660205
0.74;-0.61;0.00789588
0.74;-0.6;0.00921055
0.74;-0.59;0.0105257
0.74;-0.58;0.0118753
0.74;-0.57;0.0132057
0.74;-0.56;0.014571
0.74;-0.55;0.0159277
0.74;-0.54;0.0172929
0.74;-0.53;0.0186433
0.74;-0.52;0.0200384
0.74;-0.51;0.0214062
0.74;-0.5;0.0227841
0.74;-0.49;0.0241408
0.74;-0.48;0.0255308
0.74;-0.47;0.0268897
0.74;-0.46;0.0282638
0.74;-0.45;0.0296141
0.74;-0.44;0.0309638
0.74;-0.43;0.0322947
0.74;-0.42;0.0336189
0.74;-0.41;0.0349254
0.74;-0.4;0.0362299
0.74;-0.39;0.0375247
0.74;-0.38;0.0387876
0.74;-0.37;0.0400552
0.74;-0.36;0.0412745
0.74;-0.35;0.0424874
0.74;-0.34;0.0436693
0.74;-0.33;0.044829
0.74;-0.32;0.0459728
0.74;-0.31;0.0470782
0.74;-0.3;0.0481696
0.74;-0.29;0.0492252
0.74;-0.28;0.0502604
0.74;-0.27;0.0512588
0.74;-0.26;0.0522157
0.74;-0.25;0.0531474
0.74;-0.24;0.0540637
0.74;-0.23;0.0549216
0.74;-0.22;0.0557553
0.74;-0.21;0.056567
0.74;-0.2;0.0573318
0.74;-0.19;0.0580532
0.74;-0.18;0.0587512
0.74;-0.17;0.059414
0.74;-0.16;0.0600255
0.74;-0.15;0.0606073
0.74;-0.14;0.0611523
0.74;-0.13;0.0616627
0.74;-0.12;0.0621403
0.74;-0.11;0.0625692
0.74;-0.1;0.0629707
0.74;-0.09;0.0633282
0.74;-0.08;0.0636391
0.74;-0.07;0.0639271
0.74;-0.06;0.0641736
0.74;-0.05;0.0643829
0.74;-0.04;0.0645532
0.74;-0.03;0.0646858
0.74;-0.02;0.0647796
0.74;-0.01;0.0648438
0.74;0;0.0648482
0.74;0.01;0.0648363
0.74;0.02;0.0647802
0.74;0.03;0.0646857
0.74;0.04;0.0645566
0.74;0.05;0.0643814
0.74;0.06;0.0641648
0.74;0.07;0.0639225
0.74;0.08;0.0636378
0.74;0.09;0.063324
0.74;0.1;0.0629627
0.74;0.11;0.0625793
0.74;0.12;0.0621433
0.74;0.13;0.0616698
0.74;0.14;0.0611546
0.74;0.15;0.0606108
0.74;0.16;0.0600395
0.74;0.17;0.059414
0.74;0.18;0.0587409
0.74;0.19;0.0580516
0.74;0.2;0.0573314
0.74;0.21;0.0565699
0.74;0.22;0.055756
0.74;0.23;0.054929
0.74;0.24;0.054065
0.74;0.25;0.053156
0.74;0.26;0.0522274
0.74;0.27;0.0512632
0.74;0.28;0.0502627
0.74;0.29;0.0492279
0.74;0.3;0.0481713
0.74;0.31;0.0470947
0.74;0.32;0.0459752
0.74;0.33;0.0448281
0.74;0.34;0.0436673
0.74;0.35;0.0424838
0.74;0.36;0.0412721
0.74;0.37;0.040051
0.74;0.38;0.0387919
0.74;0.39;0.0375274
0.74;0.4;0.0362399
0.74;0.41;0.0349363
0.74;0.42;0.0336237
0.74;0.43;0.0322938
0.74;0.44;0.0309574
0.74;0.45;0.0295984
0.74;0.46;0.0282605
0.74;0.47;0.0268885
0.74;0.48;0.0255361
0.74;0.49;0.0241614
0.74;0.5;0.0227953
0.74;0.51;0.0214076
0.74;0.52;0.0200383
0.74;0.53;0.0186653
0.74;0.54;0.017297
0.74;0.55;0.0159277
0.74;0.56;0.0145718
0.74;0.57;0.0132081
0.74;0.58;0.0118699
0.74;0.59;0.010545
0.74;0.6;0.00921189
0.74;0.61;0.00789622
0.74;0.62;0.00659182
0.74;0.63;0.00530759
0.74;0.64;0.00404068
0.74;0.65;0.00277292
0.74;0.66;0.00153925
0.74;0.67;0.000315639
0.74;0.68;2.20781e-33
0.74;0.69;2.17619e-33
0.74;0.7;2.14558e-33
0.74;0.71;2.11434e-33
0.74;0.72;2.08621e-33
0.74;0.73;2.05724e-33
0.74;0.74;2.03201e-33
0.74;0.75;6.57379e-20
0.74;0.76;1.97741e-33
0.74;0.77;1.95116e-33
0.74;0.78;1.92302e-33
0.74;0.79;1.89929e-33
0.74;0.8;1.87297e-33
0.74;0.81;1.85163e-33
0.74;0.82;1.82829e-33
0.74;0.83;1.80986e-33
0.74;0.84;1.78794e-33
0.74;0.85;1.76851e-33
0.74;0.86;1.74739e-33
0.74;0.87;1.72312e-33
0.74;0.88;1.70677e-33
0.74;0.89;1.68422e-33
0.74;0.9;9.24858e-20
0.74;0.91;1.64875e-33
0.74;0.92;1.63547e-33
0.74;0.93;1.6156e-33
0.74;0.94;1.59627e-33
0.74;0.95;1.58459e-33
0.74;0.96;1.56591e-33
0.74;0.97;1.55575e-33
0.74;0.98;1.53807e-33
0.74;0.99;1.48299e-33
0.75;-1;1.52626e-33
0.75;-0.99;1.54315e-33
0.75;-0.98;1.5567e-33
0.75;-0.97;1.5567e-33
0.75;-0.96;1.5567e-33
0.75;-0.95;1.60113e-33
0.75;-0.94;1.62132e-33
0.75;-0.93;1.63724e-33
0.75;-0.92;1.65519e-33
0.75;-0.91;1.67703e-33
0.75;-0.9;1.69096e-33
0.75;-0.89;1.71216e-33
0.75;-0.88;1.72713e-33
0.75;-0.87;1.74977e-33
0.75;-0.86;-8.5193e-20
0.75;-0.85;1.78959e-33
0.75;-0.84;1.8101e-33
0.75;-0.83;1.83075e-33
0.75;-0.82;1.85392e-33
0.75;-0.81;1.87549e-33
0.75;-0.8;1.90234e-33
0.75;-0.79;1.92456e-33
0.75;-0.78;1.95152e-33
0.75;-0.77;1.97655e-33
0.75;-0.76;2.00576e-33
0.75;-0.75;2.03051e-33
0.75;-0.74;2.05575e-33
0.75;-0.73;2.08616e-33
0.75;-0.72;2.11431e-33
0.75;-0.71;2.14435e-33
0.75;-0.7;2.17471e-33
0.75;-0.69;2.2092e-33
0.75;-0.68;2.24198e-33
0.75;-0.67;2.27539e-33
0.75;-0.66;0.000174211
0.75;-0.65;0.00140639
0.75;-0.64;0.00266693
0.75;-0.63;0.00392946
0.75;-0.62;0.00523242
0.75;-0.61;0.0065442
0.75;-0.6;0.00785791
0.75;-0.59;0.00918057
0.75;-0.58;0.0105105
0.75;-0.57;0.0118658
0.75;-0.56;0.0132174
0.75;-0.55;0.0145798
0.75;-0.54;0.0159637
0.75;-0.53;0.0173352
0.75;-0.52;0.0187135
0.75;-0.51;0.0200982
0.75;-0.5;0.021493
0.75;-0.49;0.0228736
0.75;-0.48;0.0242537
0.75;-0.47;0.025643
0.75;-0.46;0.0270243
0.75;-0.45;0.0283848
0.75;-0.44;0.0297582
0.75;-0.43;0.0311124
0.75;-0.42;0.0324662
0.75;-0.41;0.0337873
0.75;-0.4;0.0351186
0.75;-0.39;0.0364193
0.75;-0.38;0.0377124
0.75;-0.37;0.0389811
0.75;-0.36;0.0402297
0.75;-0.35;0.0414827
0.75;-0.34;0.0426799
0.75;-0.33;0.0438815
0.75;-0.32;0.0450392
0.75;-0.31;0.046179
0.75;-0.3;0.0473072
0.75;-0.29;0.048382
0.75;-0.28;0.0494433
0.75;-0.27;0.0504819
0.75;-0.26;0.051463
0.75;-0.25;0.0524246
0.75;-0.24;0.0533708
0.75;-0.23;0.0542624
0.75;-0.22;0.0551236
0.75;-0.21;0.0559659
0.75;-0.2;0.0567611
0.75;-0.19;0.0575158
0.75;-0.18;0.0582247
0.75;-0.17;0.0589208
0.75;-0.16;0.0595701
0.75;-0.15;0.0601706
0.75;-0.14;0.0607379
0.75;-0.13;0.0612665
0.75;-0.12;0.0617689
0.75;-0.11;0.0622299
0.75;-0.1;0.0626431
0.75;-0.09;0.0630124
0.75;-0.08;0.0633426
0.75;-0.07;0.0636421
0.75;-0.06;0.0639011
0.75;-0.05;0.0641135
0.75;-0.04;0.0642981
0.75;-0.03;0.0644312
0.75;-0.02;0.0645448
0.75;-0.01;0.0646047
0.75;0;0.0646193
0.75;0.01;0.0646048
0.75;0.02;0.0645438
0.75;0.03;0.0644454
0.75;0.04;0.0642991
0.75;0.05;0.0641198
0.75;0.06;0.0638971
0.75;0.07;0.0636368
0.75;0.08;0.0633436
0.75;0.09;0.0630055
0.75;0.1;0.0626358
0.75;0.11;0.0622376
0.75;0.12;0.0617687
0.75;0.13;0.0612646
0.75;0.14;0.060737
0.75;0.15;0.0601693
0.75;0.16;0.0595697
0.75;0.17;0.0589221
0.75;0.18;0.058227
0.75;0.19;0.0575051
0.75;0.2;0.0567531
0.75;0.21;0.0559574
0.75;0.22;0.0551195
0.75;0.23;0.0542558
0.75;0.24;0.0533751
0.75;0.25;0.0524253
0.75;0.26;0.0514631
0.75;0.27;0.0504813
0.75;0.28;0.0494522
0.75;0.29;0.0483822
0.75;0.3;0.047306
0.75;0.31;0.0461928
0.75;0.32;0.0450481
0.75;0.33;0.0438792
0.75;0.34;0.0426795
0.75;0.35;0.041484
0.75;0.36;0.0402306
0.75;0.37;0.0389859
0.75;0.38;0.0377136
0.75;0.39;0.0364179
0.75;0.4;0.0351172
0.75;0.41;0.0337866
0.75;0.42;0.0324678
0.75;0.43;0.0311174
0.75;0.44;0.0297589
0.75;0.45;0.0283845
0.75;0.46;0.0270219
0.75;0.47;0.02563
0.75;0.48;0.0242495
0.75;0.49;0.0228699
0.75;0.5;0.0214872
0.75;0.51;0.0201049
0.75;0.52;0.0187162
0.75;0.53;0.0173347
0.75;0.54;0.015964
0.75;0.55;0.0145812
0.75;0.56;0.013221
0.75;0.57;0.0118529
0.75;0.58;0.0105017
0.75;0.59;0.00917065
0.75;0.6;0.00784362
0.75;0.61;0.00652505
0.75;0.62;0.00523341
0.75;0.63;0.00394967
0.75;0.64;0.00267363
0.75;0.65;0.00141677
0.75;0.66;0.000174226
0.75;0.67;2.27472e-33
0.75;0.68;2.23896e-33
0.75;0.69;2.20551e-33
0.75;0.7;2.17389e-33
0.75;0.71;2.14405e-33
0.75;0.72;2.11281e-33
0.75;0.73;2.08549e-33
0.75;0.74;2.05652e-33
0.75;0.75;2.03201e-33
0.75;0.76;2.00797e-33
0.75;0.77;1.97817e-33
0.75;0.78;1.95261e-33
0.75;0.79;1.92447e-33
0.75;0.8;1.90136e-33
0.75;0.81;1.87503e-33
0.75;0.82;1.85389e-33
0.75;0.83;1.83076e-33
0.75;0.84;1.81016e-33
0.75;0.85;1.79088e-33
0.75;0.86;1.76897e-33
0.75;0.87;1.75136e-33
0.75;0.88;1.72709e-33
0.75;0.89;9.49258e-20
0.75;0.9;1.68858e-33
0.75;0.91;1.67418e-33
0.75;0.92;1.65341e-33
0.75;0.93;1.63635e-33
0.75;0.94;1.62069e-33
0.75;0.95;1.60082e-33
0.75;0.96;1.58999e-33
0.75;0.97;1.57131e-33
0.75;0.98;1.55797e-33
0.75;0.99;1.54379e-33
0.76;-1;1.54861e-33
0.76;-0.99;1.55677e-33
0.76;-0.98;1.5567e-33
0.76;-0.97;1.5567e-33
0.76;-0.96;1.6063e-33
0.76;-0.95;1.6265e-33
0.76;-0.94;1.63824e-33
0.76;-0.93;1.66009e-33
0.76;-0.92;1.68064e-33
0.76;-0.91;1.69506e-33
0.76;-0.9;1.71626e-33
0.76;-0.89;1.73083e-33
0.76;-0.88;1.75347e-33
0.76;-0.87;-2.43409e-20
0.76;-0.86;1.79272e-33
0.76;-0.85;1.8101e-33
0.76;-0.84;1.83323e-33
0.76;-0.83;1.85392e-33
0.76;-0.82;-1.04941e-19
0.76;-0.81;1.90354e-33
0.76;-0.8;1.92595e-33
0.76;-0.79;1.9527e-33
0.76;-0.78;1.9773e-33
0.76;-0.77;2.00576e-33
0.76;-0.76;2.03051e-33
0.76;-0.75;2.05527e-33
0.76;-0.74;2.0854e-33
0.76;-0.73;2.90737e-20
0.76;-0.72;2.14288e-33
0.76;-0.71;2.1722e-33
0.76;-0.7;2.2067e-33
0.76;-0.69;2.23878e-33
0.76;-0.68;2.27219e-33
0.76;-0.67;2.3066e-33
0.76;-0.66;3.22082e-20
0.76;-0.65;2.37801e-33
0.76;-0.64;0.00122902
0.76;-0.63;0.00251564
0.76;-0.62;0.00381151
0.76;-0.61;0.00510674
0.76;-0.6;0.0064219
0.76;-0.59;0.00775037
0.76;-0.58;0.00908313
0.76;-0.57;0.0104395
0.76;-0.56;0.0118042
0.76;-0.55;0.0131718
0.76;-0.54;0.0145388
0.76;-0.53;0.0159331
0.76;-0.52;0.0173256
0.76;-0.51;0.0187267
0.76;-0.5;0.0201145
0.76;-0.49;0.0215133
0.76;-0.48;0.0229029
0.76;-0.47;0.0242983
0.76;-0.46;0.0256707
0.76;-0.45;0.0270704
0.76;-0.44;0.028444
0.76;-0.43;0.0298194
0.76;-0.42;0.0311809
0.76;-0.41;0.0325418
0.76;-0.4;0.0338854
0.76;-0.39;0.0352029
0.76;-0.38;0.0365208
0.76;-0.37;0.0378013
0.76;-0.36;0.0390828
0.76;-0.35;0.0403407
0.76;-0.34;0.04157
0.76;-0.33;0.0428039
0.76;-0.32;0.0439889
0.76;-0.31;0.0451443
0.76;-0.3;0.0463113
0.76;-0.29;0.0474035
0.76;-0.28;0.0484809
0.76;-0.27;0.0495446
0.76;-0.26;0.0505596
0.76;-0.25;0.0515648
0.76;-0.24;0.0525299
0.76;-0.23;0.0534369
0.76;-0.22;0.0543282
0.76;-0.21;0.0551914
0.76;-0.2;0.0560188
0.76;-0.19;0.0568044
0.76;-0.18;0.0575516
0.76;-0.17;0.0582555
0.76;-0.16;0.0589265
0.76;-0.15;0.0595559
0.76;-0.14;0.060141
0.76;-0.13;0.0607111
0.76;-0.12;0.0612184
0.76;-0.11;0.0616971
0.76;-0.1;0.0621203
0.76;-0.09;0.0625117
0.76;-0.08;0.0628604
0.76;-0.07;0.0631692
0.76;-0.06;0.0634353
0.76;-0.05;0.0636554
0.76;-0.04;0.0638572
0.76;-0.03;0.064006
0.76;-0.02;0.0641064
0.76;-0.01;0.0641671
0.76;0;0.0641857
0.76;0.01;0.0641698
0.76;0.02;0.0641062
0.76;0.03;0.064005
0.76;0.04;0.063857
0.76;0.05;0.0636696
0.76;0.06;0.0634355
0.76;0.07;0.0631704
0.76;0.08;0.0628555
0.76;0.09;0.0625119
0.76;0.1;0.0621235
0.76;0.11;0.0616945
0.76;0.12;0.0612204
0.76;0.13;0.0606952
0.76;0.14;0.0601428
0.76;0.15;0.0595568
0.76;0.16;0.0589323
0.76;0.17;0.058262
0.76;0.18;0.0575413
0.76;0.19;0.0567875
0.76;0.2;0.0560178
0.76;0.21;0.0551992
0.76;0.22;0.0543296
0.76;0.23;0.0534378
0.76;0.24;0.0525258
0.76;0.25;0.0515549
0.76;0.26;0.0505546
0.76;0.27;0.0495519
0.76;0.28;0.0484877
0.76;0.29;0.0473987
0.76;0.3;0.0463025
0.76;0.31;0.0451514
0.76;0.32;0.0439809
0.76;0.33;0.0428021
0.76;0.34;0.0415838
0.76;0.35;0.040346
0.76;0.36;0.0390814
0.76;0.37;0.0378016
0.76;0.38;0.036515
0.76;0.39;0.0351952
0.76;0.4;0.0338801
0.76;0.41;0.0325274
0.76;0.42;0.0311765
0.76;0.43;0.0298238
0.76;0.44;0.0284566
0.76;0.45;0.0270737
0.76;0.46;0.0256733
0.76;0.47;0.0243066
0.76;0.48;0.0228994
0.76;0.49;0.0215115
0.76;0.5;0.0200994
0.76;0.51;0.0187151
0.76;0.52;0.0173188
0.76;0.53;0.0159321
0.76;0.54;0.0145403
0.76;0.55;0.0131716
0.76;0.56;0.0117863
0.76;0.57;0.0104383
0.76;0.58;0.00908608
0.76;0.59;0.007743
0.76;0.6;0.00640753
0.76;0.61;0.00510595
0.76;0.62;0.0038133
0.76;0.63;0.00251856
0.76;0.64;0.00124757
0.76;0.65;2.37746e-33
0.76;0.66;2.34244e-33
0.76;0.67;2.30659e-33
0.76;0.68;2.27129e-33
0.76;0.69;2.23553e-33
0.76;0.7;2.20321e-33
0.76;0.71;2.17159e-33
0.76;0.72;2.14252e-33
0.76;0.73;2.11127e-33
0.76;0.74;2.08477e-33
0.76;0.75;2.05606e-33
0.76;0.76;2.03201e-33
0.76;0.77;2.00797e-33
0.76;0.78;1.97894e-33
0.76;0.79;1.95385e-33
0.76;0.8;1.92593e-33
0.76;0.81;1.90253e-33
0.76;0.82;1.8771e-33
0.76;0.83;1.85389e-33
0.76;0.84;1.83323e-33
0.76;0.85;1.81016e-33
0.76;0.86;1.79383e-33
0.76;0.87;1.77191e-33
0.76;0.88;1.75532e-33
0.76;0.89;1.73105e-33
0.76;0.9;9.49258e-20
0.76;0.91;1.69294e-33
0.76;0.92;1.67761e-33
0.76;0.93;1.65807e-33
0.76;0.94;1.63731e-33
0.76;0.95;1.62578e-33
0.76;0.96;1.60591e-33
0.76;0.97;1.5954e-33
0.76;0.98;1.57672e-33
0.76;0.99;1.55804e-33
0.77;-1;1.56239e-33
0.77;-0.99;1.5567e-33
0.77;-0.98;1.5965e-33
0.77;-0.97;1.61148e-33
0.77;-0.96;1.63167e-33
0.77;-0.95;1.64315e-33
0.77;-0.94;1.66499e-33
0.77;-0.93;1.68064e-33
0.77;-0.92;1.69916e-33
0.77;-0.91;1.72036e-33
0.77;-0.9;1.73453e-33
0.77;-0.89;1.75717e-33
0.77;-0.88;-4.86817e-20
0.77;-0.87;1.79585e-33
0.77;-0.86;1.81232e-33
0.77;-0.85;1.8357e-33
0.77;-0.84;1.85392e-33
0.77;-0.83;1.8797e-33
0.77;-0.82;1.90354e-33
0.77;-0.81;1.92734e-33
0.77;-0.8;1.9527e-33
0.77;-0.79;1.97805e-33
0.77;-0.78;2.00576e-33
0.77;-0.77;2.03051e-33
0.77;-0.76;2.05527e-33
0.77;-0.75;2.08465e-33
0.77;-0.74;4.36106e-20
0.77;-0.73;2.14141e-33
0.77;-0.72;2.16969e-33
0.77;-0.71;2.20419e-33
0.77;-0.7;2.23558e-33
0.77;-0.69;2.26899e-33
0.77;-0.68;2.30235e-33
0.77;-0.67;4.02602e-20
0.77;-0.66;2.37296e-33
0.77;-0.65;2.40876e-33
0.77;-0.64;2.44596e-33
0.77;-0.63;0.00100237
0.77;-0.62;0.00229888
0.77;-0.61;0.00358473
0.77;-0.6;0.0049091
0.77;-0.59;0.00623778
0.77;-0.58;0.00758531
0.77;-0.57;0.00894562
0.77;-0.56;0.0103043
0.77;-0.55;0.0116777
0.77;-0.54;0.0130596
0.77;-0.53;0.0144447
0.77;-0.52;0.0158444
0.77;-0.51;0.0172311
0.77;-0.5;0.0186399
0.77;-0.49;0.0200446
0.77;-0.48;0.0214406
0.77;-0.47;0.0228563
0.77;-0.46;0.0242521
0.77;-0.45;0.0256578
0.77;-0.44;0.0270453
0.77;-0.43;0.0284389
0.77;-0.42;0.029812
0.77;-0.41;0.0311792
0.77;-0.4;0.0325323
0.77;-0.39;0.0338638
0.77;-0.38;0.0352015
0.77;-0.37;0.0365174
0.77;-0.36;0.0378205
0.77;-0.35;0.0390888
0.77;-0.34;0.0403481
0.77;-0.33;0.0415965
0.77;-0.32;0.0427884
0.77;-0.31;0.0439834
0.77;-0.3;0.0451488
0.77;-0.29;0.0462749
0.77;-0.28;0.0473896
0.77;-0.27;0.0484807
0.77;-0.26;0.0495167
0.77;-0.25;0.0505388
0.77;-0.24;0.0515222
0.77;-0.23;0.0524673
0.77;-0.22;0.0533775
0.77;-0.21;0.0542763
0.77;-0.2;0.0551135
0.77;-0.19;0.0559119
0.77;-0.18;0.0566892
0.77;-0.17;0.0574201
0.77;-0.16;0.0581145
0.77;-0.15;0.0587573
0.77;-0.14;0.0593671
0.77;-0.13;0.0599542
0.77;-0.12;0.0604874
0.77;-0.11;0.0609774
0.77;-0.1;0.061422
0.77;-0.09;0.061823
0.77;-0.08;0.0621868
0.77;-0.07;0.0624975
0.77;-0.06;0.0627839
0.77;-0.05;0.0630203
0.77;-0.04;0.0632183
0.77;-0.03;0.0633728
0.77;-0.02;0.0634712
0.77;-0.01;0.0635409
0.77;0;0.0635721
0.77;0.01;0.063543
0.77;0.02;0.0634797
0.77;0.03;0.0633664
0.77;0.04;0.0632113
0.77;0.05;0.0630239
0.77;0.06;0.0627813
0.77;0.07;0.0625084
0.77;0.08;0.0621817
0.77;0.09;0.0618279
0.77;0.1;0.061423
0.77;0.11;0.0609773
0.77;0.12;0.0604796
0.77;0.13;0.0599435
0.77;0.14;0.0593677
0.77;0.15;0.0587573
0.77;0.16;0.0581039
0.77;0.17;0.0574222
0.77;0.18;0.0566825
0.77;0.19;0.0559086
0.77;0.2;0.0551131
0.77;0.21;0.0542666
0.77;0.22;0.053387
0.77;0.23;0.0524619
0.77;0.24;0.0515308
0.77;0.25;0.0505369
0.77;0.26;0.0495139
0.77;0.27;0.0484775
0.77;0.28;0.047388
0.77;0.29;0.0462774
0.77;0.3;0.0451467
0.77;0.31;0.0439847
0.77;0.32;0.0427951
0.77;0.33;0.0415887
0.77;0.34;0.0403483
0.77;0.35;0.0390937
0.77;0.36;0.0378224
0.77;0.37;0.0365166
0.77;0.38;0.0352123
0.77;0.39;0.0338716
0.77;0.4;0.0325284
0.77;0.41;0.0311787
0.77;0.42;0.029809
0.77;0.43;0.0284371
0.77;0.44;0.0270457
0.77;0.45;0.0256589
0.77;0.46;0.0242504
0.77;0.47;0.0228486
0.77;0.48;0.0214551
0.77;0.49;0.0200475
0.77;0.5;0.0186452
0.77;0.51;0.0172415
0.77;0.52;0.0158438
0.77;0.53;0.0144433
0.77;0.54;0.0130622
0.77;0.55;0.0116834
0.77;0.56;0.010311
0.77;0.57;0.00895004
0.77;0.58;0.00759259
0.77;0.59;0.00624195
0.77;0.6;0.00491344
0.77;0.61;0.0035865
0.77;0.62;0.00229916
0.77;0.63;0.00100285
0.77;0.64;1.35572e-19
0.77;0.65;2.40826e-33
0.77;0.66;1.32051e-19
0.77;0.67;2.33752e-33
0.77;0.68;2.30226e-33
0.77;0.69;2.26787e-33
0.77;0.7;2.23211e-33
0.77;0.71;2.20091e-33
0.77;0.72;2.1693e-33
0.77;0.73;2.14099e-33
0.77;0.74;2.10974e-33
0.77;0.75;2.08405e-33
0.77;0.76;2.05606e-33
0.77;0.77;2.03201e-33
0.77;0.78;2.00797e-33
0.77;0.79;1.9797e-33
0.77;0.8;1.95385e-33
0.77;0.81;1.92738e-33
0.77;0.82;1.90253e-33
0.77;0.83;1.87916e-33
0.77;0.84;1.85389e-33
0.77;0.85;1.8357e-33
0.77;0.86;1.81236e-33
0.77;0.87;1.79677e-33
0.77;0.88;1.77485e-33
0.77;0.89;1.75929e-33
0.77;0.9;1.73502e-33
0.77;0.91;-2.37315e-20
0.77;0.92;1.69731e-33
0.77;0.93;1.67761e-33
0.77;0.94;1.66273e-33
0.77;0.95;1.64197e-33
0.77;0.96;1.63087e-33
0.77;0.97;1.611e-33
0.77;0.98;1.55797e-33
0.77;0.99;1.58212e-33
0.78;-1;1.5567e-33
0.78;-0.99;1.5965e-33
0.78;-0.98;1.61665e-33
0.78;-0.97;1.63685e-33
0.78;-0.96;1.64805e-33
0.78;-0.95;1.66989e-33
0.78;-0.94;1.68064e-33
0.78;-0.93;1.70326e-33
0.78;-0.92;1.72213e-33
0.78;-0.91;1.73823e-33
0.78;-0.9;1.76087e-33
0.78;-0.89;4.86817e-20
0.78;-0.88;1.79899e-33
0.78;-0.87;1.81479e-33
0.78;-0.86;1.83818e-33
0.78;-0.85;-7.8706e-20
0.78;-0.84;1.88181e-33
0.78;-0.83;1.90354e-33
0.78;-0.82;1.92873e-33
0.78;-0.81;1.9527e-33
0.78;-0.8;1.9788e-33
0.78;-0.79;2.00576e-33
0.78;-0.78;2.03051e-33
0.78;-0.77;2.05527e-33
0.78;-0.76;2.0839e-33
0.78;-0.75;4.36106e-20
0.78;-0.74;2.13993e-33
0.78;-0.73;2.16718e-33
0.78;-0.72;2.20168e-33
0.78;-0.71;2.23238e-33
0.78;-0.7;2.26579e-33
0.78;-0.69;2.29811e-33
0.78;-0.68;2.33397e-33
0.78;-0.67;2.3679e-33
0.78;-0.66;2.40274e-33
0.78;-0.65;2.43993e-33
0.78;-0.64;2.47571e-33
0.78;-0.63;2.51159e-33
0.78;-0.62;0.000722649
0.78;-0.61;0.00202161
0.78;-0.6;0.00333237
0.78;-0.59;0.00467377
0.78;-0.58;0.00600954
0.78;-0.57;0.00736025
0.78;-0.56;0.00873151
0.78;-0.55;0.0101005
0.78;-0.54;0.0114855
0.78;-0.53;0.0128809
0.78;-0.52;0.0142797
0.78;-0.51;0.0156791
0.78;-0.5;0.0170852
0.78;-0.49;0.0184772
0.78;-0.48;0.019915
0.78;-0.47;0.0213097
0.78;-0.46;0.0227314
0.78;-0.45;0.0241384
0.78;-0.44;0.0255392
0.78;-0.43;0.0269386
0.78;-0.42;0.028326
0.78;-0.41;0.0297103
0.78;-0.4;0.0310642
0.78;-0.39;0.0324354
0.78;-0.38;0.0337771
0.78;-0.37;0.035107
0.78;-0.36;0.0364248
0.78;-0.35;0.0377185
0.78;-0.34;0.0389907
0.78;-0.33;0.04025
0.78;-0.32;0.0414759
0.78;-0.31;0.0426826
0.78;-0.3;0.0438673
0.78;-0.29;0.0450198
0.78;-0.28;0.0461612
0.78;-0.27;0.0472544
0.78;-0.26;0.0483122
0.78;-0.25;0.0493618
0.78;-0.24;0.0503715
0.78;-0.23;0.0513452
0.78;-0.22;0.0522702
0.78;-0.21;0.0531883
0.78;-0.2;0.0540482
0.78;-0.19;0.0548603
0.78;-0.18;0.0556549
0.78;-0.17;0.0564149
0.78;-0.16;0.057134
0.78;-0.15;0.0577911
0.78;-0.14;0.0584203
0.78;-0.13;0.0590158
0.78;-0.12;0.0595659
0.78;-0.11;0.0600797
0.78;-0.1;0.0605369
0.78;-0.09;0.0609562
0.78;-0.08;0.0613211
0.78;-0.07;0.0616482
0.78;-0.06;0.0619463
0.78;-0.05;0.062191
0.78;-0.04;0.0623876
0.78;-0.03;0.0625429
0.78;-0.02;0.0626608
0.78;-0.01;0.0627307
0.78;0;0.0627508
0.78;0.01;0.0627245
0.78;0.02;0.0626521
0.78;0.03;0.06255
0.78;0.04;0.0623812
0.78;0.05;0.0621845
0.78;0.06;0.0619456
0.78;0.07;0.0616519
0.78;0.08;0.0613325
0.78;0.09;0.0609572
0.78;0.1;0.0605451
0.78;0.11;0.0600754
0.78;0.12;0.0595698
0.78;0.13;0.0590094
0.78;0.14;0.0584177
0.78;0.15;0.0577945
0.78;0.16;0.0571343
0.78;0.17;0.0564257
0.78;0.18;0.0556581
0.78;0.19;0.0548699
0.78;0.2;0.0540523
0.78;0.21;0.0531917
0.78;0.22;0.0522786
0.78;0.23;0.0513349
0.78;0.24;0.0503663
0.78;0.25;0.0493632
0.78;0.26;0.0483152
0.78;0.27;0.0472448
0.78;0.28;0.0461553
0.78;0.29;0.0450115
0.78;0.3;0.043871
0.78;0.31;0.0426976
0.78;0.32;0.0414669
0.78;0.33;0.0402479
0.78;0.34;0.0389886
0.78;0.35;0.0377066
0.78;0.36;0.0364256
0.78;0.37;0.0350996
0.78;0.38;0.0337741
0.78;0.39;0.0324358
0.78;0.4;0.0310763
0.78;0.41;0.0297104
0.78;0.42;0.0283163
0.78;0.43;0.0269352
0.78;0.44;0.0255381
0.78;0.45;0.0241302
0.78;0.46;0.0227368
0.78;0.47;0.0213142
0.78;0.48;0.0199133
0.78;0.49;0.0184843
0.78;0.5;0.0170899
0.78;0.51;0.0156742
0.78;0.52;0.0142784
0.78;0.53;0.0128799
0.78;0.54;0.0114879
0.78;0.55;0.0100999
0.78;0.56;0.00873534
0.78;0.57;0.007361
0.78;0.58;0.00600592
0.78;0.59;0.0046722
0.78;0.6;0.003334
0.78;0.61;0.00202378
0.78;0.62;0.000722738
0.78;0.63;6.77859e-20
0.78;0.64;2.47705e-33
0.78;0.65;1.35572e-19
0.78;0.66;2.40197e-33
0.78;0.67;2.36762e-33
0.78;0.68;2.33449e-33
0.78;0.69;2.29793e-33
0.78;0.7;2.26444e-33
0.78;0.71;2.22868e-33
0.78;0.72;2.19861e-33
0.78;0.73;2.167e-33
0.78;0.74;-1.16201e-19
0.78;0.75;2.10821e-33
0.78;0.76;2.08333e-33
0.78;0.77;2.05606e-33
0.78;0.78;2.03201e-33
0.78;0.79;2.00797e-33
0.78;0.8;1.98047e-33
0.78;0.81;1.95385e-33
0.78;0.82;1.92883e-33
0.78;0.83;1.90253e-33
0.78;0.84;1.88122e-33
0.78;0.85;1.8549e-33
0.78;0.86;1.83818e-33
0.78;0.87;1.81484e-33
0.78;0.88;1.79971e-33
0.78;0.89;1.7778e-33
0.78;0.9;1.76326e-33
0.78;0.91;1.73899e-33
0.78;0.92;1.72172e-33
0.78;0.93;9.49258e-20
0.78;0.94;1.67761e-33
0.78;0.95;1.66739e-33
0.78;0.96;1.64663e-33
0.78;0.97;1.63596e-33
0.78;0.98;1.6161e-33
0.78;0.99;1.55797e-33
0.79;-1;1.60163e-33
0.79;-0.99;1.62183e-33
0.79;-0.98;1.5965e-33
0.79;-0.97;1.65295e-33
0.79;-0.96;1.67479e-33
0.79;-0.95;1.68064e-33
0.79;-0.94;1.70736e-33
0.79;-0.93;1.72213e-33
0.79;-0.92;1.74193e-33
0.79;-0.91;1.76457e-33
0.79;-0.9;1.77879e-33
0.79;-0.89;1.80212e-33
0.79;-0.88;1.81727e-33
0.79;-0.87;1.84066e-33
0.79;-0.86;-5.24707e-20
0.79;-0.85;1.88391e-33
0.79;-0.84;1.90354e-33
0.79;-0.83;1.93012e-33
0.79;-0.82;1.9527e-33
0.79;-0.81;1.97955e-33
0.79;-0.8;2.00576e-33
0.79;-0.79;2.03051e-33
0.79;-0.78;2.05527e-33
0.79;-0.77;2.08314e-33
0.79;-0.76;2.10864e-33
0.79;-0.75;2.13846e-33
0.79;-0.74;2.16468e-33
0.79;-0.73;2.19917e-33
0.79;-0.72;2.22918e-33
0.79;-0.71;2.26259e-33
0.79;-0.7;2.29386e-33
0.79;-0.69;2.32972e-33
0.79;-0.68;2.36285e-33
0.79;-0.67;2.39671e-33
0.79;-0.66;2.4339e-33
0.79;-0.65;-1.35504e-19
0.79;-0.64;2.50502e-33
0.79;-0.63;2.54281e-33
0.79;-0.62;2.58251e-33
0.79;-0.61;0.000389302
0.79;-0.6;0.00170787
0.79;-0.59;0.00302956
0.79;-0.58;0.00437725
0.79;-0.57;0.0057164
0.79;-0.56;0.00706968
0.79;-0.55;0.00845228
0.79;-0.54;0.00983643
0.79;-0.53;0.0112301
0.79;-0.52;0.0126236
0.79;-0.51;0.0140234
0.79;-0.5;0.0154318
0.79;-0.49;0.0168525
0.79;-0.48;0.0182633
0.79;-0.47;0.0196774
0.79;-0.46;0.0211016
0.79;-0.45;0.0225199
0.79;-0.44;0.0239353
0.79;-0.43;0.0253273
0.79;-0.42;0.026732
0.79;-0.41;0.02812
0.79;-0.4;0.029503
0.79;-0.39;0.0308862
0.79;-0.38;0.032225
0.79;-0.37;0.0335825
0.79;-0.36;0.0349037
0.79;-0.35;0.0362097
0.79;-0.34;0.0375174
0.79;-0.33;0.0387683
0.79;-0.32;0.040013
0.79;-0.31;0.0412561
0.79;-0.3;0.0424554
0.79;-0.29;0.0436315
0.79;-0.28;0.0447832
0.79;-0.27;0.0458816
0.79;-0.26;0.0469776
0.79;-0.25;0.0480479
0.79;-0.24;0.0490675
0.79;-0.23;0.0500645
0.79;-0.22;0.051005
0.79;-0.21;0.0519283
0.79;-0.2;0.0528115
0.79;-0.19;0.0536535
0.79;-0.18;0.0544761
0.79;-0.17;0.0552501
0.79;-0.16;0.0559764
0.79;-0.15;0.056656
0.79;-0.14;0.0573003
0.79;-0.13;0.0579068
0.79;-0.12;0.0584719
0.79;-0.11;0.0590046
0.79;-0.1;0.0594683
0.79;-0.09;0.0598883
0.79;-0.08;0.0602758
0.79;-0.07;0.0606183
0.79;-0.06;0.0609117
0.79;-0.05;0.0611692
0.79;-0.04;0.0613744
0.79;-0.03;0.0615364
0.79;-0.02;0.0616582
0.79;-0.01;0.0617291
0.79;0;0.0617389
0.79;0.01;0.0617269
0.79;0.02;0.0616524
0.79;0.03;0.0615337
0.79;0.04;0.061373
0.79;0.05;0.0611678
0.79;0.06;0.0609207
0.79;0.07;0.0606169
0.79;0.08;0.060278
0.79;0.09;0.0598952
0.79;0.1;0.0594716
0.79;0.11;0.0590058
0.79;0.12;0.0584696
0.79;0.13;0.057905
0.79;0.14;0.0572981
0.79;0.15;0.0566543
0.79;0.16;0.0559734
0.79;0.17;0.0552429
0.79;0.18;0.0544672
0.79;0.19;0.0536568
0.79;0.2;0.0528203
0.79;0.21;0.051945
0.79;0.22;0.0510083
0.79;0.23;0.0500483
0.79;0.24;0.0490596
0.79;0.25;0.048044
0.79;0.26;0.0469806
0.79;0.27;0.0458859
0.79;0.28;0.0447857
0.79;0.29;0.0436198
0.79;0.3;0.0424445
0.79;0.31;0.041251
0.79;0.32;0.0400128
0.79;0.33;0.038767
0.79;0.34;0.0375111
0.79;0.35;0.0362056
0.79;0.36;0.0349032
0.79;0.37;0.0335827
0.79;0.38;0.0322342
0.79;0.39;0.0308816
0.79;0.4;0.0294984
0.79;0.41;0.028123
0.79;0.42;0.026733
0.79;0.43;0.0253234
0.79;0.44;0.0239356
0.79;0.45;0.0225113
0.79;0.46;0.0211012
0.79;0.47;0.0196847
0.79;0.48;0.0182628
0.79;0.49;0.0168509
0.79;0.5;0.0154345
0.79;0.51;0.0140296
0.79;0.52;0.0126221
0.79;0.53;0.0112268
0.79;0.54;0.00982327
0.79;0.55;0.0084522
0.79;0.56;0.00707336
0.79;0.57;0.00571499
0.79;0.58;0.00437362
0.79;0.59;0.00302773
0.79;0.6;0.00170759
0.79;0.61;0.000389719
0.79;0.62;2.58493e-33
0.79;0.63;2.54439e-33
0.79;0.64;-6.77859e-20
0.79;0.65;2.47056e-33
0.79;0.66;2.43448e-33
0.79;0.67;2.39568e-33
0.79;0.68;2.3627e-33
0.79;0.69;2.33016e-33
0.79;0.7;2.29361e-33
0.79;0.71;2.26102e-33
0.79;0.72;2.22526e-33
0.79;0.73;2.19632e-33
0.79;0.74;2.1647e-33
0.79;0.75;-1.16201e-19
0.79;0.76;2.10691e-33
0.79;0.77;2.08261e-33
0.79;0.78;2.05606e-33
0.79;0.79;2.03201e-33
0.79;0.8;2.00797e-33
0.79;0.81;-1.10716e-19
0.79;0.82;1.95385e-33
0.79;0.83;1.93028e-33
0.79;0.84;1.90253e-33
0.79;0.85;1.88329e-33
0.79;0.86;1.85696e-33
0.79;0.87;1.84065e-33
0.79;0.88;1.81731e-33
0.79;0.89;1.80266e-33
0.79;0.9;1.78074e-33
0.79;0.91;1.76722e-33
0.79;0.92;1.74295e-33
0.79;0.93;1.72172e-33
0.79;0.94;9.49258e-20
0.79;0.95;1.67761e-33
0.79;0.96;1.67205e-33
0.79;0.97;1.65129e-33
0.79;0.98;1.59627e-33
0.79;0.99;1.62119e-33
0.8;-1;1.627e-33
0.8;-0.99;1.5965e-33
0.8;-0.98;1.65785e-33
0.8;-0.97;1.6797e-33
0.8;-0.96;1.68064e-33
0.8;-0.95;1.71147e-33
0.8;-0.94;1.72299e-33
0.8;-0.93;1.74563e-33
0.8;-0.92;1.76577e-33
0.8;-0.91;9.73634e-20
0.8;-0.9;1.80525e-33
0.8;-0.89;1.81975e-33
0.8;-0.88;1.84314e-33
0.8;-0.87;1.85917e-33
0.8;-0.86;1.88602e-33
0.8;-0.85;1.90456e-33
0.8;-0.84;1.93151e-33
0.8;-0.83;1.9527e-33
0.8;-0.82;1.9803e-33
0.8;-0.81;2.00576e-33
0.8;-0.8;2.03051e-33
0.8;-0.79;2.05527e-33
0.8;-0.78;2.08239e-33
0.8;-0.77;2.10864e-33
0.8;-0.76;2.13699e-33
0.8;-0.75;2.16217e-33
0.8;-0.74;2.19667e-33
0.8;-0.73;2.22598e-33
0.8;-0.72;2.25939e-33
0.8;-0.71;2.28962e-33
0.8;-0.7;2.32548e-33
0.8;-0.69;2.35779e-33
0.8;-0.68;2.39378e-33
0.8;-0.67;2.42787e-33
0.8;-0.66;2.46255e-33
0.8;-0.65;2.49844e-33
0.8;-0.64;2.53467e-33
0.8;-0.63;2.57457e-33
0.8;-0.62;2.61449e-33
0.8;-0.61;1.49542e-19
0.8;-0.6;2.6983e-33
0.8;-0.59;0.00132194
0.8;-0.58;0.00264526
0.8;-0.57;0.00397576
0.8;-0.56;0.0053485
0.8;-0.55;0.00671272
0.8;-0.54;0.00809467
0.8;-0.53;0.00949278
0.8;-0.52;0.010885
0.8;-0.51;0.0122876
0.8;-0.5;0.0137145
0.8;-0.49;0.0151253
0.8;-0.48;0.0165403
0.8;-0.47;0.0179702
0.8;-0.46;0.0193894
0.8;-0.45;0.0207986
0.8;-0.44;0.0222156
0.8;-0.43;0.0236222
0.8;-0.42;0.0250421
0.8;-0.41;0.0264377
0.8;-0.4;0.027835
0.8;-0.39;0.0292068
0.8;-0.38;0.0305815
0.8;-0.37;0.0319403
0.8;-0.36;0.0332725
0.8;-0.35;0.0345905
0.8;-0.34;0.0359062
0.8;-0.33;0.037178
0.8;-0.32;0.0384421
0.8;-0.31;0.0396828
0.8;-0.3;0.0409074
0.8;-0.29;0.0420847
0.8;-0.28;0.043256
0.8;-0.27;0.04438
0.8;-0.26;0.0454958
0.8;-0.25;0.0465764
0.8;-0.24;0.0475989
0.8;-0.23;0.0486049
0.8;-0.22;0.0495853
0.8;-0.21;0.050529
0.8;-0.2;0.0514205
0.8;-0.19;0.0522854
0.8;-0.18;0.0531128
0.8;-0.17;0.0539142
0.8;-0.16;0.0546485
0.8;-0.15;0.0553383
0.8;-0.14;0.0560009
0.8;-0.13;0.0566174
0.8;-0.12;0.0571992
0.8;-0.11;0.0577379
0.8;-0.1;0.0582206
0.8;-0.09;0.0586533
0.8;-0.08;0.0590542
0.8;-0.07;0.05941
0.8;-0.06;0.0596996
0.8;-0.05;0.0599645
0.8;-0.04;0.0601778
0.8;-0.03;0.060337
0.8;-0.02;0.0604582
0.8;-0.01;0.0605316
0.8;0;0.0605587
0.8;0.01;0.0605294
0.8;0.02;0.0604641
0.8;0.03;0.0603387
0.8;0.04;0.0601816
0.8;0.05;0.059964
0.8;0.06;0.0597048
0.8;0.07;0.0593981
0.8;0.08;0.0590524
0.8;0.09;0.058669
0.8;0.1;0.0582268
0.8;0.11;0.0577371
0.8;0.12;0.0572094
0.8;0.13;0.0566316
0.8;0.14;0.0560018
0.8;0.15;0.0553489
0.8;0.16;0.0546504
0.8;0.17;0.0539052
0.8;0.18;0.0531117
0.8;0.19;0.0522776
0.8;0.2;0.0514184
0.8;0.21;0.0505349
0.8;0.22;0.0495963
0.8;0.23;0.0486144
0.8;0.24;0.0476103
0.8;0.25;0.0465815
0.8;0.26;0.0454912
0.8;0.27;0.0443877
0.8;0.28;0.0432527
0.8;0.29;0.0420911
0.8;0.3;0.0409077
0.8;0.31;0.0396822
0.8;0.32;0.0384393
0.8;0.33;0.0371701
0.8;0.34;0.0359004
0.8;0.35;0.0345884
0.8;0.36;0.0332661
0.8;0.37;0.0319388
0.8;0.38;0.0305832
0.8;0.39;0.0292122
0.8;0.4;0.0278301
0.8;0.41;0.0264248
0.8;0.42;0.025041
0.8;0.43;0.0236226
0.8;0.44;0.0222169
0.8;0.45;0.0207981
0.8;0.46;0.0193846
0.8;0.47;0.0179612
0.8;0.48;0.0165394
0.8;0.49;0.0151251
0.8;0.5;0.0136875
0.8;0.51;0.0122894
0.8;0.52;0.0108844
0.8;0.53;0.00949597
0.8;0.54;0.00809915
0.8;0.55;0.00671851
0.8;0.56;0.00534594
0.8;0.57;0.0039919
0.8;0.58;0.00264565
0.8;0.59;0.00132094
0.8;0.6;7.47283e-20
0.8;0.61;2.65558e-33
0.8;0.62;2.61577e-33
0.8;0.63;2.57698e-33
0.8;0.64;2.53604e-33
0.8;0.65;1.35572e-19
0.8;0.66;2.46406e-33
0.8;0.67;1.35572e-19
0.8;0.68;-4.95192e-20
0.8;0.69;2.35778e-33
0.8;0.7;2.32583e-33
0.8;0.71;2.28928e-33
0.8;0.72;2.25759e-33
0.8;0.73;2.22183e-33
0.8;0.74;2.19402e-33
0.8;0.75;2.1624e-33
0.8;0.76;2.13639e-33
0.8;0.77;2.10691e-33
0.8;0.78;2.08189e-33
0.8;0.79;2.05606e-33
0.8;0.8;2.03201e-33
0.8;0.81;2.00797e-33
0.8;0.82;1.982e-33
0.8;0.83;1.95385e-33
0.8;0.84;1.93173e-33
0.8;0.85;1.90359e-33
0.8;0.86;1.88535e-33
0.8;0.87;1.85903e-33
0.8;0.88;1.84312e-33
0.8;0.89;1.81978e-33
0.8;0.9;1.8056e-33
0.8;0.91;1.78368e-33
0.8;0.92;1.76851e-33
0.8;0.93;1.74692e-33
0.8;0.94;1.72265e-33
0.8;0.95;1.71039e-33
0.8;0.96;1.67761e-33
0.8;0.97;1.67671e-33
0.8;0.98;1.65595e-33
0.8;0.99;1.59627e-33
0.81;-1;1.5965e-33
0.81;-0.99;1.66275e-33
0.81;-0.98;1.63724e-33
0.81;-0.97;1.68064e-33
0.81;-0.96;1.71557e-33
0.81;-0.95;1.72669e-33
0.81;-0.94;1.74933e-33
0.81;-0.93;1.76577e-33
0.81;-0.92;9.73634e-20
0.81;-0.91;1.80838e-33
0.81;-0.9;1.82223e-33
0.81;-0.89;1.84562e-33
0.81;-0.88;-1.04941e-19
0.81;-0.87;1.88812e-33
0.81;-0.86;1.90595e-33
0.81;-0.85;1.9329e-33
0.81;-0.84;1.9527e-33
0.81;-0.83;1.98105e-33
0.81;-0.82;2.00576e-33
0.81;-0.81;2.03051e-33
0.81;-0.8;2.05527e-33
0.81;-0.79;2.08163e-33
0.81;-0.78;2.10864e-33
0.81;-0.77;2.13551e-33
0.81;-0.76;2.16074e-33
0.81;-0.75;2.19416e-33
0.81;-0.74;2.22278e-33
0.81;-0.73;2.25619e-33
0.81;-0.72;2.28537e-33
0.81;-0.71;2.32123e-33
0.81;-0.7;1.28833e-19
0.81;-0.69;2.38872e-33
0.81;-0.68;2.42185e-33
0.81;-0.67;2.45715e-33
0.81;-0.66;2.49186e-33
0.81;-0.65;2.52652e-33
0.81;-0.64;2.56643e-33
0.81;-0.63;2.60524e-33
0.81;-0.62;5.8415e-21
0.81;-0.61;2.68787e-33
0.81;-0.6;2.73061e-33
0.81;-0.59;2.77512e-33
0.81;-0.58;0.000832523
0.81;-0.57;0.0021902
0.81;-0.56;0.00354293
0.81;-0.55;0.0049131
0.81;-0.54;0.00628163
0.81;-0.53;0.00766553
0.81;-0.52;0.00906967
0.81;-0.51;0.0104758
0.81;-0.5;0.0118902
0.81;-0.49;0.0133028
0.81;-0.48;0.0147252
0.81;-0.47;0.0161424
0.81;-0.46;0.0175575
0.81;-0.45;0.0189881
0.81;-0.44;0.0204083
0.81;-0.43;0.0218289
0.81;-0.42;0.0232369
0.81;-0.41;0.0246482
0.81;-0.4;0.0260434
0.81;-0.39;0.0274171
0.81;-0.38;0.0288035
0.81;-0.37;0.0301623
0.81;-0.36;0.0315008
0.81;-0.35;0.0328397
0.81;-0.34;0.0341427
0.81;-0.33;0.0354459
0.81;-0.32;0.036741
0.81;-0.31;0.0379815
0.81;-0.3;0.0392094
0.81;-0.29;0.0404214
0.81;-0.28;0.0415829
0.81;-0.27;0.0427338
0.81;-0.26;0.0438516
0.81;-0.25;0.044941
0.81;-0.24;0.04599
0.81;-0.23;0.0470229
0.81;-0.22;0.0480128
0.81;-0.21;0.0489707
0.81;-0.2;0.0498688
0.81;-0.19;0.0507512
0.81;-0.18;0.0515878
0.81;-0.17;0.0524019
0.81;-0.16;0.053152
0.81;-0.15;0.0538649
0.81;-0.14;0.0545298
0.81;-0.13;0.0551621
0.81;-0.12;0.055756
0.81;-0.11;0.0563138
0.81;-0.1;0.0567991
0.81;-0.09;0.057245
0.81;-0.08;0.0576458
0.81;-0.07;0.0580088
0.81;-0.06;0.0583139
0.81;-0.05;0.0585703
0.81;-0.04;0.0587919
0.81;-0.03;0.0589554
0.81;-0.02;0.0590817
0.81;-0.01;0.059166
0.81;0;0.0591795
0.81;0.01;0.0591625
0.81;0.02;0.0590868
0.81;0.03;0.0589676
0.81;0.04;0.0588065
0.81;0.05;0.0585709
0.81;0.06;0.0583087
0.81;0.07;0.0579936
0.81;0.08;0.0576426
0.81;0.09;0.057239
0.81;0.1;0.0567982
0.81;0.11;0.0563115
0.81;0.12;0.0557607
0.81;0.13;0.0551742
0.81;0.14;0.0545291
0.81;0.15;0.0538572
0.81;0.16;0.0531533
0.81;0.17;0.0524056
0.81;0.18;0.0516003
0.81;0.19;0.0507529
0.81;0.2;0.049869
0.81;0.21;0.0489701
0.81;0.22;0.0480123
0.81;0.23;0.0470272
0.81;0.24;0.0460001
0.81;0.25;0.0449513
0.81;0.26;0.0438569
0.81;0.27;0.0427278
0.81;0.28;0.0415916
0.81;0.29;0.040423
0.81;0.3;0.039215
0.81;0.31;0.0379822
0.81;0.32;0.0367454
0.81;0.33;0.0354523
0.81;0.34;0.0341592
0.81;0.35;0.0328472
0.81;0.36;0.0314966
0.81;0.37;0.0301594
0.81;0.38;0.0287984
0.81;0.39;0.027417
0.81;0.4;0.0260447
0.81;0.41;0.0246464
0.81;0.42;0.023234
0.81;0.43;0.0218251
0.81;0.44;0.020394
0.81;0.45;0.018989
0.81;0.46;0.0175593
0.81;0.47;0.016148
0.81;0.48;0.014709
0.81;0.49;0.01328
0.81;0.5;0.0118855
0.81;0.51;0.0104717
0.81;0.52;0.00906937
0.81;0.53;0.00766444
0.81;0.54;0.00628505
0.81;0.55;0.0048958
0.81;0.56;0.00353514
0.81;0.57;0.00218765
0.81;0.58;0.000851803
0.81;0.59;-1.14911e-19
0.81;0.6;2.72906e-33
0.81;0.61;2.68724e-33
0.81;0.62;2.64535e-33
0.81;0.63;2.60685e-33
0.81;0.64;2.56863e-33
0.81;0.65;2.52769e-33
0.81;0.66;2.49302e-33
0.81;0.67;2.45871e-33
0.81;0.68;2.4219e-33
0.81;0.69;-3.30128e-20
0.81;0.7;2.35286e-33
0.81;0.71;2.32151e-33
0.81;0.72;2.28495e-33
0.81;0.73;2.25417e-33
0.81;0.74;2.2184e-33
0.81;0.75;2.19172e-33
0.81;0.76;2.16109e-33
0.81;0.77;2.13486e-33
0.81;0.78;2.10691e-33
0.81;0.79;2.08117e-33
0.81;0.8;2.05606e-33
0.81;0.81;2.03201e-33
0.81;0.82;2.00797e-33
0.81;0.83;1.98277e-33
0.81;0.84;1.95385e-33
0.81;0.85;1.93318e-33
0.81;0.86;1.90504e-33
0.81;0.87;1.88741e-33
0.81;0.88;1.86109e-33
0.81;0.89;1.8456e-33
0.81;0.9;1.82226e-33
0.81;0.91;1.80854e-33
0.81;0.92;1.78663e-33
0.81;0.93;1.76851e-33
0.81;0.94;1.75089e-33
0.81;0.95;1.72662e-33
0.81;0.96;-9.49258e-20
0.81;0.97;1.67761e-33
0.81;0.98;1.67761e-33
0.81;0.99;1.66061e-33
0.82;-1;1.66765e-33
0.82;-0.99;1.68064e-33
0.82;-0.98;1.68064e-33
0.82;-0.97;1.71967e-33
0.82;-0.96;1.73039e-33
0.82;-0.95;1.75303e-33
0.82;-0.94;1.76577e-33
0.82;-0.93;1.78819e-33
0.82;-0.92;1.8101e-33
0.82;-0.91;1.82471e-33
0.82;-0.9;1.84809e-33
0.82;-0.89;-5.24707e-20
0.82;-0.88;1.89023e-33
0.82;-0.87;1.90734e-33
0.82;-0.86;1.93429e-33
0.82;-0.85;1.9527e-33
0.82;-0.84;1.9818e-33
0.82;-0.83;2.00576e-33
0.82;-0.82;2.03051e-33
0.82;-0.81;2.05527e-33
0.82;-0.8;2.08088e-33
0.82;-0.79;2.10864e-33
0.82;-0.78;2.13404e-33
0.82;-0.77;2.16074e-33
0.82;-0.76;2.19165e-33
0.82;-0.75;2.21986e-33
0.82;-0.74;2.25299e-33
0.82;-0.73;2.28113e-33
0.82;-0.72;2.31699e-33
0.82;-0.71;6.44163e-20
0.82;-0.7;2.38367e-33
0.82;-0.69;2.41582e-33
0.82;-0.68;2.45301e-33
0.82;-0.67;2.48529e-33
0.82;-0.66;2.51838e-33
0.82;-0.65;2.55829e-33
0.82;-0.64;2.59599e-33
0.82;-0.63;2.63722e-33
0.82;-0.62;1.49542e-19
0.82;-0.61;2.71887e-33
0.82;-0.6;2.76338e-33
0.82;-0.59;2.80683e-33
0.82;-0.58;2.85086e-33
0.82;-0.57;0.000311967
0.82;-0.56;0.00163972
0.82;-0.55;0.00301897
0.82;-0.54;0.00439205
0.82;-0.53;0.00577418
0.82;-0.52;0.00716223
0.82;-0.51;0.00857244
0.82;-0.5;0.00997504
0.82;-0.49;0.0113757
0.82;-0.48;0.0128092
0.82;-0.47;0.0142324
0.82;-0.46;0.0156521
0.82;-0.45;0.0170706
0.82;-0.44;0.018498
0.82;-0.43;0.0199145
0.82;-0.42;0.0213247
0.82;-0.41;0.0227361
0.82;-0.4;0.0241252
0.82;-0.39;0.0255098
0.82;-0.38;0.0269112
0.82;-0.37;0.0282646
0.82;-0.36;0.0296258
0.82;-0.35;0.0309763
0.82;-0.34;0.0322932
0.82;-0.33;0.0336071
0.82;-0.32;0.0348953
0.82;-0.31;0.0361459
0.82;-0.3;0.0373852
0.82;-0.29;0.0386071
0.82;-0.28;0.0397837
0.82;-0.27;0.0409414
0.82;-0.26;0.0420846
0.82;-0.25;0.0431769
0.82;-0.24;0.0442412
0.82;-0.23;0.045288
0.82;-0.22;0.0462993
0.82;-0.21;0.0472539
0.82;-0.2;0.0481694
0.82;-0.19;0.049062
0.82;-0.18;0.0499212
0.82;-0.17;0.0507305
0.82;-0.16;0.0514953
0.82;-0.15;0.052214
0.82;-0.14;0.0528902
0.82;-0.13;0.0535375
0.82;-0.12;0.0541421
0.82;-0.11;0.0546941
0.82;-0.1;0.0551972
0.82;-0.09;0.0556502
0.82;-0.08;0.0560503
0.82;-0.07;0.0564179
0.82;-0.06;0.0567407
0.82;-0.05;0.0570051
0.82;-0.04;0.057223
0.82;-0.03;0.0574025
0.82;-0.02;0.0575202
0.82;-0.01;0.0576069
0.82;0;0.0576263
0.82;0.01;0.0575979
0.82;0.02;0.0575287
0.82;0.03;0.0574119
0.82;0.04;0.0572435
0.82;0.05;0.0570083
0.82;0.06;0.0567341
0.82;0.07;0.0564208
0.82;0.08;0.0560556
0.82;0.09;0.0556409
0.82;0.1;0.0551912
0.82;0.11;0.0546915
0.82;0.12;0.0541426
0.82;0.13;0.0535416
0.82;0.14;0.0528976
0.82;0.15;0.0522078
0.82;0.16;0.0514825
0.82;0.17;0.0507324
0.82;0.18;0.0499109
0.82;0.19;0.049058
0.82;0.2;0.0481628
0.82;0.21;0.0472402
0.82;0.22;0.0462971
0.82;0.23;0.0452768
0.82;0.24;0.0442309
0.82;0.25;0.0431722
0.82;0.26;0.0420842
0.82;0.27;0.0409438
0.82;0.28;0.0397773
0.82;0.29;0.0386069
0.82;0.3;0.0373901
0.82;0.31;0.0361455
0.82;0.32;0.0348866
0.82;0.33;0.0335987
0.82;0.34;0.0323017
0.82;0.35;0.0309808
0.82;0.36;0.0296338
0.82;0.37;0.0282653
0.82;0.38;0.0269117
0.82;0.39;0.0255127
0.82;0.4;0.0241312
0.82;0.41;0.0227343
0.82;0.42;0.0213084
0.82;0.43;0.0199056
0.82;0.44;0.0184833
0.82;0.45;0.0170628
0.82;0.46;0.0156401
0.82;0.47;0.0142027
0.82;0.48;0.0128019
0.82;0.49;0.0113788
0.82;0.5;0.00997096
0.82;0.51;0.00855259
0.82;0.52;0.00715662
0.82;0.53;0.00576472
0.82;0.54;0.00436881
0.82;0.55;0.00302541
0.82;0.56;0.0016626
0.82;0.57;0.000311726
0.82;0.58;2.84725e-33
0.82;0.59;2.80372e-33
0.82;0.6;1.53215e-19
0.82;0.61;2.71761e-33
0.82;0.62;2.67701e-33
0.82;0.63;2.63769e-33
0.82;0.64;2.59793e-33
0.82;0.65;2.56028e-33
0.82;0.66;2.51934e-33
0.82;0.67;2.48652e-33
0.82;0.68;3.3893e-20
0.82;0.69;2.41561e-33
0.82;0.7;2.38296e-33
0.82;0.71;2.34795e-33
0.82;0.72;2.31718e-33
0.82;0.73;2.28062e-33
0.82;0.74;2.25074e-33
0.82;0.75;2.21527e-33
0.82;0.76;2.18942e-33
0.82;0.77;2.16109e-33
0.82;0.78;2.13333e-33
0.82;0.79;2.10691e-33
0.82;0.8;2.08046e-33
0.82;0.81;2.05606e-33
0.82;0.82;2.03201e-33
0.82;0.83;2.00797e-33
0.82;0.84;-1.10716e-19
0.82;0.85;1.95385e-33
0.82;0.86;1.93463e-33
0.82;0.87;1.90649e-33
0.82;0.88;1.88948e-33
0.82;0.89;1.86315e-33
0.82;0.9;1.84807e-33
0.82;0.91;1.82473e-33
0.82;0.92;1.81016e-33
0.82;0.93;1.78957e-33
0.82;0.94;1.76851e-33
0.82;0.95;1.75485e-33
0.82;0.96;1.73058e-33
0.82;0.97;-9.49258e-20
0.82;0.98;1.67761e-33
0.82;0.99;1.67761e-33
0.83;-1;1.68137e-33
0.83;-0.99;1.68064e-33
0.83;-0.98;1.72213e-33
0.83;-0.97;1.73409e-33
0.83;-0.96;1.75673e-33
0.83;-0.95;1.76799e-33
0.83;-0.94;1.79132e-33
0.83;-0.93;1.8101e-33
0.83;-0.92;1.82718e-33
0.83;-0.91;1.85057e-33
0.83;-0.9;5.24707e-20
0.83;-0.89;1.89233e-33
0.83;-0.88;1.90873e-33
0.83;-0.87;1.93568e-33
0.83;-0.86;1.95307e-33
0.83;-0.85;1.98255e-33
0.83;-0.84;2.00576e-33
0.83;-0.83;2.03051e-33
0.83;-0.82;2.05527e-33
0.83;-0.81;2.08012e-33
0.83;-0.8;2.10864e-33
0.83;-0.79;1.16295e-19
0.83;-0.78;2.16074e-33
0.83;-0.77;2.18914e-33
0.83;-0.76;2.21986e-33
0.83;-0.75;2.24979e-33
0.83;-0.74;2.27688e-33
0.83;-0.73;2.31274e-33
0.83;-0.72;3.22082e-20
0.83;-0.71;2.37861e-33
0.83;-0.7;2.40979e-33
0.83;-0.69;2.44699e-33
0.83;-0.68;1.35504e-19
0.83;-0.67;2.5146e-33
0.83;-0.66;2.55015e-33
0.83;-0.65;2.58674e-33
0.83;-0.64;2.62797e-33
0.83;-0.63;1.49542e-19
0.83;-0.62;2.70972e-33
0.83;-0.61;2.75164e-33
0.83;-0.6;2.79429e-33
0.83;-0.59;2.83859e-33
0.83;-0.58;2.88364e-33
0.83;-0.57;2.92938e-33
0.83;-0.56;2.97246e-33
0.83;-0.55;0.00105368
0.83;-0.54;0.00240479
0.83;-0.53;0.00378659
0.83;-0.52;0.00517374
0.83;-0.51;0.00656315
0.83;-0.5;0.0079551
0.83;-0.49;0.00937796
0.83;-0.48;0.0107829
0.83;-0.47;0.0122125
0.83;-0.46;0.0136328
0.83;-0.45;0.0150529
0.83;-0.44;0.0164732
0.83;-0.43;0.0178852
0.83;-0.42;0.0192939
0.83;-0.41;0.0207076
0.83;-0.4;0.0221048
0.83;-0.39;0.023515
0.83;-0.38;0.0248892
0.83;-0.37;0.0262584
0.83;-0.36;0.0276378
0.83;-0.35;0.0289731
0.83;-0.34;0.0303057
0.83;-0.33;0.0316367
0.83;-0.32;0.0329147
0.83;-0.31;0.0341688
0.83;-0.3;0.0354262
0.83;-0.29;0.0366472
0.83;-0.28;0.0378421
0.83;-0.27;0.0390215
0.83;-0.26;0.0401607
0.83;-0.25;0.0412542
0.83;-0.24;0.0423342
0.83;-0.23;0.043382
0.83;-0.22;0.0444035
0.83;-0.21;0.0453806
0.83;-0.2;0.0463095
0.83;-0.19;0.0472165
0.83;-0.18;0.0480771
0.83;-0.17;0.0488907
0.83;-0.16;0.0496578
0.83;-0.15;0.0503975
0.83;-0.14;0.0510997
0.83;-0.13;0.0517498
0.83;-0.12;0.0523693
0.83;-0.11;0.0529185
0.83;-0.1;0.0534201
0.83;-0.09;0.0538746
0.83;-0.08;0.0542913
0.83;-0.07;0.0546619
0.83;-0.06;0.0549847
0.83;-0.05;0.0552567
0.83;-0.04;0.0554975
0.83;-0.03;0.0556745
0.83;-0.02;0.0557833
0.83;-0.01;0.055869
0.83;0;0.0558964
0.83;0.01;0.0558701
0.83;0.02;0.0557848
0.83;0.03;0.0556665
0.83;0.04;0.0554965
0.83;0.05;0.0552581
0.83;0.06;0.0549839
0.83;0.07;0.0546652
0.83;0.08;0.0542961
0.83;0.09;0.0538735
0.83;0.1;0.0534198
0.83;0.11;0.0529119
0.83;0.12;0.0523626
0.83;0.13;0.0517515
0.83;0.14;0.0510989
0.83;0.15;0.0504012
0.83;0.16;0.0496594
0.83;0.17;0.0488945
0.83;0.18;0.0480898
0.83;0.19;0.0472177
0.83;0.2;0.0463001
0.83;0.21;0.0453582
0.83;0.22;0.0444008
0.83;0.23;0.0433908
0.83;0.24;0.0423468
0.83;0.25;0.0412585
0.83;0.26;0.0401619
0.83;0.27;0.0390122
0.83;0.28;0.0378352
0.83;0.29;0.0366465
0.83;0.3;0.0354287
0.83;0.31;0.0341754
0.83;0.32;0.0329067
0.83;0.33;0.0316348
0.83;0.34;0.0303043
0.83;0.35;0.0289693
0.83;0.36;0.0276397
0.83;0.37;0.0262838
0.83;0.38;0.0248953
0.83;0.39;0.0235154
0.83;0.4;0.0221087
0.83;0.41;0.0207166
0.83;0.42;0.0193169
0.83;0.43;0.0178945
0.83;0.44;0.0164769
0.83;0.45;0.0150263
0.83;0.46;0.0136199
0.83;0.47;0.0122083
0.83;0.48;0.0107959
0.83;0.49;0.00937661
0.83;0.5;0.00795459
0.83;0.51;0.00656556
0.83;0.52;0.00514904
0.83;0.53;0.00376468
0.83;0.54;0.00240221
0.83;0.55;0.00102894
0.83;0.56;2.97789e-33
0.83;0.57;2.92843e-33
0.83;0.58;2.88076e-33
0.83;0.59;2.83511e-33
0.83;0.6;2.79133e-33
0.83;0.61;2.74956e-33
0.83;0.62;1.49457e-19
0.83;0.63;2.66678e-33
0.83;0.64;2.62877e-33
0.83;0.65;2.58902e-33
0.83;0.66;2.55193e-33
0.83;0.67;-4.66028e-20
0.83;0.68;2.48002e-33
0.83;0.69;-6.77859e-20
0.83;0.7;2.40932e-33
0.83;0.71;-1.32051e-19
0.83;0.72;2.34303e-33
0.83;0.73;2.31285e-33
0.83;0.74;2.2763e-33
0.83;0.75;2.24731e-33
0.83;0.76;2.21527e-33
0.83;0.77;2.18712e-33
0.83;0.78;2.16109e-33
0.83;0.79;2.13179e-33
0.83;0.8;2.10691e-33
0.83;0.81;2.07974e-33
0.83;0.82;2.05606e-33
0.83;0.83;2.03201e-33
0.83;0.84;2.00797e-33
0.83;0.85;1.9843e-33
0.83;0.86;1.95423e-33
0.83;0.87;1.93608e-33
0.83;0.88;1.90794e-33
0.83;0.89;1.89154e-33
0.83;0.9;1.86522e-33
0.83;0.91;1.85054e-33
0.83;0.92;1.8272e-33
0.83;0.93;1.81016e-33
0.83;0.94;1.79251e-33
0.83;0.95;1.76851e-33
0.83;0.96;1.75882e-33
0.83;0.97;1.73455e-33
0.83;0.98;1.72172e-33
0.83;0.99;1.67761e-33
0.84;-1;1.68064e-33
0.84;-0.99;1.72213e-33
0.84;-0.98;1.73779e-33
0.84;-0.97;1.76043e-33
0.84;-0.96;1.77112e-33
0.84;-0.95;1.79445e-33
0.84;-0.94;1.8101e-33
0.84;-0.93;1.82966e-33
0.84;-0.92;1.85305e-33
0.84;-0.91;-1.04941e-19
0.84;-0.9;1.89443e-33
0.84;-0.89;1.91012e-33
0.84;-0.88;1.93707e-33
0.84;-0.87;1.95382e-33
0.84;-0.86;1.9833e-33
0.84;-0.85;2.00576e-33
0.84;-0.84;2.03051e-33
0.84;-0.83;2.05527e-33
0.84;-0.82;2.07937e-33
0.84;-0.81;2.10864e-33
0.84;-0.8;2.13109e-33
0.84;-0.79;2.16074e-33
0.84;-0.78;2.18664e-33
0.84;-0.77;2.21986e-33
0.84;-0.76;2.24659e-33
0.84;-0.75;2.27645e-33
0.84;-0.74;2.3085e-33
0.84;-0.73;-8.05204e-20
0.84;-0.72;2.37356e-33
0.84;-0.71;2.40376e-33
0.84;-0.7;2.44096e-33
0.84;-0.69;2.47213e-33
0.84;-0.68;2.50802e-33
0.84;-0.67;2.54201e-33
0.84;-0.66;2.57946e-33
0.84;-0.65;2.61872e-33
0.84;-0.64;7.47712e-20
0.84;-0.63;2.69928e-33
0.84;-0.62;2.7399e-33
0.84;-0.61;2.78176e-33
0.84;-0.6;2.82605e-33
0.84;-0.59;2.86946e-33
0.84;-0.58;2.91642e-33
0.84;-0.57;2.95866e-33
0.84;-0.56;3.00403e-33
0.84;-0.55;3.05693e-33
0.84;-0.54;0.00033928
0.84;-0.53;0.00169853
0.84;-0.52;0.00309302
0.84;-0.51;0.00448194
0.84;-0.5;0.00587474
0.84;-0.49;0.00727566
0.84;-0.48;0.00869449
0.84;-0.47;0.0101025
0.84;-0.46;0.0115059
0.84;-0.45;0.0129277
0.84;-0.44;0.0143499
0.84;-0.43;0.0157669
0.84;-0.42;0.0171881
0.84;-0.41;0.0185794
0.84;-0.4;0.0200038
0.84;-0.39;0.0213978
0.84;-0.38;0.0227726
0.84;-0.37;0.0241588
0.84;-0.36;0.0255186
0.84;-0.35;0.0268646
0.84;-0.34;0.0281976
0.84;-0.33;0.0295107
0.84;-0.32;0.0308012
0.84;-0.31;0.0320804
0.84;-0.3;0.033335
0.84;-0.29;0.0345568
0.84;-0.28;0.0357508
0.84;-0.27;0.0369405
0.84;-0.26;0.0380805
0.84;-0.25;0.039198
0.84;-0.24;0.0402842
0.84;-0.23;0.0413555
0.84;-0.22;0.0423631
0.84;-0.21;0.0433432
0.84;-0.2;0.0442929
0.84;-0.19;0.0451968
0.84;-0.18;0.0460751
0.84;-0.17;0.0468904
0.84;-0.16;0.0476649
0.84;-0.15;0.0484158
0.84;-0.14;0.0491273
0.84;-0.13;0.0497905
0.84;-0.12;0.050394
0.84;-0.11;0.0509544
0.84;-0.1;0.0514694
0.84;-0.09;0.051945
0.84;-0.08;0.0523557
0.84;-0.07;0.0527284
0.84;-0.06;0.0530497
0.84;-0.05;0.0533349
0.84;-0.04;0.0535725
0.84;-0.03;0.0537494
0.84;-0.02;0.0538719
0.84;-0.01;0.0539455
0.84;0;0.0539788
0.84;0.01;0.0539535
0.84;0.02;0.0538764
0.84;0.03;0.0537476
0.84;0.04;0.053559
0.84;0.05;0.0533347
0.84;0.06;0.0530514
0.84;0.07;0.0527315
0.84;0.08;0.0523609
0.84;0.09;0.0519378
0.84;0.1;0.0514706
0.84;0.11;0.0509608
0.84;0.12;0.0503993
0.84;0.13;0.0497814
0.84;0.14;0.0491234
0.84;0.15;0.0484149
0.84;0.16;0.0476701
0.84;0.17;0.0468943
0.84;0.18;0.0460782
0.84;0.19;0.0451919
0.84;0.2;0.0442853
0.84;0.21;0.0433287
0.84;0.22;0.0423544
0.84;0.23;0.0413423
0.84;0.24;0.0402905
0.84;0.25;0.03919
0.84;0.26;0.0380881
0.84;0.27;0.0369513
0.84;0.28;0.0357652
0.84;0.29;0.0345463
0.84;0.3;0.0333327
0.84;0.31;0.0320658
0.84;0.32;0.0307944
0.84;0.33;0.0295116
0.84;0.34;0.028194
0.84;0.35;0.0268592
0.84;0.36;0.0255117
0.84;0.37;0.0241548
0.84;0.38;0.0227696
0.84;0.39;0.0213976
0.84;0.4;0.0199848
0.84;0.41;0.0185873
0.84;0.42;0.0171896
0.84;0.43;0.0157494
0.84;0.44;0.0143529
0.84;0.45;0.0129424
0.84;0.46;0.0115139
0.84;0.47;0.0101026
0.84;0.48;0.00869118
0.84;0.49;0.00727428
0.84;0.5;0.00586091
0.84;0.51;0.00445053
0.84;0.52;0.00309699
0.84;0.53;0.00171175
0.84;0.54;0.000338917
0.84;0.55;3.0545e-33
0.84;0.56;3.00932e-33
0.84;0.57;2.96204e-33
0.84;0.58;2.91427e-33
0.84;0.59;2.86627e-33
0.84;0.6;2.82272e-33
0.84;0.61;2.77894e-33
0.84;0.62;2.73811e-33
0.84;0.63;-7.47283e-20
0.84;0.64;2.65654e-33
0.84;0.65;2.61985e-33
0.84;0.66;2.582e-33
0.84;0.67;2.54358e-33
0.84;0.68;1.35572e-19
0.84;0.69;2.47352e-33
0.84;0.7;-1.35572e-19
0.84;0.71;2.40304e-33
0.84;0.72;1.32051e-19
0.84;0.73;2.33811e-33
0.84;0.74;2.30852e-33
0.84;0.75;2.27586e-33
0.84;0.76;2.24389e-33
0.84;0.77;2.21527e-33
0.84;0.78;2.18482e-33
0.84;0.79;2.16109e-33
0.84;0.8;2.13026e-33
0.84;0.81;2.10691e-33
0.84;0.82;2.07902e-33
0.84;0.83;2.05606e-33
0.84;0.84;2.03201e-33
0.84;0.85;2.00797e-33
0.84;0.86;1.98506e-33
0.84;0.87;1.95499e-33
0.84;0.88;1.93753e-33
0.84;0.89;1.9094e-33
0.84;0.9;1.8936e-33
0.84;0.91;1.86728e-33
0.84;0.92;1.85301e-33
0.84;0.93;1.82967e-33
0.84;0.94;1.81016e-33
0.84;0.95;1.79545e-33
0.84;0.96;1.76851e-33
0.84;0.97;1.76278e-33
0.84;0.98;1.73851e-33
0.84;0.99;1.72172e-33
0.85;-1;1.72213e-33
0.85;-0.99;1.74149e-33
0.85;-0.98;1.76413e-33
0.85;-0.97;1.77425e-33
0.85;-0.96;1.79758e-33
0.85;-0.95;1.8101e-33
0.85;-0.94;1.83214e-33
0.85;-0.93;1.85392e-33
0.85;-0.92;1.04941e-19
0.85;-0.91;1.89654e-33
0.85;-0.9;1.91151e-33
0.85;-0.89;1.93846e-33
0.85;-0.88;1.95457e-33
0.85;-0.87;1.98405e-33
0.85;-0.86;2.00576e-33
0.85;-0.85;2.03051e-33
0.85;-0.84;2.05527e-33
0.85;-0.83;2.07861e-33
0.85;-0.82;2.10864e-33
0.85;-0.81;1.16295e-19
0.85;-0.8;2.15966e-33
0.85;-0.79;2.18413e-33
0.85;-0.78;2.21862e-33
0.85;-0.77;2.24339e-33
0.85;-0.76;2.27645e-33
0.85;-0.75;2.30425e-33
0.85;-0.74;2.33653e-33
0.85;-0.73;2.3685e-33
0.85;-0.72;2.39773e-33
0.85;-0.71;2.43493e-33
0.85;-0.7;-6.77521e-20
0.85;-0.69;2.50144e-33
0.85;-0.68;2.53387e-33
0.85;-0.67;2.57377e-33
0.85;-0.66;2.60947e-33
0.85;-0.65;-1.40196e-19
0.85;-0.64;2.68885e-33
0.85;-0.63;2.72816e-33
0.85;-0.62;2.77266e-33
0.85;-0.61;2.81352e-33
0.85;-0.6;2.85529e-33
0.85;-0.59;2.90224e-33
0.85;-0.58;2.94485e-33
0.85;-0.57;2.98766e-33
0.85;-0.56;3.03902e-33
0.85;-0.55;3.08822e-33
0.85;-0.54;3.13544e-33
0.85;-0.53;3.18376e-33
0.85;-0.52;0.000910089
0.85;-0.51;0.00229832
0.85;-0.5;0.00368677
0.85;-0.49;0.00508511
0.85;-0.48;0.00647955
0.85;-0.47;0.00787283
0.85;-0.46;0.0092799
0.85;-0.45;0.0107066
0.85;-0.44;0.0121223
0.85;-0.43;0.0135332
0.85;-0.42;0.0149502
0.85;-0.41;0.016351
0.85;-0.4;0.0177607
0.85;-0.39;0.0191383
0.85;-0.38;0.0205406
0.85;-0.37;0.0219203
0.85;-0.36;0.0232699
0.85;-0.35;0.0246184
0.85;-0.34;0.0259541
0.85;-0.33;0.0272523
0.85;-0.32;0.028552
0.85;-0.31;0.0298524
0.85;-0.3;0.0310988
0.85;-0.29;0.0323162
0.85;-0.28;0.0335425
0.85;-0.27;0.0347237
0.85;-0.26;0.0358775
0.85;-0.25;0.0370011
0.85;-0.24;0.038091
0.85;-0.23;0.0391537
0.85;-0.22;0.0401733
0.85;-0.21;0.0411433
0.85;-0.2;0.0421001
0.85;-0.19;0.0430286
0.85;-0.18;0.0438979
0.85;-0.17;0.0447252
0.85;-0.16;0.0455166
0.85;-0.15;0.0462733
0.85;-0.14;0.0469839
0.85;-0.13;0.0476486
0.85;-0.12;0.0482615
0.85;-0.11;0.0488247
0.85;-0.1;0.0493606
0.85;-0.09;0.0498189
0.85;-0.08;0.0502384
0.85;-0.07;0.0506219
0.85;-0.06;0.0509562
0.85;-0.05;0.0512429
0.85;-0.04;0.0514687
0.85;-0.03;0.051657
0.85;-0.02;0.0517852
0.85;-0.01;0.0518664
0.85;0;0.0518916
0.85;0.01;0.0518603
0.85;0.02;0.0517764
0.85;0.03;0.051647
0.85;0.04;0.0514633
0.85;0.05;0.051236
0.85;0.06;0.0509551
0.85;0.07;0.0506235
0.85;0.08;0.0502476
0.85;0.09;0.0498421
0.85;0.1;0.0493516
0.85;0.11;0.0488344
0.85;0.12;0.0482602
0.85;0.13;0.0476646
0.85;0.14;0.0469844
0.85;0.15;0.0462647
0.85;0.16;0.0455239
0.85;0.17;0.0447308
0.85;0.18;0.0439021
0.85;0.19;0.0430305
0.85;0.2;0.0421128
0.85;0.21;0.0411619
0.85;0.22;0.0401673
0.85;0.23;0.0391558
0.85;0.24;0.038088
0.85;0.25;0.0369891
0.85;0.26;0.035863
0.85;0.27;0.0347243
0.85;0.28;0.0335376
0.85;0.29;0.0323225
0.85;0.3;0.031097
0.85;0.31;0.0298495
0.85;0.32;0.0285507
0.85;0.33;0.0272496
0.85;0.34;0.0259509
0.85;0.35;0.0246058
0.85;0.36;0.0232619
0.85;0.37;0.0219111
0.85;0.38;0.0205145
0.85;0.39;0.0191304
0.85;0.4;0.017761
0.85;0.41;0.0163323
0.85;0.42;0.0149337
0.85;0.43;0.0135439
0.85;0.44;0.0121195
0.85;0.45;0.0107142
0.85;0.46;0.00928386
0.85;0.47;0.00788708
0.85;0.48;0.00648151
0.85;0.49;0.00506128
0.85;0.5;0.00367933
0.85;0.51;0.00229518
0.85;0.52;0.000910514
0.85;0.53;3.18243e-33
0.85;0.54;3.12813e-33
0.85;0.55;3.08324e-33
0.85;0.56;-1.65161e-19
0.85;0.57;2.99534e-33
0.85;0.58;2.94619e-33
0.85;0.59;2.89978e-33
0.85;0.6;2.85178e-33
0.85;0.61;2.81033e-33
0.85;0.62;1.53215e-19
0.85;0.63;2.72667e-33
0.85;0.64;1.49457e-19
0.85;0.65;2.64631e-33
0.85;0.66;2.61094e-33
0.85;0.67;2.57616e-33
0.85;0.68;2.53523e-33
0.85;0.69;2.50249e-33
0.85;0.7;2.46703e-33
0.85;0.71;-1.35572e-19
0.85;0.72;2.39675e-33
0.85;0.73;-1.32051e-19
0.85;0.74;2.3371e-33
0.85;0.75;2.3042e-33
0.85;0.76;2.27586e-33
0.85;0.77;2.24046e-33
0.85;0.78;2.21414e-33
0.85;0.79;2.18253e-33
0.85;0.8;-1.45251e-20
0.85;0.81;2.12873e-33
0.85;0.82;2.10691e-33
0.85;0.83;2.0783e-33
0.85;0.84;2.05606e-33
0.85;0.85;2.03201e-33
0.85;0.86;2.00797e-33
0.85;0.87;1.98583e-33
0.85;0.88;1.95576e-33
0.85;0.89;1.93899e-33
0.85;0.9;1.91085e-33
0.85;0.91;1.89567e-33
0.85;0.92;1.86935e-33
0.85;0.93;1.85389e-33
0.85;0.94;1.83215e-33
0.85;0.95;1.81016e-33
0.85;0.96;1.7984e-33
0.85;0.97;1.76851e-33
0.85;0.98;1.76675e-33
0.85;0.99;1.74248e-33
0.86;-1;1.74519e-33
0.86;-0.99;1.76577e-33
0.86;-0.98;1.77739e-33
0.86;-0.97;1.80072e-33
0.86;-0.96;1.81123e-33
0.86;-0.95;1.83462e-33
0.86;-0.94;1.85392e-33
0.86;-0.93;1.8718e-33
0.86;-0.92;1.89864e-33
0.86;-0.91;1.9129e-33
0.86;-0.9;1.93985e-33
0.86;-0.89;1.95532e-33
0.86;-0.88;1.9848e-33
0.86;-0.87;2.00576e-33
0.86;-0.86;2.03051e-33
0.86;-0.85;2.05527e-33
0.86;-0.84;2.07786e-33
0.86;-0.83;2.10826e-33
0.86;-0.82;2.12815e-33
0.86;-0.81;2.15819e-33
0.86;-0.8;2.18162e-33
0.86;-0.79;2.21612e-33
0.86;-0.78;2.24019e-33
0.86;-0.77;2.27359e-33
0.86;-0.76;2.30001e-33
0.86;-0.75;2.33587e-33
0.86;-0.74;-1.28833e-19
0.86;-0.73;2.39616e-33
0.86;-0.72;2.4289e-33
0.86;-0.71;-1.01628e-19
0.86;-0.7;2.49487e-33
0.86;-0.69;2.52573e-33
0.86;-0.68;2.56563e-33
0.86;-0.67;2.60022e-33
0.86;-0.66;2.64145e-33
0.86;-0.65;1.49542e-19
0.86;-0.64;2.71641e-33
0.86;-0.63;2.76092e-33
0.86;-0.62;2.80098e-33
0.86;-0.61;2.84528e-33
0.86;-0.6;2.88807e-33
0.86;-0.59;2.93105e-33
0.86;-0.58;2.97413e-33
0.86;-0.57;3.02111e-33
0.86;-0.56;3.07139e-33
0.86;-0.55;3.11861e-33
0.86;-0.54;3.16546e-33
0.86;-0.53;1.77059e-19
0.86;-0.52;3.26444e-33
0.86;-0.51;3.44627e-05
0.86;-0.5;0.00140113
0.86;-0.49;0.00278379
0.86;-0.48;0.00416903
0.86;-0.47;0.00556697
0.86;-0.46;0.00698749
0.86;-0.45;0.00838776
0.86;-0.44;0.00978038
0.86;-0.43;0.0112036
0.86;-0.42;0.0125893
0.86;-0.41;0.0140006
0.86;-0.4;0.0154086
0.86;-0.39;0.0167897
0.86;-0.38;0.0181786
0.86;-0.37;0.0195359
0.86;-0.36;0.0208901
0.86;-0.35;0.022252
0.86;-0.34;0.0235784
0.86;-0.33;0.0248958
0.86;-0.32;0.0262074
0.86;-0.31;0.0274848
0.86;-0.3;0.0287313
0.86;-0.29;0.0299685
0.86;-0.28;0.0311941
0.86;-0.27;0.0323641
0.86;-0.26;0.0335174
0.86;-0.25;0.0346467
0.86;-0.24;0.0357527
0.86;-0.23;0.0368081
0.86;-0.22;0.0378208
0.86;-0.21;0.0388109
0.86;-0.2;0.039788
0.86;-0.19;0.0407034
0.86;-0.18;0.0415753
0.86;-0.17;0.0424231
0.86;-0.16;0.0432036
0.86;-0.15;0.043964
0.86;-0.14;0.044683
0.86;-0.13;0.0453564
0.86;-0.12;0.0459673
0.86;-0.11;0.0465284
0.86;-0.1;0.0470525
0.86;-0.09;0.0475289
0.86;-0.08;0.0479605
0.86;-0.07;0.0483437
0.86;-0.06;0.0486906
0.86;-0.05;0.0489816
0.86;-0.04;0.0492111
0.86;-0.03;0.049379
0.86;-0.02;0.0495287
0.86;-0.01;0.049602
0.86;0;0.0496114
0.86;0.01;0.0496047
0.86;0.02;0.0495177
0.86;0.03;0.0493821
0.86;0.04;0.0492029
0.86;0.05;0.0489629
0.86;0.06;0.0486832
0.86;0.07;0.0483501
0.86;0.08;0.0479624
0.86;0.09;0.0475335
0.86;0.1;0.0470665
0.86;0.11;0.0465396
0.86;0.12;0.0459691
0.86;0.13;0.0453479
0.86;0.14;0.0446831
0.86;0.15;0.0439645
0.86;0.16;0.0432115
0.86;0.17;0.0424289
0.86;0.18;0.0415735
0.86;0.19;0.040701
0.86;0.2;0.0397866
0.86;0.21;0.0388211
0.86;0.22;0.0378225
0.86;0.23;0.0368136
0.86;0.24;0.0357499
0.86;0.25;0.0346401
0.86;0.26;0.0335091
0.86;0.27;0.0323564
0.86;0.28;0.031194
0.86;0.29;0.0299682
0.86;0.3;0.0287212
0.86;0.31;0.0274751
0.86;0.32;0.0261942
0.86;0.33;0.0248895
0.86;0.34;0.023575
0.86;0.35;0.0222483
0.86;0.36;0.0208817
0.86;0.37;0.0195308
0.86;0.38;0.0181739
0.86;0.39;0.0167822
0.86;0.4;0.0153939
0.86;0.41;0.0140077
0.86;0.42;0.0125987
0.86;0.43;0.0112096
0.86;0.44;0.00978178
0.86;0.45;0.00838827
0.86;0.46;0.00699027
0.86;0.47;0.0055638
0.86;0.48;0.00417348
0.86;0.49;0.00280576
0.86;0.5;0.00140882
0.86;0.51;3.5249e-05
0.86;0.52;3.26245e-33
0.86;0.53;3.21568e-33
0.86;0.54;3.1617e-33
0.86;0.55;3.11213e-33
0.86;0.56;3.06723e-33
0.86;0.57;3.0239e-33
0.86;0.58;2.97981e-33
0.86;0.59;2.93035e-33
0.86;0.6;2.88529e-33
0.86;0.61;2.84172e-33
0.86;0.62;2.79794e-33
0.86;0.63;2.75862e-33
0.86;0.64;2.71522e-33
0.86;0.65;2.67797e-33
0.86;0.66;2.64178e-33
0.86;0.67;2.60202e-33
0.86;0.68;2.56781e-33
0.86;0.69;2.52688e-33
0.86;0.7;-1.35572e-19
0.86;0.71;2.46053e-33
0.86;0.72;2.42925e-33
0.86;0.73;2.39511e-33
0.86;0.74;2.36329e-33
0.86;0.75;2.33642e-33
0.86;0.76;2.29987e-33
0.86;0.77;2.2728e-33
0.86;0.78;2.23704e-33
0.86;0.79;2.21185e-33
0.86;0.8;2.18023e-33
0.86;0.81;4.35752e-20
0.86;0.82;2.1272e-33
0.86;0.83;2.10655e-33
0.86;0.84;2.07758e-33
0.86;0.85;2.05606e-33
0.86;0.86;2.03201e-33
0.86;0.87;2.00797e-33
0.86;0.88;-1.10716e-19
0.86;0.89;1.95652e-33
0.86;0.9;1.94044e-33
0.86;0.91;1.9123e-33
0.86;0.92;1.89773e-33
0.86;0.93;1.87141e-33
0.86;0.94;1.85389e-33
0.86;0.95;1.83462e-33
0.86;0.96;1.81016e-33
0.86;0.97;1.80134e-33
0.86;0.98;1.76851e-33
0.86;0.99;1.76851e-33
0.87;-1;1.76577e-33
0.87;-0.99;1.78052e-33
0.87;-0.98;1.80385e-33
0.87;-0.97;1.81371e-33
0.87;-0.96;1.83709e-33
0.87;-0.95;1.85392e-33
0.87;-0.94;-1.04941e-19
0.87;-0.93;1.90075e-33
0.87;-0.92;1.91429e-33
0.87;-0.91;1.94124e-33
0.87;-0.9;1.95607e-33
0.87;-0.89;1.98555e-33
0.87;-0.88;2.00576e-33
0.87;-0.87;2.03051e-33
0.87;-0.86;2.05527e-33
0.87;-0.85;2.0771e-33
0.87;-0.84;2.10751e-33
0.87;-0.83;2.12667e-33
0.87;-0.82;2.15672e-33
0.87;-0.81;2.17911e-33
0.87;-0.8;2.21361e-33
0.87;-0.79;2.23699e-33
0.87;-0.78;2.27039e-33
0.87;-0.77;2.29576e-33
0.87;-0.76;2.33162e-33
0.87;-0.75;1.28833e-19
0.87;-0.74;2.39438e-33
0.87;-0.73;2.42287e-33
0.87;-0.72;2.45715e-33
0.87;-0.71;2.48829e-33
0.87;-0.7;2.51759e-33
0.87;-0.69;2.55749e-33
0.87;-0.68;2.59098e-33
0.87;-0.67;2.6322e-33
0.87;-0.66;2.66798e-33
0.87;-0.65;2.7107e-33
0.87;-0.64;2.74918e-33
0.87;-0.63;2.78844e-33
0.87;-0.62;2.83274e-33
0.87;-0.61;2.87389e-33
0.87;-0.6;2.92085e-33
0.87;-0.59;2.96033e-33
0.87;-0.58;3.00319e-33
0.87;-0.57;3.05609e-33
0.87;-0.56;3.10177e-33
0.87;-0.55;3.14717e-33
0.87;-0.54;3.19607e-33
0.87;-0.53;-1.77059e-19
0.87;-0.52;3.29431e-33
0.87;-0.51;3.34552e-33
0.87;-0.5;3.39461e-33
0.87;-0.49;0.000409289
0.87;-0.48;0.00177966
0.87;-0.47;0.00317281
0.87;-0.46;0.00457582
0.87;-0.45;0.00595944
0.87;-0.44;0.00736552
0.87;-0.43;0.00874363
0.87;-0.42;0.0101554
0.87;-0.41;0.0115509
0.87;-0.4;0.0129206
0.87;-0.39;0.0143103
0.87;-0.38;0.0156997
0.87;-0.37;0.017062
0.87;-0.36;0.0184316
0.87;-0.35;0.0197661
0.87;-0.34;0.0210956
0.87;-0.33;0.0224065
0.87;-0.32;0.0237226
0.87;-0.31;0.0249837
0.87;-0.3;0.0262266
0.87;-0.29;0.0274802
0.87;-0.28;0.0286932
0.87;-0.27;0.0298567
0.87;-0.26;0.0310171
0.87;-0.25;0.0321481
0.87;-0.24;0.033239
0.87;-0.23;0.0342903
0.87;-0.22;0.0353266
0.87;-0.21;0.0363373
0.87;-0.2;0.0373062
0.87;-0.19;0.0382231
0.87;-0.18;0.0390906
0.87;-0.17;0.0399328
0.87;-0.16;0.040732
0.87;-0.15;0.0415
0.87;-0.14;0.0422178
0.87;-0.13;0.0428714
0.87;-0.12;0.0434897
0.87;-0.11;0.0440699
0.87;-0.1;0.0445877
0.87;-0.09;0.0450729
0.87;-0.08;0.0455159
0.87;-0.07;0.0459054
0.87;-0.06;0.046238
0.87;-0.05;0.0465102
0.87;-0.04;0.0467614
0.87;-0.03;0.0469523
0.87;-0.02;0.0470724
0.87;-0.01;0.047154
0.87;0;0.0471813
0.87;0.01;0.0471472
0.87;0.02;0.0470776
0.87;0.03;0.0469395
0.87;0.04;0.0467598
0.87;0.05;0.0465322
0.87;0.06;0.0462441
0.87;0.07;0.045906
0.87;0.08;0.0455159
0.87;0.09;0.0450847
0.87;0.1;0.0446078
0.87;0.11;0.0440709
0.87;0.12;0.043492
0.87;0.13;0.0428812
0.87;0.14;0.0422145
0.87;0.15;0.0415055
0.87;0.16;0.040744
0.87;0.17;0.0399432
0.87;0.18;0.0390868
0.87;0.19;0.0382075
0.87;0.2;0.0373043
0.87;0.21;0.0363286
0.87;0.22;0.0353257
0.87;0.23;0.0342955
0.87;0.24;0.0332505
0.87;0.25;0.0321642
0.87;0.26;0.0310221
0.87;0.27;0.0298673
0.87;0.28;0.0286929
0.87;0.29;0.0274836
0.87;0.3;0.0262477
0.87;0.31;0.0249823
0.87;0.32;0.0237216
0.87;0.33;0.0224078
0.87;0.34;0.0210988
0.87;0.35;0.0197637
0.87;0.36;0.0184143
0.87;0.37;0.0170629
0.87;0.38;0.0156953
0.87;0.39;0.0143207
0.87;0.4;0.0129366
0.87;0.41;0.0115552
0.87;0.42;0.0101526
0.87;0.43;0.00873995
0.87;0.44;0.00736732
0.87;0.45;0.0059562
0.87;0.46;0.00455501
0.87;0.47;0.00316984
0.87;0.48;0.00178133
0.87;0.49;0.000410703
0.87;0.5;3.40106e-33
0.87;0.51;9.26445e-20
0.87;0.52;3.29122e-33
0.87;0.53;3.24414e-33
0.87;0.54;3.19638e-33
0.87;0.55;3.14097e-33
0.87;0.56;3.09612e-33
0.87;0.57;8.25806e-20
0.87;0.58;3.00861e-33
0.87;0.59;2.96396e-33
0.87;0.6;2.9188e-33
0.87;0.61;2.8708e-33
0.87;0.62;2.82933e-33
0.87;0.63;2.78554e-33
0.87;0.64;2.74717e-33
0.87;0.65;-1.12092e-19
0.87;0.66;2.66774e-33
0.87;0.67;2.63286e-33
0.87;0.68;2.5931e-33
0.87;0.69;2.55946e-33
0.87;0.7;2.51853e-33
0.87;0.71;2.48949e-33
0.87;0.72;2.45871e-33
0.87;0.73;2.42297e-33
0.87;0.74;1.65064e-20
0.87;0.75;2.35837e-33
0.87;0.76;2.3321e-33
0.87;0.77;2.29554e-33
0.87;0.78;2.26937e-33
0.87;0.79;2.23361e-33
0.87;0.8;2.20955e-33
0.87;0.81;2.17793e-33
0.87;0.82;8.71505e-20
0.87;0.83;2.12566e-33
0.87;0.84;2.10583e-33
0.87;0.85;2.07686e-33
0.87;0.86;2.05606e-33
0.87;0.87;2.03201e-33
0.87;0.88;2.00797e-33
0.87;0.89;-1.10716e-19
0.87;0.9;1.95729e-33
0.87;0.91;1.94189e-33
0.87;0.92;1.91375e-33
0.87;0.93;1.89979e-33
0.87;0.94;1.87347e-33
0.87;0.95;1.85389e-33
0.87;0.96;1.83709e-33
0.87;0.97;1.81016e-33
0.87;0.98;1.80428e-33
0.87;0.99;1.76851e-33
0.88;-1;1.78365e-33
0.88;-0.99;1.80698e-33
0.88;-0.98;1.81618e-33
0.88;-0.97;1.83957e-33
0.88;-0.96;1.85392e-33
0.88;-0.95;1.04941e-19
0.88;-0.94;1.90285e-33
0.88;-0.93;1.91568e-33
0.88;-0.92;1.94263e-33
0.88;-0.91;1.95682e-33
0.88;-0.9;1.9863e-33
0.88;-0.89;2.00576e-33
0.88;-0.88;2.03051e-33
0.88;-0.87;2.05527e-33
0.88;-0.86;2.07635e-33
0.88;-0.85;2.10675e-33
0.88;-0.84;-1.16295e-19
0.88;-0.83;2.15524e-33
0.88;-0.82;2.1766e-33
0.88;-0.81;2.2111e-33
0.88;-0.8;2.23379e-33
0.88;-0.79;2.26719e-33
0.88;-0.78;2.29152e-33
0.88;-0.77;2.32738e-33
0.88;-0.76;2.35334e-33
0.88;-0.75;2.38932e-33
0.88;-0.74;2.41684e-33
0.88;-0.73;2.45404e-33
0.88;-0.72;2.48171e-33
0.88;-0.71;2.51537e-33
0.88;-0.7;2.54935e-33
0.88;-0.69;2.58173e-33
0.88;-0.68;2.62295e-33
0.88;-0.67;2.65755e-33
0.88;-0.66;2.70026e-33
0.88;-0.65;2.73744e-33
0.88;-0.64;2.78176e-33
0.88;-0.63;2.8202e-33
0.88;-0.62;2.85972e-33
0.88;-0.61;2.90667e-33
0.88;-0.6;2.94653e-33
0.88;-0.59;2.98766e-33
0.88;-0.58;3.03818e-33
0.88;-0.57;3.08494e-33
0.88;-0.56;3.13215e-33
0.88;-0.55;3.17777e-33
0.88;-0.54;-8.85294e-20
0.88;-0.53;3.27544e-33
0.88;-0.52;3.32459e-33
0.88;-0.51;3.37377e-33
0.88;-0.5;3.42274e-33
0.88;-0.49;3.47769e-33
0.88;-0.48;3.53381e-33
0.88;-0.47;0.000673105
0.88;-0.46;0.00206286
0.88;-0.45;0.00343813
0.88;-0.44;0.00482598
0.88;-0.43;0.00621954
0.88;-0.42;0.00760648
0.88;-0.41;0.00898705
0.88;-0.4;0.01036
0.88;-0.39;0.0117442
0.88;-0.38;0.0131041
0.88;-0.37;0.0144443
0.88;-0.36;0.0158206
0.88;-0.35;0.0171443
0.88;-0.34;0.018479
0.88;-0.33;0.0197879
0.88;-0.32;0.0210722
0.88;-0.31;0.0223446
0.88;-0.3;0.0236059
0.88;-0.29;0.0248422
0.88;-0.28;0.0260359
0.88;-0.27;0.0272213
0.88;-0.26;0.0283711
0.88;-0.25;0.0295138
0.88;-0.24;0.0305914
0.88;-0.23;0.0316607
0.88;-0.22;0.0327019
0.88;-0.21;0.0337083
0.88;-0.2;0.0346577
0.88;-0.19;0.0355604
0.88;-0.18;0.0364513
0.88;-0.17;0.0372927
0.88;-0.16;0.0380969
0.88;-0.15;0.0388628
0.88;-0.14;0.0395689
0.88;-0.13;0.0402341
0.88;-0.12;0.0408644
0.88;-0.11;0.0414419
0.88;-0.1;0.0419685
0.88;-0.09;0.0424605
0.88;-0.08;0.0429081
0.88;-0.07;0.0432914
0.88;-0.06;0.0436236
0.88;-0.05;0.0439059
0.88;-0.04;0.0441357
0.88;-0.03;0.0443139
0.88;-0.02;0.0444479
0.88;-0.01;0.0445257
0.88;0;0.04455
0.88;0.01;0.0445268
0.88;0.02;0.0444466
0.88;0.03;0.0443231
0.88;0.04;0.0441466
0.88;0.05;0.0439096
0.88;0.06;0.043627
0.88;0.07;0.043286
0.88;0.08;0.0428943
0.88;0.09;0.0424598
0.88;0.1;0.04198
0.88;0.11;0.0414401
0.88;0.12;0.0408627
0.88;0.13;0.0402386
0.88;0.14;0.0395825
0.88;0.15;0.0388726
0.88;0.16;0.0381024
0.88;0.17;0.037305
0.88;0.18;0.0364491
0.88;0.19;0.0355764
0.88;0.2;0.0346569
0.88;0.21;0.0336949
0.88;0.22;0.0326841
0.88;0.23;0.0316445
0.88;0.24;0.0305928
0.88;0.25;0.0295139
0.88;0.26;0.0283787
0.88;0.27;0.0272108
0.88;0.28;0.0260447
0.88;0.29;0.0248471
0.88;0.3;0.0236172
0.88;0.31;0.0223513
0.88;0.32;0.0210872
0.88;0.33;0.0197933
0.88;0.34;0.0184813
0.88;0.35;0.0171537
0.88;0.36;0.0158342
0.88;0.37;0.0144697
0.88;0.38;0.013105
0.88;0.39;0.0117378
0.88;0.4;0.0103535
0.88;0.41;0.00896051
0.88;0.42;0.00759869
0.88;0.43;0.0062018
0.88;0.44;0.00481817
0.88;0.45;0.00344188
0.88;0.46;0.00206091
0.88;0.47;0.000672166
0.88;0.48;3.53236e-33
0.88;0.49;3.48309e-33
0.88;0.5;3.43409e-33
0.88;0.51;3.3766e-33
0.88;0.52;-1.85289e-19
0.88;0.53;3.2726e-33
0.88;0.54;3.22582e-33
0.88;0.55;3.17565e-33
0.88;0.56;3.12501e-33
0.88;0.57;3.08011e-33
0.88;0.58;3.03848e-33
0.88;0.59;2.99534e-33
0.88;0.6;2.94811e-33
0.88;0.61;2.90431e-33
0.88;0.62;2.85631e-33
0.88;0.63;2.81694e-33
0.88;0.64;2.77894e-33
0.88;0.65;2.73572e-33
0.88;0.66;-7.47283e-20
0.88;0.67;2.65751e-33
0.88;0.68;2.62394e-33
0.88;0.69;2.58418e-33
0.88;0.7;2.55111e-33
0.88;0.71;2.51625e-33
0.88;0.72;2.48299e-33
0.88;0.73;-3.3893e-20
0.88;0.74;2.41668e-33
0.88;0.75;3.30128e-20
0.88;0.76;2.35345e-33
0.88;0.77;2.32777e-33
0.88;0.78;2.29121e-33
0.88;0.79;2.26595e-33
0.88;0.8;2.23019e-33
0.88;0.81;2.20725e-33
0.88;0.82;2.17563e-33
0.88;0.83;8.71505e-20
0.88;0.84;2.12413e-33
0.88;0.85;2.10511e-33
0.88;0.86;2.07614e-33
0.88;0.87;2.05606e-33
0.88;0.88;2.03201e-33
0.88;0.89;2.00797e-33
0.88;0.9;1.98812e-33
0.88;0.91;1.95805e-33
0.88;0.92;1.94334e-33
0.88;0.93;1.9152e-33
0.88;0.94;1.90186e-33
0.88;0.95;1.87554e-33
0.88;0.96;1.85389e-33
0.88;0.97;1.83957e-33
0.88;0.98;1.81016e-33
0.88;0.99;1.80723e-33
0.89;-1;1.8101e-33
0.89;-0.99;1.81866e-33
0.89;-0.98;1.84205e-33
0.89;-0.97;1.85392e-33
0.89;-0.96;-1.04941e-19
0.89;-0.95;1.90354e-33
0.89;-0.94;1.91707e-33
0.89;-0.93;1.94402e-33
0.89;-0.92;1.95757e-33
0.89;-0.91;1.98705e-33
0.89;-0.9;2.00576e-33
0.89;-0.89;2.03051e-33
0.89;-0.88;2.05527e-33
0.89;-0.87;2.07559e-33
0.89;-0.86;2.106e-33
0.89;-0.85;1.16295e-19
0.89;-0.84;2.15377e-33
0.89;-0.83;2.1741e-33
0.89;-0.82;2.20859e-33
0.89;-0.81;2.23059e-33
0.89;-0.8;2.26399e-33
0.89;-0.79;2.28727e-33
0.89;-0.78;2.32313e-33
0.89;-0.77;-1.28833e-19
0.89;-0.76;2.38427e-33
0.89;-0.75;2.41081e-33
0.89;-0.74;2.44801e-33
0.89;-0.73;1.35504e-19
0.89;-0.72;2.51102e-33
0.89;-0.71;2.54121e-33
0.89;-0.7;2.57946e-33
0.89;-0.69;2.61371e-33
0.89;-0.68;1.21503e-19
0.89;-0.67;2.68983e-33
0.89;-0.66;2.7257e-33
0.89;-0.65;2.7702e-33
0.89;-0.64;2.80767e-33
0.89;-0.63;2.85025e-33
0.89;-0.62;2.8925e-33
0.89;-0.61;2.93272e-33
0.89;-0.6;2.9758e-33
0.89;-0.59;3.02027e-33
0.89;-0.58;3.0681e-33
0.89;-0.57;3.11532e-33
0.89;-0.56;3.15948e-33
0.89;-0.55;3.20837e-33
0.89;-0.54;3.25559e-33
0.89;-0.53;3.30367e-33
0.89;-0.52;3.35488e-33
0.89;-0.51;3.40191e-33
0.89;-0.5;3.45239e-33
0.89;-0.49;3.50962e-33
0.89;-0.48;3.5637e-33
0.89;-0.47;-2.02714e-19
0.89;-0.46;3.67925e-33
0.89;-0.45;0.000791538
0.89;-0.44;0.00215204
0.89;-0.43;0.00354878
0.89;-0.42;0.0049183
0.89;-0.41;0.00627735
0.89;-0.4;0.00766532
0.89;-0.39;0.00902743
0.89;-0.38;0.0103789
0.89;-0.37;0.0117468
0.89;-0.36;0.0130797
0.89;-0.35;0.0144217
0.89;-0.34;0.0157403
0.89;-0.33;0.017041
0.89;-0.32;0.0183246
0.89;-0.31;0.0195919
0.89;-0.3;0.0208587
0.89;-0.29;0.0220653
0.89;-0.28;0.0232715
0.89;-0.27;0.0244369
0.89;-0.26;0.025601
0.89;-0.25;0.0267221
0.89;-0.24;0.0278109
0.89;-0.23;0.028875
0.89;-0.22;0.0299092
0.89;-0.21;0.0309016
0.89;-0.2;0.0318451
0.89;-0.19;0.0327688
0.89;-0.18;0.0336528
0.89;-0.17;0.0345114
0.89;-0.16;0.035334
0.89;-0.15;0.0360742
0.89;-0.14;0.0367782
0.89;-0.13;0.0374454
0.89;-0.12;0.0380678
0.89;-0.11;0.0386503
0.89;-0.1;0.0391809
0.89;-0.09;0.039678
0.89;-0.08;0.0401285
0.89;-0.07;0.0405059
0.89;-0.06;0.0408212
0.89;-0.05;0.0410988
0.89;-0.04;0.041337
0.89;-0.03;0.0415268
0.89;-0.02;0.041652
0.89;-0.01;0.0417348
0.89;0;0.0417582
0.89;0.01;0.0417369
0.89;0.02;0.0416483
0.89;0.03;0.0415249
0.89;0.04;0.0413447
0.89;0.05;0.041116
0.89;0.06;0.0408322
0.89;0.07;0.0405033
0.89;0.08;0.0401085
0.89;0.09;0.0396723
0.89;0.1;0.0391818
0.89;0.11;0.0386476
0.89;0.12;0.0380629
0.89;0.13;0.0374346
0.89;0.14;0.0367705
0.89;0.15;0.0360637
0.89;0.16;0.0353173
0.89;0.17;0.0345
0.89;0.18;0.0336556
0.89;0.19;0.0327667
0.89;0.2;0.0318599
0.89;0.21;0.0309047
0.89;0.22;0.0299103
0.89;0.23;0.0288652
0.89;0.24;0.0277986
0.89;0.25;0.0267154
0.89;0.26;0.0256042
0.89;0.27;0.0244301
0.89;0.28;0.0232464
0.89;0.29;0.0220611
0.89;0.3;0.0208408
0.89;0.31;0.0195872
0.89;0.32;0.0183247
0.89;0.33;0.0170406
0.89;0.34;0.0157394
0.89;0.35;0.0144138
0.89;0.36;0.0130968
0.89;0.37;0.0117585
0.89;0.38;0.0103976
0.89;0.39;0.0090434
0.89;0.4;0.00767356
0.89;0.41;0.00627637
0.89;0.42;0.00491649
0.89;0.43;0.00355349
0.89;0.44;0.0021527
0.89;0.45;0.000807664
0.89;0.46;3.67659e-33
0.89;0.47;3.61591e-33
0.89;0.48;3.56035e-33
0.89;0.49;3.51004e-33
0.89;0.5;3.46175e-33
0.89;0.51;3.40963e-33
0.89;0.52;9.26445e-20
0.89;0.53;3.30107e-33
0.89;0.54;3.25429e-33
0.89;0.55;3.21032e-33
0.89;0.56;3.15492e-33
0.89;0.57;3.109e-33
0.89;0.58;3.06411e-33
0.89;0.59;3.02319e-33
0.89;0.6;2.98172e-33
0.89;0.61;2.93227e-33
0.89;0.62;2.88982e-33
0.89;0.63;2.84664e-33
0.89;0.64;2.80454e-33
0.89;0.65;7.66075e-20
0.89;0.66;2.72427e-33
0.89;0.67;-1.49457e-19
0.89;0.68;2.64727e-33
0.89;0.69;2.61502e-33
0.89;0.7;2.582e-33
0.89;0.71;2.54276e-33
0.89;0.72;2.51196e-33
0.89;0.73;2.47649e-33
0.89;0.74;1.35572e-19
0.89;0.75;2.41039e-33
0.89;0.76;2.38354e-33
0.89;0.77;2.34853e-33
0.89;0.78;2.32344e-33
0.89;0.79;2.28689e-33
0.89;0.8;2.26252e-33
0.89;0.81;2.22676e-33
0.89;0.82;2.20495e-33
0.89;0.83;2.17333e-33
0.89;0.84;-1.16201e-19
0.89;0.85;2.1226e-33
0.89;0.86;2.10439e-33
0.89;0.87;2.07542e-33
0.89;0.88;2.05606e-33
0.89;0.89;2.03201e-33
0.89;0.9;2.00797e-33
0.89;0.91;1.98889e-33
0.89;0.92;1.95882e-33
0.89;0.93;1.94479e-33
0.89;0.94;1.91665e-33
0.89;0.95;1.90253e-33
0.89;0.96;1.8776e-33
0.89;0.97;1.85389e-33
0.89;0.98;1.84204e-33
0.89;0.99;1.81016e-33
0.9;-1;1.82114e-33
0.9;-0.99;1.84453e-33
0.9;-0.98;1.85392e-33
0.9;-0.97;1.88021e-33
0.9;-0.96;1.90354e-33
0.9;-0.95;1.91846e-33
0.9;-0.94;1.94541e-33
0.9;-0.93;1.95832e-33
0.9;-0.92;1.9878e-33
0.9;-0.91;2.00576e-33
0.9;-0.9;2.03051e-33
0.9;-0.89;2.05527e-33
0.9;-0.88;2.07484e-33
0.9;-0.87;2.10524e-33
0.9;-0.86;-1.16295e-19
0.9;-0.85;2.1523e-33
0.9;-0.84;2.17159e-33
0.9;-0.83;2.20609e-33
0.9;-0.82;2.22739e-33
0.9;-0.81;2.26079e-33
0.9;-0.8;2.28303e-33
0.9;-0.79;2.31889e-33
0.9;-0.78;3.22082e-20
0.9;-0.77;2.37921e-33
0.9;-0.76;2.40478e-33
0.9;-0.75;2.44198e-33
0.9;-0.74;1.35504e-19
0.9;-0.73;2.50445e-33
0.9;-0.72;2.53307e-33
0.9;-0.71;2.57946e-33
0.9;-0.7;2.60446e-33
0.9;-0.69;2.64503e-33
0.9;-0.68;2.6794e-33
0.9;-0.67;2.71396e-33
0.9;-0.66;2.75846e-33
0.9;-0.65;2.79513e-33
0.9;-0.64;2.85025e-33
0.9;-0.63;2.87833e-33
0.9;-0.62;2.92221e-33
0.9;-0.61;2.962e-33
0.9;-0.6;3.00236e-33
0.9;-0.59;3.05525e-33
0.9;-0.58;3.09849e-33
0.9;-0.57;3.14118e-33
0.9;-0.56;3.19008e-33
0.9;-0.55;-1.77059e-19
0.9;-0.54;3.28501e-33
0.9;-0.53;3.33395e-33
0.9;-0.52;3.38108e-33
0.9;-0.51;3.43004e-33
0.9;-0.5;3.48432e-33
0.9;-0.49;3.5384e-33
0.9;-0.48;1.02149e-19
0.9;-0.47;3.65154e-33
0.9;-0.46;3.70614e-33
0.9;-0.45;3.75849e-33
0.9;-0.44;3.81188e-33
0.9;-0.43;0.000776309
0.9;-0.42;0.0021304
0.9;-0.41;0.0035098
0.9;-0.4;0.00484155
0.9;-0.39;0.00618736
0.9;-0.38;0.00755996
0.9;-0.37;0.00890743
0.9;-0.36;0.0102406
0.9;-0.35;0.0115544
0.9;-0.34;0.0128741
0.9;-0.33;0.014147
0.9;-0.32;0.0154261
0.9;-0.31;0.0167022
0.9;-0.3;0.0179424
0.9;-0.29;0.0191513
0.9;-0.28;0.0203482
0.9;-0.27;0.0215314
0.9;-0.26;0.0226725
0.9;-0.25;0.0237905
0.9;-0.24;0.0248786
0.9;-0.23;0.0259451
0.9;-0.22;0.0269817
0.9;-0.21;0.027952
0.9;-0.2;0.0289051
0.9;-0.19;0.0298217
0.9;-0.18;0.0307079
0.9;-0.17;0.0315681
0.9;-0.16;0.0323694
0.9;-0.15;0.0331055
0.9;-0.14;0.033807
0.9;-0.13;0.0344819
0.9;-0.12;0.0351105
0.9;-0.11;0.0356911
0.9;-0.1;0.0362338
0.9;-0.09;0.0367241
0.9;-0.08;0.0371581
0.9;-0.07;0.037535
0.9;-0.06;0.0378606
0.9;-0.05;0.0381429
0.9;-0.04;0.0383776
0.9;-0.03;0.038563
0.9;-0.02;0.0386839
0.9;-0.01;0.0387651
0.9;0;0.0387901
0.9;0.01;0.0387627
0.9;0.02;0.03869
0.9;0.03;0.0385619
0.9;0.04;0.0383882
0.9;0.05;0.0381457
0.9;0.06;0.0378665
0.9;0.07;0.0375395
0.9;0.08;0.0371669
0.9;0.09;0.0367301
0.9;0.1;0.0362337
0.9;0.11;0.0356951
0.9;0.12;0.0351116
0.9;0.13;0.0344816
0.9;0.14;0.0338275
0.9;0.15;0.0331175
0.9;0.16;0.0323608
0.9;0.17;0.031561
0.9;0.18;0.030706
0.9;0.19;0.0298298
0.9;0.2;0.028902
0.9;0.21;0.0279505
0.9;0.22;0.0269661
0.9;0.23;0.0259399
0.9;0.24;0.0248611
0.9;0.25;0.0237717
0.9;0.26;0.0226627
0.9;0.27;0.0215335
0.9;0.28;0.0203457
0.9;0.29;0.0191481
0.9;0.3;0.0179321
0.9;0.31;0.0166961
0.9;0.32;0.015441
0.9;0.33;0.0141555
0.9;0.34;0.0128708
0.9;0.35;0.0115596
0.9;0.36;0.010223
0.9;0.37;0.00890994
0.9;0.38;0.00756543
0.9;0.39;0.00623348
0.9;0.4;0.00487265
0.9;0.41;0.00351392
0.9;0.42;0.00213072
0.9;0.43;0.000777455
0.9;0.44;3.81691e-33
0.9;0.45;3.75927e-33
0.9;0.46;3.70454e-33
0.9;0.47;3.64807e-33
0.9;0.48;3.58687e-33
0.9;0.49;3.53666e-33
0.9;0.5;3.48869e-33
0.9;0.51;3.44348e-33
0.9;0.52;3.38518e-33
0.9;0.53;1.85289e-19
0.9;0.54;3.28142e-33
0.9;0.55;3.23597e-33
0.9;0.56;3.18959e-33
0.9;0.57;3.13419e-33
0.9;0.58;3.093e-33
0.9;0.59;8.25806e-20
0.9;0.6;3.00789e-33
0.9;0.61;2.96588e-33
0.9;0.62;2.9202e-33
0.9;0.63;2.87533e-33
0.9;0.64;2.84664e-33
0.9;0.65;2.79215e-33
0.9;0.66;2.75622e-33
0.9;0.67;2.71282e-33
0.9;0.68;1.49457e-19
0.9;0.69;2.64522e-33
0.9;0.7;2.6061e-33
0.9;0.71;2.57534e-33
0.9;0.72;2.53441e-33
0.9;0.73;2.50546e-33
0.9;0.74;2.46999e-33
0.9;0.75;6.77859e-20
0.9;0.76;2.4041e-33
0.9;0.77;2.37862e-33
0.9;0.78;2.34361e-33
0.9;0.79;2.31911e-33
0.9;0.8;2.28256e-33
0.9;0.81;2.25909e-33
0.9;0.82;2.22333e-33
0.9;0.83;2.20265e-33
0.9;0.84;2.17104e-33
0.9;0.85;-5.81003e-20
0.9;0.86;2.12107e-33
0.9;0.87;2.10367e-33
0.9;0.88;2.0747e-33
0.9;0.89;2.05606e-33
0.9;0.9;2.03201e-33
0.9;0.91;2.00797e-33
0.9;0.92;1.98965e-33
0.9;0.93;1.95958e-33
0.9;0.94;1.94624e-33
0.9;0.95;1.9181e-33
0.9;0.96;1.90253e-33
0.9;0.97;1.87966e-33
0.9;0.98;1.85389e-33
0.9;0.99;1.84451e-33
0.91;-1;1.84701e-33
0.91;-0.99;3.27942e-20
0.91;-0.98;1.88232e-33
0.91;-0.97;1.90354e-33
0.91;-0.96;1.91985e-33
0.91;-0.95;1.9468e-33
0.91;-0.94;1.95907e-33
0.91;-0.93;1.98856e-33
0.91;-0.92;2.00576e-33
0.91;-0.91;2.03051e-33
0.91;-0.9;2.05527e-33
0.91;-0.89;2.07408e-33
0.91;-0.88;2.10449e-33
0.91;-0.87;1.16295e-19
0.91;-0.86;2.15082e-33
0.91;-0.85;2.16908e-33
0.91;-0.84;2.20358e-33
0.91;-0.83;2.22419e-33
0.91;-0.82;2.25759e-33
0.91;-0.81;2.27878e-33
0.91;-0.8;2.31464e-33
0.91;-0.79;-7.24683e-20
0.91;-0.78;2.37416e-33
0.91;-0.77;2.39875e-33
0.91;-0.76;2.43595e-33
0.91;-0.75;2.46199e-33
0.91;-0.74;2.49787e-33
0.91;-0.73;2.52493e-33
0.91;-0.72;2.57946e-33
0.91;-0.71;2.59521e-33
0.91;-0.7;2.63644e-33
0.91;-0.69;2.66896e-33
0.91;-0.68;2.71168e-33
0.91;-0.67;2.74672e-33
0.91;-0.66;2.78259e-33
0.91;-0.65;2.85025e-33
0.91;-0.64;2.86415e-33
0.91;-0.63;2.9111e-33
0.91;-0.62;2.9482e-33
0.91;-0.61;2.98766e-33
0.91;-0.6;3.03734e-33
0.91;-0.59;3.08165e-33
0.91;-0.58;3.13791e-33
0.91;-0.57;3.17178e-33
0.91;-0.56;-1.32794e-19
0.91;-0.55;3.26659e-33
0.91;-0.54;3.31303e-33
0.91;-0.53;3.36024e-33
0.91;-0.52;3.40921e-33
0.91;-0.51;3.45902e-33
0.91;-0.5;3.51309e-33
0.91;-0.49;3.5683e-33
0.91;-0.48;3.6233e-33
0.91;-0.47;3.68026e-33
0.91;-0.46;3.73303e-33
0.91;-0.45;3.78485e-33
0.91;-0.44;3.83837e-33
0.91;-0.43;3.89633e-33
0.91;-0.42;3.9517e-33
0.91;-0.41;0.00060134
0.91;-0.4;0.00194129
0.91;-0.39;0.00329579
0.91;-0.38;0.00461543
0.91;-0.37;0.00593113
0.91;-0.36;0.00726036
0.91;-0.35;0.00858833
0.91;-0.34;0.00985807
0.91;-0.33;0.0111502
0.91;-0.32;0.0124232
0.91;-0.31;0.0136721
0.91;-0.3;0.0148779
0.91;-0.29;0.0160872
0.91;-0.28;0.0172941
0.91;-0.27;0.0184739
0.91;-0.26;0.0196035
0.91;-0.25;0.0207204
0.91;-0.24;0.0218058
0.91;-0.23;0.0228622
0.91;-0.22;0.0238707
0.91;-0.21;0.0248494
0.91;-0.2;0.025797
0.91;-0.19;0.0267242
0.91;-0.18;0.0276081
0.91;-0.17;0.0284418
0.91;-0.16;0.0292288
0.91;-0.15;0.029985
0.91;-0.14;0.0306966
0.91;-0.13;0.0313877
0.91;-0.12;0.032001
0.91;-0.11;0.0325781
0.91;-0.1;0.0331096
0.91;-0.09;0.0335856
0.91;-0.08;0.0340076
0.91;-0.07;0.0343999
0.91;-0.06;0.0347337
0.91;-0.05;0.0350146
0.91;-0.04;0.0352606
0.91;-0.03;0.0354226
0.91;-0.02;0.0355491
0.91;-0.01;0.0356359
0.91;0;0.0356685
0.91;0.01;0.0356285
0.91;0.02;0.0355493
0.91;0.03;0.0354158
0.91;0.04;0.0352384
0.91;0.05;0.0350106
0.91;0.06;0.0347326
0.91;0.07;0.0343954
0.91;0.08;0.0340264
0.91;0.09;0.0336003
0.91;0.1;0.0331221
0.91;0.11;0.0325859
0.91;0.12;0.0319962
0.91;0.13;0.0313626
0.91;0.14;0.0306952
0.91;0.15;0.0299898
0.91;0.16;0.0292447
0.91;0.17;0.0284412
0.91;0.18;0.0276106
0.91;0.19;0.0267278
0.91;0.2;0.0258212
0.91;0.21;0.0248604
0.91;0.22;0.0238848
0.91;0.23;0.0228661
0.91;0.24;0.0218011
0.91;0.25;0.0207161
0.91;0.26;0.0196025
0.91;0.27;0.0184703
0.91;0.28;0.0173024
0.91;0.29;0.0161075
0.91;0.3;0.0148981
0.91;0.31;0.0136724
0.91;0.32;0.0124172
0.91;0.33;0.0111477
0.91;0.34;0.00986822
0.91;0.35;0.00858237
0.91;0.36;0.00726744
0.91;0.37;0.00592999
0.91;0.38;0.00461532
0.91;0.39;0.00328157
0.91;0.4;0.00194668
0.91;0.41;0.000615168
0.91;0.42;2.15501e-19
0.91;0.43;3.89766e-33
0.91;0.44;3.84363e-33
0.91;0.45;3.78773e-33
0.91;0.46;-2.06844e-19
0.91;0.47;3.67764e-33
0.91;0.48;3.61902e-33
0.91;0.49;3.56465e-33
0.91;0.5;3.51297e-33
0.91;0.51;3.46735e-33
0.91;0.52;3.41821e-33
0.91;0.53;3.36072e-33
0.91;0.54;3.31093e-33
0.91;0.55;3.26444e-33
0.91;0.56;3.21766e-33
0.91;0.57;3.16886e-33
0.91;0.58;3.13048e-33
0.91;0.59;3.07699e-33
0.91;0.6;1.65161e-19
0.91;0.61;2.99534e-33
0.91;0.62;2.95003e-33
0.91;0.63;2.9202e-33
0.91;0.64;2.86084e-33
0.91;0.65;2.84664e-33
0.91;0.66;2.77976e-33
0.91;0.67;2.74477e-33
0.91;0.68;2.71121e-33
0.91;0.69;2.6687e-33
0.91;0.7;2.63694e-33
0.91;0.71;2.59718e-33
0.91;0.72;2.56699e-33
0.91;0.73;2.52606e-33
0.91;0.74;2.49896e-33
0.91;0.75;2.4635e-33
0.91;0.76;2.43661e-33
0.91;0.77;2.39781e-33
0.91;0.78;-1.32051e-19
0.91;0.79;2.33869e-33
0.91;0.8;2.31479e-33
0.91;0.81;2.27823e-33
0.91;0.82;2.25567e-33
0.91;0.83;2.21991e-33
0.91;0.84;2.20035e-33
0.91;0.85;2.16874e-33
0.91;0.86;2.15078e-33
0.91;0.87;2.11953e-33
0.91;0.88;2.10295e-33
0.91;0.89;2.07398e-33
0.91;0.9;2.05606e-33
0.91;0.91;2.03201e-33
0.91;0.92;2.00797e-33
0.91;0.93;1.99042e-33
0.91;0.94;1.96035e-33
0.91;0.95;1.94769e-33
0.91;0.96;1.91955e-33
0.91;0.97;1.90253e-33
0.91;0.98;1.88173e-33
0.91;0.99;1.8554e-33
0.92;-1;1.85758e-33
0.92;-0.99;1.88442e-33
0.92;-0.98;1.90354e-33
0.92;-0.97;1.92124e-33
0.92;-0.96;1.94819e-33
0.92;-0.95;1.95982e-33
0.92;-0.94;1.98931e-33
0.92;-0.93;2.00576e-33
0.92;-0.92;2.03051e-33
0.92;-0.91;2.05527e-33
0.92;-0.9;2.07333e-33
0.92;-0.89;2.10374e-33
0.92;-0.88;-1.16295e-19
0.92;-0.87;2.14935e-33
0.92;-0.86;2.16657e-33
0.92;-0.85;2.20107e-33
0.92;-0.84;2.22099e-33
0.92;-0.83;2.25439e-33
0.92;-0.82;2.27645e-33
0.92;-0.81;2.3104e-33
0.92;-0.8;2.33653e-33
0.92;-0.79;2.3691e-33
0.92;-0.78;2.39616e-33
0.92;-0.77;2.42992e-33
0.92;-0.76;2.45715e-33
0.92;-0.75;2.4913e-33
0.92;-0.74;2.51679e-33
0.92;-0.73;2.57946e-33
0.92;-0.72;2.58596e-33
0.92;-0.71;2.62719e-33
0.92;-0.7;2.65853e-33
0.92;-0.69;2.70125e-33
0.92;-0.68;2.73498e-33
0.92;-0.67;2.78176e-33
0.92;-0.66;2.85025e-33
0.92;-0.65;2.85025e-33
0.92;-0.64;2.89693e-33
0.92;-0.63;2.93439e-33
0.92;-0.62;2.98766e-33
0.92;-0.61;3.01943e-33
0.92;-0.6;3.06736e-33
0.92;-0.59;3.13791e-33
0.92;-0.58;3.15349e-33
0.92;-0.57;3.20238e-33
0.92;-0.56;3.24673e-33
0.92;-0.55;3.29211e-33
0.92;-0.54;3.35977e-33
0.92;-0.53;3.38838e-33
0.92;-0.52;3.43373e-33
0.92;-0.51;3.49095e-33
0.92;-0.5;3.54299e-33
0.92;-0.49;-5.06785e-20
0.92;-0.48;3.65457e-33
0.92;-0.47;3.70714e-33
0.92;-0.46;3.75782e-33
0.92;-0.45;3.81122e-33
0.92;-0.44;3.86609e-33
0.92;-0.43;3.92197e-33
0.92;-0.42;3.97733e-33
0.92;-0.41;4.03018e-33
0.92;-0.4;4.08825e-33
0.92;-0.39;0.000251616
0.92;-0.38;0.00155637
0.92;-0.37;0.00287949
0.92;-0.36;0.00418585
0.92;-0.35;0.00546928
0.92;-0.34;0.00674057
0.92;-0.33;0.00801137
0.92;-0.32;0.00927627
0.92;-0.31;0.010498
0.92;-0.3;0.0117223
0.92;-0.29;0.0129267
0.92;-0.28;0.0141128
0.92;-0.27;0.0152799
0.92;-0.26;0.0163972
0.92;-0.25;0.0175154
0.92;-0.24;0.0185871
0.92;-0.23;0.0196138
0.92;-0.22;0.0206083
0.92;-0.21;0.0216033
0.92;-0.2;0.0225632
0.92;-0.19;0.0234781
0.92;-0.18;0.0243387
0.92;-0.17;0.0251643
0.92;-0.16;0.0259641
0.92;-0.15;0.0267151
0.92;-0.14;0.0274376
0.92;-0.13;0.0280916
0.92;-0.12;0.0287286
0.92;-0.11;0.0293024
0.92;-0.1;0.0298212
0.92;-0.09;0.030286
0.92;-0.08;0.0307061
0.92;-0.07;0.031106
0.92;-0.06;0.0314389
0.92;-0.05;0.0317102
0.92;-0.04;0.0319376
0.92;-0.03;0.032124
0.92;-0.02;0.0322545
0.92;-0.01;0.0323393
0.92;0;0.0323781
0.92;0.01;0.0323361
0.92;0.02;0.0322481
0.92;0.03;0.0321137
0.92;0.04;0.0319384
0.92;0.05;0.0317043
0.92;0.06;0.0314354
0.92;0.07;0.0311001
0.92;0.08;0.0307239
0.92;0.09;0.0302989
0.92;0.1;0.0298227
0.92;0.11;0.0293014
0.92;0.12;0.0287252
0.92;0.13;0.0280887
0.92;0.14;0.02743
0.92;0.15;0.0267048
0.92;0.16;0.0259492
0.92;0.17;0.0251713
0.92;0.18;0.0243433
0.92;0.19;0.0234831
0.92;0.2;0.0225635
0.92;0.21;0.0216111
0.92;0.22;0.0206379
0.92;0.23;0.0196251
0.92;0.24;0.0185878
0.92;0.25;0.0174986
0.92;0.26;0.0163895
0.92;0.27;0.0152614
0.92;0.28;0.0141084
0.92;0.29;0.0129282
0.92;0.3;0.0117227
0.92;0.31;0.0105028
0.92;0.32;0.00926564
0.92;0.33;0.00800063
0.92;0.34;0.00672579
0.92;0.35;0.00546022
0.92;0.36;0.00417611
0.92;0.37;0.00284921
0.92;0.38;0.001542
0.92;0.39;0.000246688
0.92;0.4;4.10032e-33
0.92;0.41;4.04394e-33
0.92;0.42;1.0775e-19
0.92;0.43;3.92328e-33
0.92;0.44;3.86947e-33
0.92;0.45;3.81619e-33
0.92;0.46;3.75855e-33
0.92;0.47;3.70559e-33
0.92;0.48;3.65118e-33
0.92;0.49;3.58998e-33
0.92;0.5;3.54096e-33
0.92;0.51;3.49429e-33
0.92;0.52;3.446e-33
0.92;0.53;3.39375e-33
0.92;0.54;3.34283e-33
0.92;0.55;3.2889e-33
0.92;0.56;3.24612e-33
0.92;0.57;3.21261e-33
0.92;0.58;3.14813e-33
0.92;0.59;3.13048e-33
0.92;0.6;3.0634e-33
0.92;0.61;3.02247e-33
0.92;0.62;2.98364e-33
0.92;0.63;2.93419e-33
0.92;0.64;2.9202e-33
0.92;0.65;2.84664e-33
0.92;0.66;2.84664e-33
0.92;0.67;2.77672e-33
0.92;0.68;2.73332e-33
0.92;0.69;2.71121e-33
0.92;0.7;2.65847e-33
0.92;0.71;2.62802e-33
0.92;0.72;2.58826e-33
0.92;0.73;2.55864e-33
0.92;0.74;2.51771e-33
0.92;0.75;2.49246e-33
0.92;0.76;2.45871e-33
0.92;0.77;-1.35572e-19
0.92;0.78;2.39511e-33
0.92;0.79;1.32051e-19
0.92;0.8;2.3371e-33
0.92;0.81;2.31046e-33
0.92;0.82;2.27586e-33
0.92;0.83;2.25224e-33
0.92;0.84;2.21648e-33
0.92;0.85;2.19806e-33
0.92;0.86;2.16644e-33
0.92;0.87;5.81003e-20
0.92;0.88;2.118e-33
0.92;0.89;2.10224e-33
0.92;0.9;2.07326e-33
0.92;0.91;2.05606e-33
0.92;0.92;2.03201e-33
0.92;0.93;2.00797e-33
0.92;0.94;1.99119e-33
0.92;0.95;1.96111e-33
0.92;0.96;1.94914e-33
0.92;0.97;1.92101e-33
0.92;0.98;1.90253e-33
0.92;0.99;1.88379e-33
0.93;-1;1.88653e-33
0.93;-0.99;1.90354e-33
0.93;-0.98;1.92263e-33
0.93;-0.97;1.94958e-33
0.93;-0.96;1.96057e-33
0.93;-0.95;1.99006e-33
0.93;-0.94;2.00576e-33
0.93;-0.93;2.03051e-33
0.93;-0.92;2.05527e-33
0.93;-0.91;2.07257e-33
0.93;-0.9;2.10298e-33
0.93;-0.89;-5.81475e-20
0.93;-0.88;2.14788e-33
0.93;-0.87;2.16407e-33
0.93;-0.86;2.19856e-33
0.93;-0.85;2.21986e-33
0.93;-0.84;2.25119e-33
0.93;-0.83;2.27645e-33
0.93;-0.82;2.30615e-33
0.93;-0.81;2.33653e-33
0.93;-0.8;1.28833e-19
0.93;-0.79;2.39616e-33
0.93;-0.78;2.42389e-33
0.93;-0.77;2.45715e-33
0.93;-0.76;2.48472e-33
0.93;-0.75;2.51537e-33
0.93;-0.74;2.57946e-33
0.93;-0.73;2.57946e-33
0.93;-0.72;2.61794e-33
0.93;-0.71;9.3464e-20
0.93;-0.7;2.69081e-33
0.93;-0.69;2.72324e-33
0.93;-0.68;2.78176e-33
0.93;-0.67;2.85025e-33
0.93;-0.66;2.85025e-33
0.93;-0.65;2.88276e-33
0.93;-0.64;2.92221e-33
0.93;-0.63;2.98766e-33
0.93;-0.62;3.00152e-33
0.93;-0.61;3.05442e-33
0.93;-0.6;3.13791e-33
0.93;-0.59;3.13791e-33
0.93;-0.58;3.18409e-33
0.93;-0.57;3.22687e-33
0.93;-0.56;3.2776e-33
0.93;-0.55;3.35977e-33
0.93;-0.54;3.36755e-33
0.93;-0.53;3.41651e-33
0.93;-0.52;3.46566e-33
0.93;-0.51;3.51769e-33
0.93;-0.5;3.57289e-33
0.93;-0.49;-2.02714e-19
0.93;-0.48;3.68126e-33
0.93;-0.47;3.73403e-33
0.93;-0.46;3.78419e-33
0.93;-0.45;3.83585e-33
0.93;-0.44;3.89381e-33
0.93;-0.43;3.94759e-33
0.93;-0.42;4.00066e-33
0.93;-0.41;4.05412e-33
0.93;-0.4;4.11573e-33
0.93;-0.39;4.17659e-33
0.93;-0.38;4.23697e-33
0.93;-0.37;4.29998e-33
0.93;-0.36;0.000960769
0.93;-0.35;0.00221376
0.93;-0.34;0.00349746
0.93;-0.33;0.00475889
0.93;-0.32;0.00596595
0.93;-0.31;0.00718786
0.93;-0.3;0.00842389
0.93;-0.29;0.00962762
0.93;-0.28;0.0107949
0.93;-0.27;0.0119415
0.93;-0.26;0.0130503
0.93;-0.25;0.014155
0.93;-0.24;0.015196
0.93;-0.23;0.0162098
0.93;-0.22;0.0172173
0.93;-0.21;0.0182107
0.93;-0.2;0.0191663
0.93;-0.19;0.0200663
0.93;-0.18;0.0209143
0.93;-0.17;0.0217486
0.93;-0.16;0.0225261
0.93;-0.15;0.0232753
0.93;-0.14;0.0239908
0.93;-0.13;0.0246723
0.93;-0.12;0.0252715
0.93;-0.11;0.0258312
0.93;-0.1;0.0263525
0.93;-0.09;0.0268226
0.93;-0.08;0.0272521
0.93;-0.07;0.0276403
0.93;-0.06;0.0279793
0.93;-0.05;0.0282505
0.93;-0.04;0.028479
0.93;-0.03;0.0286602
0.93;-0.02;0.0287946
0.93;-0.01;0.0288749
0.93;0;0.0288999
0.93;0.01;0.0288752
0.93;0.02;0.0287933
0.93;0.03;0.0286634
0.93;0.04;0.0284831
0.93;0.05;0.0282428
0.93;0.06;0.0279712
0.93;0.07;0.0276499
0.93;0.08;0.0272634
0.93;0.09;0.0268364
0.93;0.1;0.0263585
0.93;0.11;0.0258361
0.93;0.12;0.0252777
0.93;0.13;0.0246736
0.93;0.14;0.0240033
0.93;0.15;0.0232833
0.93;0.16;0.0225293
0.93;0.17;0.0217475
0.93;0.18;0.0209295
0.93;0.19;0.0200718
0.93;0.2;0.0191626
0.93;0.21;0.0182148
0.93;0.22;0.0172508
0.93;0.23;0.0162446
0.93;0.24;0.0152147
0.93;0.25;0.0141684
0.93;0.26;0.0130494
0.93;0.27;0.0119275
0.93;0.28;0.0107644
0.93;0.29;0.00962312
0.93;0.3;0.00842345
0.93;0.31;0.00719364
0.93;0.32;0.00596792
0.93;0.33;0.00475333
0.93;0.34;0.00349381
0.93;0.35;0.00221007
0.93;0.36;0.000942548
0.93;0.37;4.29337e-33
0.93;0.38;4.23493e-33
0.93;0.39;4.17574e-33
0.93;0.4;4.12152e-33
0.93;0.41;4.07286e-33
0.93;0.42;4.00826e-33
0.93;0.43;3.95001e-33
0.93;0.44;3.89531e-33
0.93;0.45;3.84128e-33
0.93;0.46;3.78701e-33
0.93;0.47;-2.06844e-19
0.93;0.48;3.67868e-33
0.93;0.49;3.62214e-33
0.93;0.5;3.56895e-33
0.93;0.51;3.51727e-33
0.93;0.52;3.47295e-33
0.93;0.53;3.42678e-33
0.93;0.54;3.36929e-33
0.93;0.55;3.32079e-33
0.93;0.56;3.27458e-33
0.93;0.57;3.22781e-33
0.93;0.58;3.21261e-33
0.93;0.59;3.13048e-33
0.93;0.6;3.13048e-33
0.93;0.61;3.05235e-33
0.93;0.62;3.00718e-33
0.93;0.63;2.9678e-33
0.93;0.64;2.9202e-33
0.93;0.65;2.9202e-33
0.93;0.66;2.84664e-33
0.93;0.67;2.84664e-33
0.93;0.68;2.76527e-33
0.93;0.69;2.72187e-33
0.93;0.7;2.71121e-33
0.93;0.71;2.64824e-33
0.93;0.72;2.6191e-33
0.93;0.73;2.582e-33
0.93;0.74;2.55029e-33
0.93;0.75;2.51625e-33
0.93;0.76;2.48596e-33
0.93;0.77;2.45871e-33
0.93;0.78;2.42403e-33
0.93;0.79;2.39511e-33
0.93;0.8;2.36387e-33
0.93;0.81;2.3371e-33
0.93;0.82;2.30613e-33
0.93;0.83;2.27586e-33
0.93;0.84;2.24882e-33
0.93;0.85;2.21527e-33
0.93;0.86;2.19576e-33
0.93;0.87;2.16414e-33
0.93;0.88;5.81003e-20
0.93;0.89;2.11647e-33
0.93;0.9;2.10152e-33
0.93;0.91;2.07254e-33
0.93;0.92;2.05606e-33
0.93;0.93;2.03201e-33
0.93;0.94;2.00797e-33
0.93;0.95;1.99195e-33
0.93;0.96;1.96188e-33
0.93;0.97;1.9506e-33
0.93;0.98;1.92246e-33
0.93;0.99;1.90253e-33
0.94;-1;1.90354e-33
0.94;-0.99;1.92402e-33
0.94;-0.98;1.95097e-33
0.94;-0.97;1.96132e-33
0.94;-0.96;1.99081e-33
0.94;-0.95;2.00576e-33
0.94;-0.94;2.03051e-33
0.94;-0.93;2.05527e-33
0.94;-0.92;2.07182e-33
0.94;-0.91;2.10223e-33
0.94;-0.9;-5.81475e-20
0.94;-0.89;2.1464e-33
0.94;-0.88;2.16156e-33
0.94;-0.87;2.19606e-33
0.94;-0.86;2.21986e-33
0.94;-0.85;2.24799e-33
0.94;-0.84;2.27645e-33
0.94;-0.83;2.30191e-33
0.94;-0.82;2.33653e-33
0.94;-0.81;2.35899e-33
0.94;-0.8;2.39498e-33
0.94;-0.79;2.41786e-33
0.94;-0.78;2.45506e-33
0.94;-0.77;2.47814e-33
0.94;-0.76;2.51403e-33
0.94;-0.75;2.57946e-33
0.94;-0.74;2.57946e-33
0.94;-0.73;2.60869e-33
0.94;-0.72;2.64503e-33
0.94;-0.71;2.68038e-33
0.94;-0.7;2.71231e-33
0.94;-0.69;2.78176e-33
0.94;-0.68;2.85025e-33
0.94;-0.67;2.85025e-33
0.94;-0.66;2.86858e-33
0.94;-0.65;2.91554e-33
0.94;-0.64;2.98766e-33
0.94;-0.63;2.98766e-33
0.94;-0.62;3.0365e-33
0.94;-0.61;3.13791e-33
0.94;-0.6;3.13791e-33
0.94;-0.59;3.16579e-33
0.94;-0.58;3.2104e-33
0.94;-0.57;3.25774e-33
0.94;-0.56;3.35977e-33
0.94;-0.55;3.35977e-33
0.94;-0.54;3.39568e-33
0.94;-0.53;3.44036e-33
0.94;-0.52;3.51308e-33
0.94;-0.51;3.54759e-33
0.94;-0.5;-1.01357e-19
0.94;-0.49;3.6576e-33
0.94;-0.48;3.70815e-33
0.94;-0.47;3.75716e-33
0.94;-0.46;3.81056e-33
0.94;-0.45;2.10987e-19
0.94;-0.44;3.91786e-33
0.94;-0.43;3.97322e-33
0.94;-0.42;4.0246e-33
0.94;-0.41;4.07971e-33
0.94;-0.4;4.14321e-33
0.94;-0.39;4.20181e-33
0.94;-0.38;4.26237e-33
0.94;-0.37;-1.20946e-19
0.94;-0.36;4.37922e-33
0.94;-0.35;4.43427e-33
0.94;-0.34;0.000136267
0.94;-0.33;0.00136065
0.94;-0.32;0.00257593
0.94;-0.31;0.00380587
0.94;-0.3;0.00500101
0.94;-0.29;0.00618237
0.94;-0.28;0.00732866
0.94;-0.27;0.00844864
0.94;-0.26;0.00956277
0.94;-0.25;0.0106236
0.94;-0.24;0.0116787
0.94;-0.23;0.012699
0.94;-0.22;0.0137163
0.94;-0.21;0.0146954
0.94;-0.2;0.0156209
0.94;-0.19;0.0164933
0.94;-0.18;0.0173513
0.94;-0.17;0.0181657
0.94;-0.16;0.0189578
0.94;-0.15;0.019702
0.94;-0.14;0.0204027
0.94;-0.13;0.0210458
0.94;-0.12;0.021659
0.94;-0.11;0.0222073
0.94;-0.1;0.0227278
0.94;-0.09;0.0232023
0.94;-0.08;0.023632
0.94;-0.07;0.0240132
0.94;-0.06;0.0243599
0.94;-0.05;0.0246401
0.94;-0.04;0.0248629
0.94;-0.03;0.0250358
0.94;-0.02;0.0251649
0.94;-0.01;0.0252491
0.94;0;0.0252643
0.94;0.01;0.0252576
0.94;0.02;0.0251735
0.94;0.03;0.0250377
0.94;0.04;0.0248591
0.94;0.05;0.0246274
0.94;0.06;0.0243498
0.94;0.07;0.0240289
0.94;0.08;0.0236368
0.94;0.09;0.0232067
0.94;0.1;0.0227412
0.94;0.11;0.0222153
0.94;0.12;0.0216641
0.94;0.13;0.0210651
0.94;0.14;0.0204031
0.94;0.15;0.0197003
0.94;0.16;0.0189572
0.94;0.17;0.0181707
0.94;0.18;0.0173633
0.94;0.19;0.0165006
0.94;0.2;0.0156029
0.94;0.21;0.0146812
0.94;0.22;0.0137086
0.94;0.23;0.0127152
0.94;0.24;0.0116923
0.94;0.25;0.0106555
0.94;0.26;0.0095792
0.94;0.27;0.00846714
0.94;0.28;0.0073214
0.94;0.29;0.00616153
0.94;0.3;0.00499765
0.94;0.31;0.00380812
0.94;0.32;0.00258908
0.94;0.33;0.00136946
0.94;0.34;0.000138276
0.94;0.35;4.42116e-33
0.94;0.36;4.37116e-33
0.94;0.37;4.31548e-33
0.94;0.38;4.25849e-33
0.94;0.39;4.20076e-33
0.94;0.4;4.14272e-33
0.94;0.41;4.09373e-33
0.94;0.42;4.03719e-33
0.94;0.43;-1.0775e-19
0.94;0.44;3.919e-33
0.94;0.45;3.86712e-33
0.94;0.46;3.81548e-33
0.94;0.47;3.75783e-33
0.94;0.48;3.70663e-33
0.94;0.49;3.6543e-33
0.94;0.5;3.5931e-33
0.94;0.51;3.54526e-33
0.94;0.52;3.51296e-33
0.94;0.53;3.4516e-33
0.94;0.54;3.40232e-33
0.94;0.55;3.35269e-33
0.94;0.56;3.29876e-33
0.94;0.57;3.25627e-33
0.94;0.58;3.21261e-33
0.94;0.59;3.21261e-33
0.94;0.6;3.13048e-33
0.94;0.61;3.13048e-33
0.94;0.62;3.03705e-33
0.94;0.63;2.99534e-33
0.94;0.64;2.95195e-33
0.94;0.65;2.9202e-33
0.94;0.66;2.9202e-33
0.94;0.67;2.84664e-33
0.94;0.68;2.84664e-33
0.94;0.69;2.75382e-33
0.94;0.7;2.71121e-33
0.94;0.71;2.71121e-33
0.94;0.72;2.64522e-33
0.94;0.73;2.61019e-33
0.94;0.74;2.582e-33
0.94;0.75;2.54194e-33
0.94;0.76;2.51492e-33
0.94;0.77;2.47946e-33
0.94;0.78;2.45871e-33
0.94;0.79;2.41774e-33
0.94;0.8;2.39511e-33
0.94;0.81;2.35895e-33
0.94;0.82;2.3371e-33
0.94;0.83;2.3018e-33
0.94;0.84;2.27586e-33
0.94;0.85;2.24539e-33
0.94;0.86;2.21527e-33
0.94;0.87;2.19346e-33
0.94;0.88;2.16184e-33
0.94;0.89;2.14618e-33
0.94;0.9;2.11494e-33
0.94;0.91;2.1008e-33
0.94;0.92;2.07183e-33
0.94;0.93;2.05606e-33
0.94;0.94;2.03201e-33
0.94;0.95;2.00797e-33
0.94;0.96;1.99272e-33
0.94;0.97;1.96265e-33
0.94;0.98;1.95205e-33
0.94;0.99;1.92391e-33
0.95;-1;1.92541e-33
0.95;-0.99;1.95236e-33
0.95;-0.98;1.96207e-33
0.95;-0.97;1.99156e-33
0.95;-0.96;2.00576e-33
0.95;-0.95;2.03051e-33
0.95;-0.94;2.05527e-33
0.95;-0.93;2.07106e-33
0.95;-0.92;2.10147e-33
0.95;-0.91;-5.81475e-20
0.95;-0.9;2.14493e-33
0.95;-0.89;2.16074e-33
0.95;-0.88;2.19355e-33
0.95;-0.87;2.21986e-33
0.95;-0.86;2.24479e-33
0.95;-0.85;2.27645e-33
0.95;-0.84;2.29766e-33
0.95;-0.83;2.33352e-33
0.95;-0.82;-1.28833e-19
0.95;-0.81;2.38992e-33
0.95;-0.8;2.41183e-33
0.95;-0.79;2.44903e-33
0.95;-0.78;2.47157e-33
0.95;-0.77;2.50745e-33
0.95;-0.76;2.57946e-33
0.95;-0.75;2.57946e-33
0.95;-0.74;2.59944e-33
0.95;-0.73;2.64067e-33
0.95;-0.72;2.66995e-33
0.95;-0.71;2.71231e-33
0.95;-0.7;2.78176e-33
0.95;-0.69;2.85025e-33
0.95;-0.68;2.85025e-33
0.95;-0.67;2.85441e-33
0.95;-0.66;2.90136e-33
0.95;-0.65;2.98766e-33
0.95;-0.64;2.98766e-33
0.95;-0.63;3.01859e-33
0.95;-0.62;3.06736e-33
0.95;-0.61;3.13791e-33
0.95;-0.6;3.1475e-33
0.95;-0.59;3.19639e-33
0.95;-0.58;3.23788e-33
0.95;-0.57;3.35977e-33
0.95;-0.56;3.35977e-33
0.95;-0.55;3.37485e-33
0.95;-0.54;3.42381e-33
0.95;-0.53;3.51308e-33
0.95;-0.52;3.52228e-33
0.95;-0.51;3.57748e-33
0.95;-0.5;3.62936e-33
0.95;-0.49;3.68227e-33
0.95;-0.48;3.75088e-33
0.95;-0.47;3.78353e-33
0.95;-0.46;-2.10987e-19
0.95;-0.45;3.89129e-33
0.95;-0.44;3.94349e-33
0.95;-0.43;3.99507e-33
0.95;-0.42;4.04853e-33
0.95;-0.41;4.10719e-33
0.95;-0.4;4.16668e-33
0.95;-0.39;4.22585e-33
0.95;-0.38;4.28778e-33
0.95;-0.37;4.34486e-33
0.95;-0.36;4.39961e-33
0.95;-0.35;4.455e-33
0.95;-0.34;4.50798e-33
0.95;-0.33;2.49985e-19
0.95;-0.32;4.60991e-33
0.95;-0.31;0.000259963
0.95;-0.3;0.00142842
0.95;-0.29;0.00258916
0.95;-0.28;0.0037115
0.95;-0.27;0.00485421
0.95;-0.26;0.00591184
0.95;-0.25;0.00695871
0.95;-0.24;0.00801593
0.95;-0.23;0.00905371
0.95;-0.22;0.010048
0.95;-0.21;0.0109882
0.95;-0.2;0.0118935
0.95;-0.19;0.0127831
0.95;-0.18;0.0136282
0.95;-0.17;0.014444
0.95;-0.16;0.0152168
0.95;-0.15;0.0159492
0.95;-0.14;0.0166346
0.95;-0.13;0.0172816
0.95;-0.12;0.0178812
0.95;-0.11;0.0184405
0.95;-0.1;0.0189564
0.95;-0.09;0.0194321
0.95;-0.08;0.0198612
0.95;-0.07;0.0202357
0.95;-0.06;0.0205651
0.95;-0.05;0.0208603
0.95;-0.04;0.0210789
0.95;-0.03;0.0212422
0.95;-0.02;0.0213661
0.95;-0.01;0.021452
0.95;0;0.021494
0.95;0.01;0.0214509
0.95;0.02;0.0213786
0.95;0.03;0.0212443
0.95;0.04;0.021072
0.95;0.05;0.0208621
0.95;0.06;0.0205815
0.95;0.07;0.0202419
0.95;0.08;0.0198567
0.95;0.09;0.0194262
0.95;0.1;0.0189553
0.95;0.11;0.0184459
0.95;0.12;0.017897
0.95;0.13;0.0172838
0.95;0.14;0.0166429
0.95;0.15;0.0159569
0.95;0.16;0.0152367
0.95;0.17;0.0144566
0.95;0.18;0.0136241
0.95;0.19;0.0127798
0.95;0.2;0.011905
0.95;0.21;0.010984
0.95;0.22;0.0100448
0.95;0.23;0.00903958
0.95;0.24;0.00801806
0.95;0.25;0.00697599
0.95;0.26;0.00593396
0.95;0.27;0.00486727
0.95;0.28;0.00373104
0.95;0.29;0.0025912
0.95;0.3;0.00142566
0.95;0.31;0.000260008
0.95;0.32;4.61948e-33
0.95;0.33;4.55929e-33
0.95;0.34;4.4987e-33
0.95;0.35;4.43971e-33
0.95;0.36;4.39015e-33
0.95;0.37;4.33712e-33
0.95;0.38;4.28206e-33
0.95;0.39;4.22462e-33
0.95;0.4;4.16591e-33
0.95;0.41;4.11493e-33
0.95;0.42;4.06611e-33
0.95;0.43;4.00151e-33
0.95;0.44;3.94573e-33
0.95;0.45;3.89296e-33
0.95;0.46;3.83894e-33
0.95;0.47;3.7863e-33
0.95;0.48;3.73458e-33
0.95;0.49;3.67973e-33
0.95;0.5;3.62526e-33
0.95;0.51;3.58681e-33
0.95;0.52;3.52157e-33
0.95;0.53;3.51296e-33
0.95;0.54;3.43535e-33
0.95;0.55;3.37786e-33
0.95;0.56;3.33065e-33
0.95;0.57;3.28142e-33
0.95;0.58;3.23796e-33
0.95;0.59;3.21261e-33
0.95;0.6;3.21261e-33
0.95;0.61;3.13048e-33
0.95;0.62;3.0634e-33
0.95;0.63;3.02176e-33
0.95;0.64;2.98556e-33
0.95;0.65;2.9361e-33
0.95;0.66;2.9202e-33
0.95;0.67;2.9202e-33
0.95;0.68;2.84664e-33
0.95;0.69;2.77894e-33
0.95;0.7;2.74237e-33
0.95;0.71;2.71121e-33
0.95;0.72;2.71121e-33
0.95;0.73;2.64102e-33
0.95;0.74;2.60127e-33
0.95;0.75;2.57452e-33
0.95;0.76;2.53359e-33
0.95;0.77;2.50843e-33
0.95;0.78;2.47296e-33
0.95;0.79;2.45871e-33
0.95;0.8;2.41145e-33
0.95;0.81;2.39511e-33
0.95;0.82;2.35403e-33
0.95;0.83;2.33403e-33
0.95;0.84;2.29748e-33
0.95;0.85;2.27586e-33
0.95;0.86;2.24197e-33
0.95;0.87;2.21527e-33
0.95;0.88;2.19116e-33
0.95;0.89;2.16109e-33
0.95;0.9;1.16201e-19
0.95;0.91;2.1134e-33
0.95;0.92;2.10008e-33
0.95;0.93;2.07111e-33
0.95;0.94;2.05606e-33
0.95;0.95;2.03201e-33
0.95;0.96;2.00797e-33
0.95;0.97;1.10716e-19
0.95;0.98;1.96341e-33
0.95;0.99;1.9535e-33
0.96;-1;1.9527e-33
0.96;-0.99;1.96282e-33
0.96;-0.98;1.99231e-33
0.96;-0.97;2.00576e-33
0.96;-0.96;2.03051e-33
0.96;-0.95;2.05527e-33
0.96;-0.94;2.07031e-33
0.96;-0.93;2.10072e-33
0.96;-0.92;8.72212e-20
0.96;-0.91;2.14346e-33
0.96;-0.9;2.16074e-33
0.96;-0.89;2.19104e-33
0.96;-0.88;2.21986e-33
0.96;-0.87;2.24159e-33
0.96;-0.86;2.27645e-33
0.96;-0.85;2.29342e-33
0.96;-0.84;2.32928e-33
0.96;-0.83;-1.28833e-19
0.96;-0.82;2.38487e-33
0.96;-0.81;2.4058e-33
0.96;-0.8;2.443e-33
0.96;-0.79;2.46499e-33
0.96;-0.78;2.50088e-33
0.96;-0.77;2.57946e-33
0.96;-0.76;2.57946e-33
0.96;-0.75;2.5902e-33
0.96;-0.74;2.63142e-33
0.96;-0.73;2.65951e-33
0.96;-0.72;2.70223e-33
0.96;-0.71;2.78176e-33
0.96;-0.7;2.85025e-33
0.96;-0.69;2.85025e-33
0.96;-0.68;2.85025e-33
0.96;-0.67;2.88719e-33
0.96;-0.66;2.98766e-33
0.96;-0.65;2.98766e-33
0.96;-0.64;3.00068e-33
0.96;-0.63;3.05358e-33
0.96;-0.62;3.13791e-33
0.96;-0.61;3.13791e-33
0.96;-0.6;3.1781e-33
0.96;-0.59;3.21802e-33
0.96;-0.58;3.26874e-33
0.96;-0.57;3.35977e-33
0.96;-0.56;3.35977e-33
0.96;-0.55;3.40298e-33
0.96;-0.54;3.51308e-33
0.96;-0.53;3.51308e-33
0.96;-0.52;3.55218e-33
0.96;-0.51;3.60112e-33
0.96;-0.5;3.66063e-33
0.96;-0.49;3.75088e-33
0.96;-0.48;3.7565e-33
0.96;-0.47;3.8099e-33
0.96;-0.46;3.86105e-33
0.96;-0.45;3.91375e-33
0.96;-0.44;3.96911e-33
0.96;-0.43;4.01901e-33
0.96;-0.42;4.07117e-33
0.96;-0.41;4.14367e-33
0.96;-0.4;4.1919e-33
0.96;-0.39;4.25018e-33
0.96;-0.38;4.31122e-33
0.96;-0.37;4.36671e-33
0.96;-0.36;4.42034e-33
0.96;-0.35;4.47365e-33
0.96;-0.34;4.52729e-33
0.96;-0.33;4.57514e-33
0.96;-0.32;4.63167e-33
0.96;-0.31;4.69645e-33
0.96;-0.3;4.76226e-33
0.96;-0.29;4.81405e-33
0.96;-0.28;-2.66716e-19
0.96;-0.27;0.00107654
0.96;-0.26;0.00214753
0.96;-0.25;0.00318869
0.96;-0.24;0.00424562
0.96;-0.23;0.00525876
0.96;-0.22;0.00620634
0.96;-0.21;0.00712584
0.96;-0.2;0.00802883
0.96;-0.19;0.00890977
0.96;-0.18;0.00975686
0.96;-0.17;0.0105717
0.96;-0.16;0.0113109
0.96;-0.15;0.0120339
0.96;-0.14;0.0127134
0.96;-0.13;0.0133606
0.96;-0.12;0.0139523
0.96;-0.11;0.0145177
0.96;-0.1;0.0150339
0.96;-0.09;0.0155077
0.96;-0.08;0.0159333
0.96;-0.07;0.0162978
0.96;-0.06;0.016611
0.96;-0.05;0.0168795
0.96;-0.04;0.0170919
0.96;-0.03;0.0172689
0.96;-0.02;0.0173989
0.96;-0.01;0.0174723
0.96;0;0.0174965
0.96;0.01;0.0174728
0.96;0.02;0.0173943
0.96;0.03;0.0172794
0.96;0.04;0.0171102
0.96;0.05;0.0168979
0.96;0.06;0.0166007
0.96;0.07;0.0162867
0.96;0.08;0.0159134
0.96;0.09;0.0154872
0.96;0.1;0.0150214
0.96;0.11;0.0145144
0.96;0.12;0.0139644
0.96;0.13;0.013364
0.96;0.14;0.0127109
0.96;0.15;0.0120369
0.96;0.16;0.011335
0.96;0.17;0.0105776
0.96;0.18;0.00975302
0.96;0.19;0.00890529
0.96;0.2;0.0080312
0.96;0.21;0.00713153
0.96;0.22;0.00620425
0.96;0.23;0.00524857
0.96;0.24;0.00423179
0.96;0.25;0.00319313
0.96;0.26;0.00214917
0.96;0.27;0.00107946
0.96;0.28;4.87388e-33
0.96;0.29;4.81557e-33
0.96;0.3;4.75415e-33
0.96;0.31;4.6958e-33
0.96;0.32;4.63865e-33
0.96;0.33;4.58041e-33
0.96;0.34;4.52078e-33
0.96;0.35;4.45946e-33
0.96;0.36;4.4087e-33
0.96;0.37;4.35876e-33
0.96;0.38;4.3038e-33
0.96;0.39;4.24718e-33
0.96;0.4;4.19093e-33
0.96;0.41;4.13613e-33
0.96;0.42;4.08715e-33
0.96;0.43;4.03044e-33
0.96;0.44;3.97246e-33
0.96;0.45;3.91471e-33
0.96;0.46;3.86477e-33
0.96;0.47;3.83184e-33
0.96;0.48;3.75712e-33
0.96;0.49;3.70768e-33
0.96;0.5;3.65741e-33
0.96;0.51;3.59622e-33
0.96;0.52;3.58681e-33
0.96;0.53;3.51296e-33
0.96;0.54;3.51296e-33
0.96;0.55;3.41089e-33
0.96;0.56;3.36016e-33
0.96;0.57;3.30861e-33
0.96;0.58;3.26642e-33
0.96;0.59;3.21965e-33
0.96;0.6;3.21261e-33
0.96;0.61;3.21261e-33
0.96;0.62;3.13048e-33
0.96;0.63;3.05163e-33
0.96;0.64;3.00646e-33
0.96;0.65;2.96972e-33
0.96;0.66;2.92026e-33
0.96;0.67;2.9202e-33
0.96;0.68;2.9202e-33
0.96;0.69;2.84664e-33
0.96;0.7;2.77432e-33
0.96;0.71;2.73092e-33
0.96;0.72;2.71121e-33
0.96;0.73;2.71121e-33
0.96;0.74;2.63211e-33
0.96;0.75;2.59235e-33
0.96;0.76;2.56617e-33
0.96;0.77;2.52524e-33
0.96;0.78;2.50193e-33
0.96;0.79;2.46646e-33
0.96;0.8;2.45871e-33
0.96;0.81;2.40517e-33
0.96;0.82;2.39511e-33
0.96;0.83;2.34912e-33
0.96;0.84;2.3297e-33
0.96;0.85;2.29315e-33
0.96;0.86;2.2743e-33
0.96;0.87;2.23854e-33
0.96;0.88;2.21527e-33
0.96;0.89;2.18886e-33
0.96;0.9;2.16109e-33
0.96;0.91;2.14312e-33
0.96;0.92;2.11187e-33
0.96;0.93;2.09936e-33
0.96;0.94;2.07039e-33
0.96;0.95;2.05606e-33
0.96;0.96;2.03201e-33
0.96;0.97;2.00797e-33
0.96;0.98;1.99425e-33
0.96;0.99;1.96418e-33
0.97;-1;1.96358e-33
0.97;-0.99;1.99306e-33
0.97;-0.98;2.00576e-33
0.97;-0.97;2.03051e-33
0.97;-0.96;2.05527e-33
0.97;-0.95;2.06955e-33
0.97;-0.94;2.09996e-33
0.97;-0.93;5.81475e-20
0.97;-0.92;2.14198e-33
0.97;-0.91;2.16074e-33
0.97;-0.9;2.18853e-33
0.97;-0.89;2.21986e-33
0.97;-0.88;2.23839e-33
0.97;-0.87;2.27645e-33
0.97;-0.86;2.28917e-33
0.97;-0.85;2.32503e-33
0.97;-0.84;2.34383e-33
0.97;-0.83;2.37981e-33
0.97;-0.82;2.39977e-33
0.97;-0.81;2.43697e-33
0.97;-0.8;2.45841e-33
0.97;-0.79;2.4943e-33
0.97;-0.78;2.57946e-33
0.97;-0.77;2.57946e-33
0.97;-0.76;2.58095e-33
0.97;-0.75;2.62218e-33
0.97;-0.74;2.64908e-33
0.97;-0.73;2.69179e-33
0.97;-0.72;2.78176e-33
0.97;-0.71;2.85025e-33
0.97;-0.7;2.85025e-33
0.97;-0.69;2.84027e-33
0.97;-0.68;2.87302e-33
0.97;-0.67;2.91997e-33
0.97;-0.66;2.98766e-33
0.97;-0.65;2.98766e-33
0.97;-0.64;3.03567e-33
0.97;-0.63;3.13791e-33
0.97;-0.62;3.1223e-33
0.97;-0.61;3.1598e-33
0.97;-0.6;3.28501e-33
0.97;-0.59;3.24889e-33
0.97;-0.58;3.35977e-33
0.97;-0.57;3.34111e-33
0.97;-0.56;3.38215e-33
0.97;-0.55;3.51308e-33
0.97;-0.54;3.51308e-33
0.97;-0.53;3.52687e-33
0.97;-0.52;3.58208e-33
0.97;-0.51;3.63239e-33
0.97;-0.5;3.75088e-33
0.97;-0.49;3.75088e-33
0.97;-0.48;3.78287e-33
0.97;-0.47;3.83081e-33
0.97;-0.46;3.88877e-33
0.97;-0.45;3.93938e-33
0.97;-0.44;3.98948e-33
0.97;-0.43;4.05672e-33
0.97;-0.42;4.14367e-33
0.97;-0.41;4.15678e-33
0.97;-0.4;4.22585e-33
0.97;-0.39;4.27558e-33
0.97;-0.38;4.33235e-33
0.97;-0.37;4.387e-33
0.97;-0.36;4.44107e-33
0.97;-0.35;4.49296e-33
0.97;-0.34;-1.24993e-19
0.97;-0.33;4.59191e-33
0.97;-0.32;4.65342e-33
0.97;-0.31;4.71738e-33
0.97;-0.3;4.77922e-33
0.97;-0.29;4.82928e-33
0.97;-0.28;4.87884e-33
0.97;-0.27;-2.70353e-19
0.97;-0.26;4.97262e-33
0.97;-0.25;5.02099e-33
0.97;-0.24;0.000300656
0.97;-0.23;0.00126432
0.97;-0.22;0.00221028
0.97;-0.21;0.00313423
0.97;-0.2;0.00404748
0.97;-0.19;0.00491195
0.97;-0.18;0.00573412
0.97;-0.17;0.00651585
0.97;-0.16;0.00726821
0.97;-0.15;0.00797935
0.97;-0.14;0.00866527
0.97;-0.13;0.00928903
0.97;-0.12;0.00987964
0.97;-0.11;0.0104373
0.97;-0.1;0.0109444
0.97;-0.09;0.011397
0.97;-0.08;0.0118067
0.97;-0.07;0.0121695
0.97;-0.06;0.0124666
0.97;-0.05;0.0127356
0.97;-0.04;0.0129624
0.97;-0.03;0.013139
0.97;-0.02;0.0132567
0.97;-0.01;0.0133262
0.97;0;0.0133519
0.97;0.01;0.0133326
0.97;0.02;0.0132538
0.97;0.03;0.013128
0.97;0.04;0.0129648
0.97;0.05;0.0127575
0.97;0.06;0.0124844
0.97;0.07;0.0121567
0.97;0.08;0.0117847
0.97;0.09;0.0113765
0.97;0.1;0.0109407
0.97;0.11;0.0104336
0.97;0.12;0.00987096
0.97;0.13;0.00928908
0.97;0.14;0.00864757
0.97;0.15;0.00798063
0.97;0.16;0.00726678
0.97;0.17;0.00651809
0.97;0.18;0.00574394
0.97;0.19;0.00492285
0.97;0.2;0.00404928
0.97;0.21;0.00313596
0.97;0.22;0.00220948
0.97;0.23;0.00126107
0.97;0.24;0.000295931
0.97;0.25;5.03143e-33
0.97;0.26;4.97661e-33
0.97;0.27;4.93551e-33
0.97;0.28;4.88989e-33
0.97;0.29;4.83455e-33
0.97;0.3;4.77215e-33
0.97;0.31;4.71436e-33
0.97;0.32;2.58315e-19
0.97;0.33;4.60154e-33
0.97;0.34;4.54046e-33
0.97;0.35;4.48154e-33
0.97;0.36;4.42725e-33
0.97;0.37;4.37886e-33
0.97;0.38;4.32473e-33
0.97;0.39;4.27074e-33
0.97;0.4;4.21596e-33
0.97;0.41;4.15608e-33
0.97;0.42;4.10834e-33
0.97;0.43;4.05936e-33
0.97;0.44;3.99476e-33
0.97;0.45;3.94145e-33
0.97;0.46;3.89061e-33
0.97;0.47;3.83659e-33
0.97;0.48;3.83184e-33
0.97;0.49;3.73563e-33
0.97;0.5;3.68077e-33
0.97;0.51;3.62837e-33
0.97;0.52;3.57755e-33
0.97;0.53;3.58681e-33
0.97;0.54;3.51296e-33
0.97;0.55;3.51296e-33
0.97;0.56;3.38644e-33
0.97;0.57;3.34051e-33
0.97;0.58;3.28658e-33
0.97;0.59;3.24811e-33
0.97;0.6;3.21069e-33
0.97;0.61;3.21261e-33
0.97;0.62;3.21261e-33
0.97;0.63;3.13048e-33
0.97;0.64;3.03634e-33
0.97;0.65;2.99534e-33
0.97;0.66;2.95387e-33
0.97;0.67;2.9179e-33
0.97;0.68;2.9202e-33
0.97;0.69;2.9202e-33
0.97;0.7;2.84664e-33
0.97;0.71;2.76287e-33
0.97;0.72;2.71947e-33
0.97;0.73;2.71121e-33
0.97;0.74;2.71121e-33
0.97;0.75;2.62319e-33
0.97;0.76;2.58343e-33
0.97;0.77;2.55782e-33
0.97;0.78;2.51689e-33
0.97;0.79;2.49543e-33
0.97;0.8;2.45997e-33
0.97;0.81;2.45871e-33
0.97;0.82;2.39888e-33
0.97;0.83;2.39511e-33
0.97;0.84;2.3442e-33
0.97;0.85;2.32538e-33
0.97;0.86;2.28882e-33
0.97;0.87;2.27088e-33
0.97;0.88;2.23511e-33
0.97;0.89;2.21527e-33
0.97;0.9;2.18656e-33
0.97;0.91;2.16109e-33
0.97;0.92;1.16201e-19
0.97;0.93;2.11034e-33
0.97;0.94;2.09864e-33
0.97;0.95;2.06967e-33
0.97;0.96;2.05606e-33
0.97;0.97;2.03201e-33
0.97;0.98;2.00797e-33
0.97;0.99;1.99501e-33
0.98;-1;1.99381e-33
0.98;-0.99;2.00576e-33
0.98;-0.98;2.03051e-33
0.98;-0.97;2.05527e-33
0.98;-0.96;2.0688e-33
0.98;-0.95;2.09921e-33
0.98;-0.94;-1.01758e-19
0.98;-0.93;2.14051e-33
0.98;-0.92;2.16074e-33
0.98;-0.91;2.18603e-33
0.98;-0.9;2.21986e-33
0.98;-0.89;2.23519e-33
0.98;-0.88;2.27645e-33
0.98;-0.87;2.28493e-33
0.98;-0.86;2.32079e-33
0.98;-0.85;-9.66245e-20
0.98;-0.84;2.37476e-33
0.98;-0.83;2.39616e-33
0.98;-0.82;2.43094e-33
0.98;-0.81;2.51537e-33
0.98;-0.8;2.48772e-33
0.98;-0.79;2.51537e-33
0.98;-0.78;2.57946e-33
0.98;-0.77;2.57946e-33
0.98;-0.76;2.61293e-33
0.98;-0.75;2.71231e-33
0.98;-0.74;2.68136e-33
0.98;-0.73;2.71231e-33
0.98;-0.72;2.85025e-33
0.98;-0.71;2.85025e-33
0.98;-0.7;2.82773e-33
0.98;-0.69;2.85884e-33
0.98;-0.68;2.90579e-33
0.98;-0.67;2.98766e-33
0.98;-0.66;2.98081e-33
0.98;-0.65;3.01775e-33
0.98;-0.64;3.06736e-33
0.98;-0.63;3.10546e-33
0.98;-0.62;3.14151e-33
0.98;-0.61;3.28501e-33
0.98;-0.6;3.22903e-33
0.98;-0.59;3.27975e-33
0.98;-0.58;3.32019e-33
0.98;-0.57;3.36132e-33
0.98;-0.56;3.41028e-33
0.98;-0.55;3.51308e-33
0.98;-0.54;3.51086e-33
0.98;-0.53;3.55677e-33
0.98;-0.52;3.60415e-33
0.98;-0.51;3.66366e-33
0.98;-0.5;3.75088e-33
0.98;-0.49;3.75584e-33
0.98;-0.48;3.90645e-33
0.98;-0.47;3.85853e-33
0.98;-0.46;3.90965e-33
0.98;-0.45;3.96501e-33
0.98;-0.44;4.05672e-33
0.98;-0.43;4.14367e-33
0.98;-0.42;4.14367e-33
0.98;-0.41;4.22585e-33
0.98;-0.4;4.23798e-33
0.98;-0.39;4.30099e-33
0.98;-0.38;4.35419e-33
0.98;-0.37;4.40642e-33
0.98;-0.36;4.46132e-33
0.98;-0.35;4.51227e-33
0.98;-0.34;-2.49985e-19
0.98;-0.33;4.60962e-33
0.98;-0.32;4.67518e-33
0.98;-0.31;4.7383e-33
0.98;-0.3;4.79445e-33
0.98;-0.29;-2.00037e-19
0.98;-0.28;4.89349e-33
0.98;-0.27;4.93916e-33
0.98;-0.26;4.98536e-33
0.98;-0.25;5.03654e-33
0.98;-0.24;5.10782e-33
0.98;-0.23;5.14545e-33
0.98;-0.22;5.1758e-33
0.98;-0.21;-1.45397e-19
0.98;-0.2;5.27229e-33
0.98;-0.19;0.000741711
0.98;-0.18;0.00154691
0.98;-0.17;0.00232586
0.98;-0.16;0.0030656
0.98;-0.15;0.00377577
0.98;-0.14;0.00443274
0.98;-0.13;0.00505909
0.98;-0.12;0.00564616
0.98;-0.11;0.00617803
0.98;-0.1;0.00665617
0.98;-0.09;0.0071072
0.98;-0.08;0.00751718
0.98;-0.07;0.00787106
0.98;-0.06;0.00817829
0.98;-0.05;0.0084512
0.98;-0.04;0.00867553
0.98;-0.03;0.0088396
0.98;-0.02;0.00895702
0.98;-0.01;0.00902811
0.98;0;0.00905137
0.98;0.01;0.00903296
0.98;0.02;0.00895539
0.98;0.03;0.00882986
0.98;0.04;0.00866595
0.98;0.05;0.00845807
0.98;0.06;0.00819036
0.98;0.07;0.0078739
0.98;0.08;0.00750926
0.98;0.09;0.00709857
0.98;0.1;0.00666887
0.98;0.11;0.00616636
0.98;0.12;0.00563226
0.98;0.13;0.00505707
0.98;0.14;0.00443733
0.98;0.15;0.00377698
0.98;0.16;0.0030569
0.98;0.17;0.00231835
0.98;0.18;0.0015363
0.98;0.19;0.000744035
0.98;0.2;1.45464e-19
0.98;0.21;5.21519e-33
0.98;0.22;5.17542e-33
0.98;0.23;5.13908e-33
0.98;0.24;1.3888e-19
0.98;0.25;5.04464e-33
0.98;0.26;4.99105e-33
0.98;0.27;-2.71081e-19
0.98;0.28;4.90591e-33
0.98;0.29;4.85078e-33
0.98;0.3;4.79113e-33
0.98;0.31;2.62534e-19
0.98;0.32;4.67699e-33
0.98;0.33;4.61923e-33
0.98;0.34;4.56159e-33
0.98;0.35;4.50361e-33
0.98;0.36;4.44536e-33
0.98;0.37;4.39624e-33
0.98;0.38;4.37886e-33
0.98;0.39;4.29431e-33
0.98;0.4;4.23587e-33
0.98;0.41;4.1811e-33
0.98;0.42;4.12954e-33
0.98;0.43;4.08056e-33
0.98;0.44;4.02368e-33
0.98;0.45;3.96818e-33
0.98;0.46;3.91043e-33
0.98;0.47;3.86243e-33
0.98;0.48;3.81405e-33
0.98;0.49;3.83184e-33
0.98;0.5;3.70872e-33
0.98;0.51;3.75106e-33
0.98;0.52;3.59933e-33
0.98;0.53;3.55386e-33
0.98;0.54;3.58681e-33
0.98;0.55;3.51296e-33
0.98;0.56;3.41947e-33
0.98;0.57;3.36198e-33
0.98;0.58;3.31847e-33
0.98;0.59;3.27657e-33
0.98;0.6;3.22979e-33
0.98;0.61;3.18996e-33
0.98;0.62;3.21261e-33
0.98;0.63;3.21261e-33
0.98;0.64;3.0634e-33
0.98;0.65;3.02104e-33
0.98;0.66;2.98748e-33
0.98;0.67;2.93802e-33
0.98;0.68;2.90341e-33
0.98;0.69;2.9202e-33
0.98;0.7;2.9202e-33
0.98;0.71;2.84664e-33
0.98;0.72;2.75142e-33
0.98;0.73;2.71121e-33
0.98;0.74;2.71121e-33
0.98;0.75;2.64522e-33
0.98;0.76;2.61427e-33
0.98;0.77;2.582e-33
0.98;0.78;2.54947e-33
0.98;0.79;2.51625e-33
0.98;0.8;2.48893e-33
0.98;0.81;2.45871e-33
0.98;0.82;2.45871e-33
0.98;0.83;2.39511e-33
0.98;0.84;2.39511e-33
0.98;0.85;2.33928e-33
0.98;0.86;2.32105e-33
0.98;0.87;2.28449e-33
0.98;0.88;2.26745e-33
0.98;0.89;2.23169e-33
0.98;0.9;2.21527e-33
0.98;0.91;2.18427e-33
0.98;0.92;2.16109e-33
0.98;0.93;-1.16201e-19
0.98;0.94;2.10881e-33
0.98;0.95;2.09792e-33
0.98;0.96;2.06895e-33
0.98;0.97;2.05606e-33
0.98;0.98;2.03201e-33
0.98;0.99;2.00797e-33
0.99;-1;2.00576e-33
0.99;-0.99;2.03051e-33
0.99;-0.98;2.05527e-33
0.99;-0.97;2.06804e-33
0.99;-0.96;2.09845e-33
0.99;-0.95;1.05392e-19
0.99;-0.94;2.13904e-33
0.99;-0.93;2.16074e-33
0.99;-0.92;2.18352e-33
0.99;-0.91;2.21801e-33
0.99;-0.9;2.23199e-33
0.99;-0.89;2.27645e-33
0.99;-0.88;2.28068e-33
0.99;-0.87;2.31654e-33
0.99;-0.86;2.33653e-33
0.99;-0.85;2.3697e-33
0.99;-0.84;2.39616e-33
0.99;-0.83;2.42491e-33
0.99;-0.82;2.51537e-33
0.99;-0.81;2.48115e-33
0.99;-0.8;2.51537e-33
0.99;-0.79;2.57946e-33
0.99;-0.78;2.57946e-33
0.99;-0.77;2.60368e-33
0.99;-0.76;2.71231e-33
0.99;-0.75;2.67093e-33
0.99;-0.74;2.71231e-33
0.99;-0.73;2.85025e-33
0.99;-0.72;2.85025e-33
0.99;-0.71;2.81519e-33
0.99;-0.7;2.85025e-33
0.99;-0.69;2.89162e-33
0.99;-0.68;2.98766e-33
0.99;-0.67;2.96701e-33
0.99;-0.66;2.99984e-33
0.99;-0.65;3.05274e-33
0.99;-0.64;3.08863e-33
0.99;-0.63;3.13584e-33
0.99;-0.62;3.28501e-33
0.99;-0.61;3.35977e-33
0.99;-0.6;3.25989e-33
0.99;-0.59;3.29927e-33
0.99;-0.58;3.35047e-33
0.99;-0.57;3.38945e-33
0.99;-0.56;3.51308e-33
0.99;-0.55;3.48556e-33
0.99;-0.54;3.53147e-33
0.99;-0.53;3.58667e-33
0.99;-0.52;3.63542e-33
0.99;-0.51;3.75088e-33
0.99;-0.5;3.73705e-33
0.99;-0.49;3.90645e-33
0.99;-0.48;3.82829e-33
0.99;-0.47;3.88625e-33
0.99;-0.46;3.93527e-33
0.99;-0.45;4.05672e-33
0.99;-0.44;4.14367e-33
0.99;-0.43;4.14367e-33
0.99;-0.42;4.22585e-33
0.99;-0.41;4.22585e-33
0.99;-0.4;4.26338e-33
0.99;-0.39;4.31984e-33
0.99;-0.38;4.37604e-33
0.99;-0.37;4.46132e-33
0.99;-0.36;4.47795e-33
0.99;-0.35;4.53159e-33
0.99;-0.34;4.57697e-33
0.99;-0.33;4.63138e-33
0.99;-0.32;2.63042e-19
0.99;-0.31;4.75923e-33
0.99;-0.3;4.80967e-33
0.99;-0.29;2.66716e-19
0.99;-0.28;1.35177e-19
0.99;-0.27;4.9519e-33
0.99;-0.26;4.99811e-33
0.99;-0.25;5.05436e-33
0.99;-0.24;7.05488e-20
0.99;-0.23;5.15316e-33
0.99;-0.22;5.18227e-33
0.99;-0.21;5.22515e-33
0.99;-0.2;5.28167e-33
0.99;-0.19;5.32745e-33
0.99;-0.18;5.36916e-33
0.99;-0.17;5.41383e-33
0.99;-0.16;-1.51506e-19
0.99;-0.15;5.4965e-33
0.99;-0.14;6.08989e-05
0.99;-0.13;0.000656294
0.99;-0.12;0.00121832
0.99;-0.11;0.00174482
0.99;-0.1;0.00223057
0.99;-0.09;0.0026749
0.99;-0.08;0.00307598
0.99;-0.07;0.00342027
0.99;-0.06;0.00373932
0.99;-0.05;0.0040131
0.99;-0.04;0.00421938
0.99;-0.03;0.00438314
0.99;-0.02;0.0045015
0.99;-0.01;0.00457509
0.99;0;0.0045949
0.99;0.01;0.00457581
0.99;0.02;0.00450047
0.99;0.03;0.00437973
0.99;0.04;0.0042152
0.99;0.05;0.00400682
0.99;0.06;0.00373909
0.99;0.07;0.00342734
0.99;0.08;0.00307361
0.99;0.09;0.00266975
0.99;0.1;0.00223942
0.99;0.11;0.00175176
0.99;0.12;0.00121522
0.99;0.13;0.000657214
0.99;0.14;6.09279e-05
0.99;0.15;5.49885e-33
0.99;0.16;5.44338e-33
0.99;0.17;5.39839e-33
0.99;0.18;5.36663e-33
0.99;0.19;7.37317e-20
0.99;0.2;5.28597e-33
0.99;0.21;5.22772e-33
0.99;0.22;5.18281e-33
0.99;0.23;5.14879e-33
0.99;0.24;5.10776e-33
0.99;0.25;5.05771e-33
0.99;0.26;5.00549e-33
0.99;0.27;-1.35541e-19
0.99;0.28;4.91862e-33
0.99;0.29;4.8668e-33
0.99;0.3;4.81011e-33
0.99;0.31;4.75146e-33
0.99;0.32;4.69312e-33
0.99;0.33;4.6384e-33
0.99;0.34;4.58271e-33
0.99;0.35;4.52726e-33
0.99;0.36;4.46437e-33
0.99;0.37;4.41479e-33
0.99;0.38;4.37886e-33
0.99;0.39;4.37886e-33
0.99;0.4;4.25943e-33
0.99;0.41;4.20612e-33
0.99;0.42;4.14624e-33
0.99;0.43;4.10175e-33
0.99;0.44;4.05261e-33
0.99;0.45;3.98801e-33
0.99;0.46;3.93716e-33
0.99;0.47;3.98706e-33
0.99;0.48;3.83424e-33
0.99;0.49;3.78487e-33
0.99;0.5;3.73667e-33
0.99;0.51;3.68182e-33
0.99;0.52;3.75106e-33
0.99;0.53;3.58185e-33
0.99;0.54;3.53017e-33
0.99;0.55;3.58681e-33
0.99;0.56;3.51296e-33
0.99;0.57;3.39501e-33
0.99;0.58;3.35037e-33
0.99;0.59;3.29644e-33
0.99;0.6;3.25826e-33
0.99;0.61;3.21261e-33
0.99;0.62;3.16923e-33
0.99;0.63;3.21261e-33
0.99;0.64;3.21261e-33
0.99;0.65;3.05092e-33
0.99;0.66;3.00574e-33
0.99;0.67;2.97163e-33
0.99;0.68;2.92218e-33
0.99;0.69;2.88892e-33
0.99;0.7;2.9202e-33
0.99;0.71;2.9202e-33
0.99;0.72;2.77894e-33
0.99;0.73;2.73997e-33
0.99;0.74;2.71121e-33
0.99;0.75;2.71121e-33
0.99;0.76;2.64511e-33
0.99;0.77;2.60535e-33
0.99;0.78;2.582e-33
0.99;0.79;2.54112e-33
0.99;0.8;2.51625e-33
0.99;0.81;2.48243e-33
0.99;0.82;2.51625e-33
0.99;0.83;2.45871e-33
0.99;0.84;2.39511e-33
0.99;0.85;2.39511e-33
0.99;0.86;2.3371e-33
0.99;0.87;2.31672e-33
0.99;0.88;2.28017e-33
0.99;0.89;2.26402e-33
0.99;0.9;2.22826e-33
0.99;0.91;2.21358e-33
0.99;0.92;2.18197e-33
0.99;0.93;2.16109e-33
0.99;0.94;-1.16201e-19
0.99;0.95;2.10728e-33
0.99;0.96;2.0972e-33
0.99;0.97;2.06823e-33
0.99;0.98;2.05606e-33
0.99;0.99;2.03201e-33
